2.2311,-0.00010524,0
2.2317,-0.00022928,0
2.2322,-0.00033519,0
2.2327,-0.00036323,0
2.2332,-0.00032193,0
2.2337,-0.00024187,0
2.2342,-0.00015593,0
2.2348,-5.2201e-05,0
2.2353,8.3589e-05,0
2.2358,0.00020931,0
2.2363,0.00028249,0
2.2368,0.00029491,0
2.2374,0.00027745,0
2.2379,0.00026033,0
2.2384,0.00021736,0
2.2389,0.00012505,0
2.2394,3.5416e-05,0
2.24,-1.4939e-05,0
2.2405,-3.4073e-05,0
2.241,-1.3596e-05,0
2.2415,3.4241e-05,0
2.242,9.4835e-05,0
2.2426,0.00016332,0
2.2431,0.00016886,0
2.2436,3.5584e-05,0
2.2441,-0.00021317,0
2.2446,-0.00041056,0
2.2452,-0.00041425,0
2.2457,-0.00023902,0
2.2462,-2.2324e-05,0
2.2467,9.1142e-05,0
2.2472,7.5364e-05,0
2.2477,3.7263e-05,0
2.2483,5.6901e-05,0
2.2488,0.0001279,0
2.2493,0.00023482,0
2.2498,0.00030918,0
2.2503,0.00029088,0
2.2509,0.00018917,0
2.2514,5.7908e-05,0
2.2519,-3.5584e-05,0
2.2524,-4.918e-05,0
2.2529,4.5319e-06,0
2.2535,7.0161e-05,0
2.254,0.00010658,0
2.2545,0.00010289,0
2.255,7.7043e-05,0
2.2555,4.2466e-05,0
2.2561,6.8818e-06,0
2.2566,1.4939e-05,0
2.2571,7.6707e-05,0
2.2576,9.752e-05,0
2.2581,2.1988e-05,0
2.2587,-7.1e-05,0
2.2592,-8.3421e-05,0
2.2597,-4.8173e-05,0
2.2602,-3.2395e-05,0
2.2607,-5.0523e-05,0
2.2612,-6.9993e-05,0
2.2618,-5.6397e-05,0
2.2623,-5.539e-06,0
2.2628,3.3402e-05,0
2.2633,2.7863e-05,0
2.2638,-1.4267e-05,0
2.2644,-5.1194e-05,0
2.2649,-6.2776e-05,0
2.2654,-6.1601e-05,0
2.2659,-4.5823e-05,0
2.2664,-2.4338e-05,0
2.267,3.357e-07,0
2.2675,1.5442e-05,0
2.268,-5.539e-06,0
2.2685,-5.2201e-05,0
2.269,-8.6778e-05,0
2.2696,-9.5506e-05,0
2.2701,-0.00011666,0
2.2706,-0.0001274,0
2.2711,-5.0187e-05,0
2.2716,6.6972e-05,0
2.2722,0.00012404,0
2.2727,0.00011565,0
2.2732,0.00010188,0
2.2737,0.00010776,0
2.2742,0.00014888,0
2.2748,0.00023885,0
2.2753,0.00033721,0
2.2758,0.00036675,0
2.2763,0.00028148,0
2.2768,0.00012572,0
2.2773,1.4939e-05,0
2.2779,-1.1078e-05,0
2.2784,-5.8747e-06,0
2.2789,-9.9031e-06,0
2.2794,-2.4674e-05,0
2.2799,-1.9806e-05,0
2.2805,1.6953e-05,0
2.281,6.63e-05,0
2.2815,0.00011196,0
2.282,0.00014821,0
2.2825,0.00017003,0
2.2831,0.00015828,0
2.2836,0.00012656,0
2.2841,0.00011649,0
2.2846,0.0001185,0
2.2851,5.7908e-05,0
2.2857,-0.0001284,0
2.2862,-0.00031908,0
2.2867,-0.00032647,0
2.2872,-0.00018564,0
2.2877,-7.4189e-05,0
2.2883,-8.3757e-05,0
2.2888,-0.00015895,0
2.2893,-0.00020696,0
2.2898,-0.00019152,0
2.2903,-0.00011666,0
2.2908,-3.5248e-06,0
2.2914,9.9031e-05,0
2.2919,0.00013915,0
2.2924,0.00012052,0
2.2929,9.6178e-05,0
2.2934,8.7785e-05,0
2.294,8.4764e-05,0
2.2945,8.3421e-05,0
2.295,8.896e-05,0
2.2955,8.9128e-05,0
2.296,7.0665e-05,0
2.2966,4.6159e-05,0
2.2971,2.8031e-05,0
2.2976,1.8631e-05,0
2.2981,1.561e-05,0
2.2986,1.6953e-05,0
2.2992,-4.5319e-06,0
2.2997,-6.865e-05,0
2.3002,-0.00012874,0
2.3007,-0.00015073,0
2.3012,-0.00013394,0
2.3018,-7.1336e-05,0
2.3023,7.4022e-05,0
2.3028,0.0002177,0
2.3033,0.00022945,0
2.3038,0.00010491,0
2.3043,-1.8296e-05,0
2.3049,-3.8437e-05,0
2.3054,7.2175e-06,0
2.3059,4.7166e-05,0
2.3064,6.6972e-05,0
2.3069,9.2821e-05,0
2.3075,0.00012035,0
2.308,8.2918e-05,0
2.3085,-2.182e-05,0
2.309,-7.4693e-05,0
2.3095,-8.2246e-06,0
2.3101,9.366e-05,0
2.3106,9.5171e-05,0
2.3111,-1.9303e-05,0
2.3116,-0.00013613,0
2.3121,-0.00016399,0
2.3127,-9.2317e-05,0
2.3132,1.5274e-05,0
2.3137,5.5222e-05,0
2.3142,-1.7456e-05,0
2.3147,-0.00010491,0
2.3152,-9.4835e-05,0
2.3158,-1.9638e-05,0
2.3163,2.2324e-05,0
2.3168,1.1917e-05,0
2.3173,2.3163e-05,0
2.3178,9.4835e-05,0
2.3184,0.0001989,0
2.3189,0.00026033,0
2.3194,0.00024825,0
2.3199,0.000213,0
2.3204,0.00017775,0
2.321,0.00014083,0
2.3215,9.9535e-05,0
2.322,4.918e-05,0
2.3225,7.5532e-06,0
2.323,-1.5946e-05,0
2.3236,-5.2201e-05,0
2.3241,-0.00010524,0
2.3246,-0.00013713,0
2.3251,-0.00011397,0
2.3256,-4.9012e-05,0
2.3262,5.2033e-06,0
2.3267,6.8818e-06,0
2.3272,-3.9109e-05,0
2.3277,-8.0735e-05,0
2.3282,-7.6707e-05,0
2.3287,-3.9109e-05,0
2.3293,-6.5461e-06,0
2.3298,5.0355e-06,0
2.3303,-1.8463e-06,0
2.3308,-5.539e-06,0
2.3313,2.8534e-05,0
2.3319,9.9199e-05,0
2.3324,0.00015627,0
2.3329,0.00016265,0
2.3334,0.00013075,0
2.3339,8.7785e-05,0
2.3345,4.2802e-05,0
2.335,2.3499e-06,0
2.3355,-3.122e-05,0
2.336,-5.4719e-05,0
2.3365,-3.2898e-05,0
2.3371,2.9374e-05,0
2.3376,4.4816e-05,0
2.3381,-3.3402e-05,0
2.3386,-0.00015325,0
2.3391,-0.00023012,0
2.3397,-0.0002219,0
2.3402,-0.00013411,0
2.3407,-1.8296e-05,0
2.3412,6.2608e-05,0
2.3417,7.7379e-05,0
2.3422,5.9754e-05,0
2.3428,4.7837e-05,0
2.3433,3.9445e-05,0
2.3438,3.3234e-05,0
2.3443,2.5345e-05,0
2.3448,3.8102e-05,0
2.3454,8.275e-05,0
2.3459,0.0001274,0
2.3464,0.00014553,0
2.3469,0.00014267,0
2.3474,0.00014385,0
2.348,0.00016483,0
2.3485,0.00020058,0
2.349,0.00021468,0
2.3495,0.00016869,0
2.35,8.1743e-05,0
2.3506,4.0284e-06,0
2.3511,-4.1794e-05,0
2.3516,-6.1936e-05,0
2.3521,-6.4118e-05,0
2.3526,-3.6088e-05,0
2.3532,2.3331e-05,0
2.3537,7.5029e-05,0
2.3542,9.5171e-05,0
2.3547,9.1142e-05,0
2.3552,7.0665e-05,0
2.3558,4.5823e-05,0
2.3563,3.4745e-05,0
2.3568,3.6088e-05,0
2.3573,3.1388e-05,0
2.3578,2.6352e-05,0
2.3583,2.6352e-05,0
2.3589,5.623e-05,0
2.3594,0.00014603,0
2.3599,0.00021451,0
2.3604,0.00017104,0
2.3609,4.2466e-05,0
2.3615,-7.335e-05,0
2.362,-0.00013361,0
2.3625,-0.00015694,0
2.363,-0.00016265,0
2.3635,-0.00015962,0
2.3641,-0.00015375,0
2.3646,-0.00014183,0
2.3651,-0.00012924,0
2.3656,-0.0001373,0
2.3661,-0.00016466,0
2.3667,-0.00016667,0
2.3672,-0.00011044,0
2.3677,-2.652e-05,0
2.3682,3.1891e-05,0
2.3687,4.5991e-05,0
2.3693,2.7695e-05,0
2.3698,4.1962e-06,0
2.3703,1.3428e-06,0
2.3708,2.7695e-05,0
2.3713,6.5629e-05,0
2.3718,7.6707e-05,0
2.3724,5.7572e-05,0
2.3729,4.5823e-05,0
2.3734,5.3544e-05,0
2.3739,6.2943e-05,0
2.3744,5.0187e-05,0
2.375,1.9806e-05,0
2.3755,3.0213e-06,0
2.376,8.7282e-06,0
2.3765,1.5442e-05,0
2.377,1.0239e-05,0
2.3776,-2.7192e-05,0
2.3781,-9.9199e-05,0
2.3786,-0.00017507,0
2.3791,-0.0002078,0
2.3796,-0.00016986,0
2.3802,-9.4835e-05,0
2.3807,-3.0549e-05,0
2.3812,9.5674e-06,0
2.3817,3.4409e-05,0
2.3822,7.0665e-05,0
2.3828,0.00015795,0
2.3833,0.00028954,0
2.3838,0.00038387,0
2.3843,0.00038119,0
2.3848,0.00029592,0
2.3853,0.00019219,0
2.3859,0.00013411,0
2.3864,0.00012723,0
2.3869,0.00012253,0
2.3874,8.8121e-05,0
2.3879,4.6662e-05,0
2.3885,2.6017e-05,0
2.389,3.5752e-05,0
2.3895,7.9393e-05,0
2.39,0.0001321,0
2.3905,0.00015224,0
2.3911,0.00011666,0
2.3916,5.1865e-05,0
2.3921,7.5532e-06,0
2.3926,-1.2589e-05,0
2.3931,-2.9877e-05,0
2.3937,-4.2298e-05,0
2.3942,-3.6927e-05,0
2.3947,-3.0381e-05,0
2.3952,-3.2898e-05,0
2.3957,-3.8773e-05,0
2.3963,-4.0452e-05,0
2.3968,-4.3137e-05,0
2.3973,-6.4622e-05,0
2.3978,-0.00010625,0
2.3983,-0.00013243,0
2.3988,-0.00013764,0
2.3994,-0.00013059,0
2.3999,-0.00010893,0
2.4004,-6.5965e-05,0
2.4009,-1.9806e-05,0
2.4014,-5.539e-06,0
2.402,-1.9303e-05,0
2.4025,-1.6953e-05,0
2.403,2.4002e-05,0
2.4035,6.7979e-05,0
2.404,4.8173e-05,0
2.4046,-1.9638e-05,0
2.4051,-6.2104e-05,0
2.4056,-6.1433e-05,0
2.4061,-4.7501e-05,0
2.4066,-4.8173e-05,0
2.4072,-7.805e-05,0
2.4077,-0.00014318,0
2.4082,-0.00022408,0
2.4087,-0.00028652,0
2.4092,-0.00031606,0
2.4097,-0.00029055,0
2.4103,-0.00022861,0
2.4108,-0.00015023,0
2.4113,-5.0355e-05,0
2.4118,8.2078e-05,0
2.4123,0.00025563,0
2.4129,0.0004584,0
2.4134,0.00063833,0
2.4139,0.0007236,0
2.4144,0.00070278,0
2.4149,0.00060728,0
2.4155,0.00047904,0
2.416,0.00035131,0
2.4165,0.00024623,0
2.417,0.00018514,0
2.4175,0.00015375,0
2.4181,0.00011028,0
2.4186,4.6494e-05,0
2.4191,-1.1917e-05,0
2.4196,-4.8508e-05,0
2.4201,-6.5965e-05,0
2.4207,-7.57e-05,0
2.4212,-9.2149e-05,0
2.4217,-0.00011951,0
2.4222,-0.00015526,0
2.4227,-0.00017842,0
2.4232,-0.0001608,0
2.4238,-9.366e-05,0
2.4243,-1.2924e-05,0
2.4248,2.1317e-05,0
2.4253,-1.6785e-05,0
2.4258,-9.1478e-05,0
2.4264,-0.00015006,0
2.4269,-0.00015694,0
2.4274,-0.0001274,0
2.4279,-9.9535e-05,0
2.4284,-7.7379e-05,0
2.429,-6.865e-05,0
2.4295,-7.805e-05,0
2.43,-8.0232e-05,0
2.4305,-6.5629e-05,0
2.431,-4.3809e-05,0
2.4316,-1.9974e-05,0
2.4321,-8.3925e-07,0
2.4326,4.1962e-06,0
2.4331,-1.8967e-05,0
2.4336,-5.8244e-05,0
2.4342,-7.1672e-05,0
2.4347,-3.6088e-05,0
2.4352,-3.0381e-05,0
2.4357,-0.0001185,0
2.4362,-0.00023297,0
2.4367,-0.00026285,0
2.4373,-0.00017758,0
2.4378,-2.6688e-05,0
2.4383,0.00013243,0
2.4388,0.00025765,0
2.4393,0.00033016,0
2.4399,0.00035366,0
2.4404,0.00033553,0
2.4409,0.0002892,0
2.4414,0.00023348,0
2.4419,0.0001744,0
2.4425,0.00012001,0
2.443,7.9561e-05,0
2.4435,5.3544e-05,0
2.444,3.7263e-05,0
2.4445,2.4002e-05,0
2.4451,8.5603e-06,0
2.4456,-7.5532e-06,0
2.4461,-1.6953e-05,0
2.4466,-1.561e-05,0
2.4471,-9.2317e-06,0
2.4477,-5.7069e-06,0
2.4482,-6.5461e-06,0
2.4487,-8.7282e-06,0
2.4492,-1.2589e-05,0
2.4497,-1.4435e-05,0
2.4503,-1.561e-05,0
2.4508,-1.7288e-05,0
2.4513,-1.9974e-05,0
2.4518,-1.5106e-05,0
2.4523,1.2589e-05,0
2.4528,5.3208e-05,0
2.4534,8.7785e-05,0
2.4539,0.00012471,0
2.4544,0.00015358,0
2.4549,0.00013915,0
2.4554,6.4286e-05,0
2.456,-3.7095e-05,0
2.4565,-0.00010793,0
2.457,-0.0001274,0
2.4575,-0.00012236,0
2.458,-0.00012303,0
2.4586,-0.0001274,0
2.4591,-0.00013059,0
2.4596,-0.00013814,0
2.4601,-0.000142,0
2.4606,-0.00014485,0
2.4612,-0.00015677,0
2.4617,-0.00015492,0
2.4622,-0.00012035,0
2.4627,-5.7404e-05,0
2.4632,1.2757e-05,0
2.4638,5.8244e-05,0
2.4643,7.5364e-05,0
2.4648,8.6442e-05,0
2.4653,0.00010591,0
2.4658,0.00012941,0
2.4663,0.00014955,0
2.4669,0.0001519,0
2.4674,0.00011783,0
2.4679,5.4887e-05,0
2.4684,-6.8818e-06,0
2.4689,-3.9445e-05,0
2.4695,-3.827e-05,0
2.47,-1.9471e-05,0
2.4705,-1.091e-05,0
2.471,-3.8437e-05,0
2.4715,-9.2988e-05,0
2.4721,-0.00013143,0
2.4726,-0.00011934,0
2.4731,-6.8315e-05,0
2.4736,-8.2246e-06,0
2.4741,3.8605e-05,0
2.4747,7.1336e-05,0
2.4752,0.00011095,0
2.4757,0.00018379,0
2.4762,0.00029642,0
2.4767,0.00040603,0
2.4773,0.00043154,0
2.4778,0.00035013,0
2.4783,0.00022878,0
2.4788,0.00014334,0
2.4793,0.00010793,0
2.4798,0.00010121,0
2.4804,0.0001133,0
2.4809,0.00011917,0
2.4814,8.51e-05,0
2.4819,2.1317e-05,0
2.4824,-2.3499e-05,0
2.483,-2.7359e-05,0
2.4835,1.8463e-06,0
2.484,4.213e-05,0
2.4845,7.6204e-05,0
2.485,9.5842e-05,0
2.4856,8.6442e-05,0
2.4861,4.3809e-05,0
2.4866,-6.5461e-06,0
2.4871,-2.9038e-05,0
2.4876,-3.2227e-05,0
2.4882,-7.1336e-05,0
2.4887,-0.00015106,0
2.4892,-0.00024036,0
2.4897,-0.00030314,0
2.4902,-0.0003127,0
2.4907,-0.00027813,0
2.4913,-0.00022777,0
2.4918,-0.00012874,0
2.4923,1.3428e-05,0
2.4928,0.00010591,0
2.4933,9.9199e-05,0
2.4939,3.978e-05,0
2.4944,3.6927e-06,0
2.4949,-2.182e-06,0
2.4954,-3.0213e-06,0
2.4959,3.6927e-06,0
2.4965,5.2033e-06,0
2.497,3.8605e-06,0
2.4975,6.2272e-05,0
2.498,0.00017574,0
2.4985,0.00024556,0
2.4991,0.00022341,0
2.4996,0.00013881,0
2.5001,4.8173e-05,0
2.5006,-1.2253e-05,0
2.5011,-3.6423e-05,0
2.5017,-2.8031e-05,0
2.5022,6.2104e-06,0
2.5027,2.3835e-05,0
2.5032,-5.539e-06,0
2.5037,-3.1556e-05,0
2.5042,-2.0142e-06,0
2.5048,7.2343e-05,0
2.5053,0.00015291,0
2.5058,0.00019622,0
2.5063,0.00017758,0
2.5068,0.00011095,0
2.5074,4.2466e-05,0
2.5079,-1.5106e-06,0
2.5084,-2.5681e-05,0
2.5089,-4.0955e-05,0
2.5094,-3.827e-05,0
2.51,2.5177e-06,0
2.5105,6.0426e-05,0
2.511,9.0471e-05,0
2.5115,6.7811e-05,0
2.512,1.4099e-05,0
2.5126,-4.0284e-05,0
2.5131,-8.7617e-05,0
2.5136,-0.00012001,0
2.5141,-0.00013495,0
2.5146,-0.00014166,0
2.5152,-0.0001415,0
2.5157,-0.00012454,0
2.5162,-9.8863e-05,0
2.5167,-7.335e-05,0
2.5172,-4.0452e-05,0
2.5177,-5.0355e-07,0
2.5183,1.1582e-05,0
2.5188,-1.8128e-05,0
2.5193,-5.0523e-05,0
2.5198,-5.9251e-05,0
2.5203,-5.0355e-05,0
2.5209,-3.2563e-05,0
2.5214,8.2246e-06,0
2.5219,6.1265e-05,0
2.5224,0.00010373,0
2.5229,0.00013277,0
2.5235,0.00017037,0
2.524,0.00021921,0
2.5245,0.00024758,0
2.525,0.00023667,0
2.5255,0.00019185,0
2.5261,0.0001284,0
2.5266,6.0426e-05,0
2.5271,-8.2246e-06,0
2.5276,-6.3447e-05,0
2.5281,-9.366e-05,0
2.5287,-0.00010994,0
2.5292,-0.00011598,0
2.5297,-0.00010944,0
2.5302,-8.7785e-05,0
2.5307,-4.5319e-05,0
2.5312,2.6688e-05,0
2.5318,0.00012236,0
2.5323,0.00020058,0
2.5328,0.00020125,0
2.5333,0.0001185,0
2.5338,2.9374e-05,0
2.5344,-1.0407e-05,0
2.5349,-5.0355e-06,0
2.5354,2.0813e-05,0
2.5359,4.3305e-05,0
2.5364,4.5487e-05,0
2.537,3.4073e-05,0
2.5375,3.743e-05,0
2.538,6.0929e-05,0
2.5385,7.1336e-05,0
2.539,3.7934e-05,0
2.5396,-1.8296e-05,0
2.5401,-4.5487e-05,0
2.5406,-3.0716e-05,0
2.5411,-6.5461e-06,0
2.5416,-3.8605e-06,0
2.5422,-2.6184e-05,0
2.5427,-4.683e-05,0
2.5432,-3.2898e-05,0
2.5437,-5.0355e-07,0
2.5442,8.3925e-06,0
2.5448,-2.4506e-05,0
2.5453,-7.4861e-05,0
2.5458,-0.00010021,0
2.5463,-8.4932e-05,0
2.5468,-4.8508e-05,0
2.5473,-1.9303e-05,0
2.5479,-1.5946e-05,0
2.5484,-3.6423e-05,0
2.5489,-4.918e-05,0
2.5494,-1.6953e-05,0
2.5499,5.2201e-05,0
2.5505,0.0001133,0
2.551,0.0001373,0
2.5515,0.00012337,0
2.552,0.00010256,0
2.5525,0.00010994,0
2.5531,0.0001514,0
2.5536,0.00019588,0
2.5541,0.000213,0
2.5546,0.0002083,0
2.5551,0.00018514,0
2.5557,0.00013747,0
2.5562,8.8121e-05,0
2.5567,7.0329e-05,0
2.5572,7.0497e-05,0
2.5577,5.6901e-05,0
2.5583,1.7792e-05,0
2.5588,-4.0955e-05,0
2.5593,-9.9535e-05,0
2.5598,-0.00012941,0
2.5603,-0.00013445,0
2.5608,-0.00013159,0
2.5614,-0.00012203,0
2.5619,-0.00010004,0
2.5624,-6.5797e-05,0
2.5629,-2.9206e-05,0
2.5634,5.2033e-06,0
2.564,4.0452e-05,0
2.5645,6.6804e-05,0
2.565,6.6972e-05,0
2.5655,5.7404e-05,0
2.566,6.479e-05,0
2.5666,7.57e-05,0
2.5671,5.8412e-05,0
2.5676,5.2033e-06,0
2.5681,-6.0761e-05,0
2.5686,-0.00010558,0
2.5692,-0.00011699,0
2.5697,-0.00010423,0
2.5702,-7.1336e-05,0
2.5707,-6.714e-06,0
2.5712,6.2943e-05,0
2.5718,9.2821e-05,0
2.5723,8.5435e-05,0
2.5728,6.3615e-05,0
2.5733,4.2802e-05,0
2.5738,3.3066e-05,0
2.5743,4.3809e-05,0
2.5749,6.4286e-05,0
2.5754,6.7811e-05,0
2.5759,4.4816e-05,0
2.5764,1.0575e-05,0
2.5769,-1.1414e-05,0
2.5775,-2.0142e-05,0
2.578,-3.8605e-05,0
2.5785,-8.5771e-05,0
2.579,-0.00013075,0
2.5795,-0.00018379,0
2.5801,-0.00026571,0
2.5806,-0.00030851,0
2.5811,-0.00025194,0
2.5816,-0.0001227,0
2.5821,1.3596e-05,0
2.5827,0.00010961,0
2.5832,0.00016567,0
2.5837,0.0002036,0
2.5842,0.00024019,0
2.5847,0.00027561,0
2.5852,0.00029357,0
2.5858,0.00028988,0
2.5863,0.00024086,0
2.5868,0.00012773,0
2.5873,2.5177e-05,0
2.5878,-9.9031e-06,0
2.5884,-2.182e-06,0
2.5889,2.1988e-05,0
2.5894,5.7572e-05,0
2.5899,9.4835e-05,0
2.5904,0.00011431,0
2.591,0.00010759,0
2.5915,8.6946e-05,0
2.592,5.4215e-05,0
2.5925,1.0407e-05,0
2.593,-3.4409e-05,0
2.5936,-7.5029e-05,0
2.5941,-0.00010004,0
2.5946,-8.3589e-05,0
2.5951,-2.4674e-05,0
2.5956,8.5771e-05,0
2.5962,0.00020192,0
2.5967,0.00022072,0
2.5972,0.00012471,0
2.5977,4.1962e-06,0
2.5982,-5.0523e-05,0
2.5987,-3.592e-05,0
2.5993,-6.2104e-06,0
2.5998,2.0142e-06,0
2.6003,-2.6352e-05,0
2.6008,-8.1743e-05,0
2.6013,-0.0001284,0
2.6019,-0.00015123,0
2.6024,-0.0001509,0
2.6029,-0.00013109,0
2.6034,-0.00010155,0
2.6039,-6.9322e-05,0
2.6045,-3.1052e-05,0
2.605,7.7211e-06,0
2.6055,3.5416e-05,0
2.606,7.4861e-05,0
2.6065,0.00013915,0
2.6071,0.00019387,0
2.6076,0.00019991,0
2.6081,0.00015795,0
2.6086,0.0001086,0
2.6091,9.1981e-05,0
2.6097,0.00010457,0
2.6102,9.8527e-05,0
2.6107,5.8579e-05,0
2.6112,5.539e-06,0
2.6117,-3.508e-05,0
2.6122,-4.1962e-05,0
2.6128,-1.2757e-05,0
2.6133,2.031e-05,0
2.6138,1.2757e-05,0
2.6143,-3.5416e-05,0
2.6148,-7.2175e-05,0
2.6154,-4.2802e-05,0
2.6159,2.3331e-05,0
2.6164,6.949e-05,0
2.6169,8.3589e-05,0
2.6174,7.4022e-05,0
2.618,5.1698e-05,0
2.6185,3.2731e-05,0
2.619,2.501e-05,0
2.6195,1.9638e-05,0
2.62,1.5778e-05,0
2.6206,-1.6785e-07,0
2.6211,-4.5151e-05,0
2.6216,-0.00010793,0
2.6221,-0.00015862,0
2.6226,-0.00019387,0
2.6232,-0.0002318,0
2.6237,-0.00027141,0
2.6242,-0.00028669,0
2.6247,-0.00021888,0
2.6252,-8.2078e-05,0
2.6258,5.0187e-05,0
2.6263,0.00011229,0
2.6268,0.00010709,0
2.6273,9.9031e-05,0
2.6278,0.00013948,0
2.6283,0.00022794,0
2.6289,0.00031388,0
2.6294,0.00035232,0
2.6299,0.0003221,0
2.6304,0.00024758,0
2.6309,0.00017154,0
2.6315,0.00010961,0
2.632,5.8747e-05,0
2.6325,2.6688e-05,0
2.633,-3.1891e-06,0
2.6335,-3.6423e-05,0
2.6341,-5.2705e-05,0
2.6346,-5.0355e-05,0
2.6351,-3.592e-05,0
2.6356,-7.0497e-06,0
2.6361,2.5681e-05,0
2.6367,3.8605e-05,0
2.6372,2.9038e-05,0
2.6377,1.5442e-05,0
2.6382,2.0478e-05,0
2.6387,5.7572e-05,0
2.6393,0.00010306,0
2.6398,0.00010709,0
2.6403,7.5532e-05,0
2.6408,9.4499e-05,0
2.6413,0.00016902,0
2.6418,0.00018077,0
2.6424,7.1e-05,0
2.6429,-8.2414e-05,0
2.6434,-0.00017691,0
2.6439,-0.00020192,0
2.6444,-0.00020175,0
2.645,-0.00020645,0
2.6455,-0.00020494,0
2.646,-0.0001895,0
2.6465,-0.00016315,0
2.647,-0.00013579,0
2.6476,-0.00011833,0
2.6481,-0.00010004,0
2.6486,-6.1936e-05,0
2.6491,2.2492e-05,0
2.6496,0.00015811,0
2.6502,0.00025093,0
2.6507,0.00022005,0
2.6512,0.00010625,0
2.6517,5.0355e-07,0
2.6522,-5.9922e-05,0
2.6528,-9.5506e-05,0
2.6533,-0.00011296,0
2.6538,-0.00010222,0
2.6543,-8.6778e-05,0
2.6548,-9.9199e-05,0
2.6553,-0.00011112,0
2.6559,-8.6107e-05,0
2.6564,-4.9516e-05,0
2.6569,-2.182e-05,0
2.6574,-2.6856e-06,0
2.6579,2.7359e-05,0
2.6585,8.8457e-05,0
2.659,0.0001707,0
2.6595,0.00023348,0
2.66,0.00024422,0
2.6605,0.00020528,0
2.6611,0.0001603,0
2.6616,0.00013344,0
2.6621,0.00010021,0
2.6626,4.8173e-05,0
2.6631,5.0355e-07,0
2.6637,-2.031e-05,0
2.6642,-1.3764e-05,0
2.6647,-1.0071e-06,0
2.6652,1.7792e-05,0
2.6657,4.5151e-05,0
2.6662,8.8289e-05,0
2.6668,0.00014485,0
2.6673,0.00020394,0
2.6678,0.00025127,0
2.6683,0.0002647,0
2.6688,0.00023801,0
2.6694,0.00019454,0
2.6699,0.00016483,0
2.6704,0.00013478,0
2.6709,8.3757e-05,0
2.6714,2.4002e-05,0
2.672,-3.0045e-05,0
2.6725,-7.5868e-05,0
2.673,-0.00010088,0
2.6735,-9.366e-05,0
2.674,-6.6133e-05,0
2.6746,-4.2466e-05,0
2.6751,-3.508e-05,0
2.6756,-3.9277e-05,0
2.6761,-4.3137e-05,0
2.6766,-4.1794e-05,0
2.6772,-4.0116e-05,0
2.6777,-3.7934e-05,0
2.6782,-3.6591e-05,0
2.6787,-3.8102e-05,0
2.6792,-4.1291e-05,0
2.6797,-4.2802e-05,0
2.6803,-4.213e-05,0
2.6808,-3.978e-05,0
2.6813,-3.5752e-05,0
2.6818,-2.2324e-05,0
2.6823,4.5319e-06,0
2.6829,2.4338e-05,0
2.6834,2.1317e-05,0
2.6839,-2.182e-06,0
2.6844,-3.0045e-05,0
2.6849,-4.4816e-05,0
2.6855,-4.6662e-05,0
2.686,-5.5222e-05,0
2.6865,-7.7546e-05,0
2.687,-9.4835e-05,0
2.6875,-9.4331e-05,0
2.6881,-8.6275e-05,0
2.6886,-8.6107e-05,0
2.6891,-8.4932e-05,0
2.6896,-7.6707e-05,0
2.6901,-7.3518e-05,0
2.6907,-6.3111e-05,0
2.6912,-2.6688e-05,0
2.6917,2.8031e-05,0
2.6922,6.8482e-05,0
2.6927,7.1336e-05,0
2.6932,5.0187e-05,0
2.6938,4.4144e-05,0
2.6943,7.5029e-05,0
2.6948,0.0001274,0
2.6953,0.00017574,0
2.6958,0.00019907,0
2.6964,0.00018497,0
2.6969,0.00013462,0
2.6974,7.9057e-05,0
2.6979,4.7166e-05,0
2.6984,4.0787e-05,0
2.699,5.4215e-05,0
2.6995,7.8721e-05,0
2.7,0.00010121,0
2.7005,0.0001133,0
2.701,0.00012068,0
2.7016,0.00013411,0
2.7021,0.00014083,0
2.7026,0.00012119,0
2.7031,7.6707e-05,0
2.7036,2.4674e-05,0
2.7042,-1.2924e-05,0
2.7047,-2.6352e-05,0
2.7052,-3.3402e-05,0
2.7057,-4.5991e-05,0
2.7062,-5.2873e-05,0
2.7067,-7.3686e-05,0
2.7073,-0.00010289,0
2.7078,-0.00010205,0
2.7083,-6.9993e-05,0
2.7088,-2.652e-05,0
2.7093,9.7353e-06,0
2.7099,2.4506e-05,0
2.7104,1.1917e-05,0
2.7109,-3.0716e-05,0
2.7114,-5.8915e-05,0
2.7119,-3.978e-05,0
2.7125,2.3331e-05,0
2.713,9.6849e-05,0
2.7135,0.00012068,0
2.714,9.0303e-05,0
2.7145,5.6733e-05,0
2.7151,5.5558e-05,0
2.7156,8.7449e-05,0
2.7161,0.00013948,0
2.7166,0.00017238,0
2.7171,0.00015157,0
2.7177,0.00010809,0
2.7182,8.9128e-05,0
2.7187,8.1743e-05,0
2.7192,5.8915e-05,0
2.7197,2.652e-05,0
2.7203,-6.8818e-06,0
2.7208,-4.4144e-05,0
2.7213,-8.51e-05,0
2.7218,-0.00011951,0
2.7223,-0.00014015,0
2.7228,-0.00013764,0
2.7234,-0.00011649,0
2.7239,-8.9799e-05,0
2.7244,-7.4525e-05,0
2.7249,-7.5532e-05,0
2.7254,-9.3492e-05,0
2.726,-0.00011901,0
2.7265,-0.00012186,0
2.727,-7.0329e-05,0
2.7275,3.357e-05,0
2.728,0.00013982,0
2.7286,0.00020394,0
2.7291,0.00022005,0
2.7296,0.00021988,0
2.7301,0.00023381,0
2.7306,0.00024137,0
2.7312,0.00022676,0
2.7317,0.00019454,0
2.7322,0.00014217,0
2.7327,7.1e-05,0
2.7332,4.5319e-06,0
2.7338,-3.2731e-05,0
2.7343,-3.2731e-05,0
2.7348,-2.7863e-05,0
2.7353,-4.4984e-05,0
2.7358,-6.5965e-05,0
2.7363,-7.8721e-05,0
2.7369,-8.6107e-05,0
2.7374,-8.8289e-05,0
2.7379,-8.1575e-05,0
2.7384,-6.9993e-05,0
2.7389,-6.865e-05,0
2.7395,-6.4622e-05,0
2.74,-4.7837e-05,0
2.7405,-3.827e-05,0
2.741,-1.8967e-05,0
2.7415,1.9638e-05,0
2.7421,5.0858e-05,0
2.7426,5.5558e-05,0
2.7431,4.1123e-05,0
2.7436,3.1724e-05,0
2.7441,3.6423e-05,0
2.7447,3.743e-05,0
2.7452,1.8296e-05,0
2.7457,-2.3499e-05,0
2.7462,-6.5797e-05,0
2.7467,-9.7856e-05,0
2.7473,-0.00014217,0
2.7478,-0.00018111,0
2.7483,-0.00017607,0
2.7488,-0.0001227,0
2.7493,-3.592e-05,0
2.7498,7.1336e-05,0
2.7504,0.00018514,0
2.7509,0.00028048,0
2.7514,0.00033989,0
2.7519,0.00035769,0
2.7524,0.00032479,0
2.753,0.00024691,0
2.7535,0.00014452,0
2.754,3.4409e-05,0
2.7545,-7.0665e-05,0
2.755,-0.00014603,0
2.7556,-0.00017607,0
2.7561,-0.00016735,0
2.7566,-0.00013999,0
2.7571,-0.00010809,0
2.7576,-7.6539e-05,0
2.7582,-4.3809e-05,0
2.7587,1.1246e-05,0
2.7592,0.00010658,0
2.7597,0.00021199,0
2.7602,0.0002647,0
2.7607,0.00025597,0
2.7613,0.00021233,0
2.7618,0.00015341,0
2.7623,0.00011514,0
2.7628,0.00010524,0
2.7633,8.6778e-05,0
2.7639,4.1459e-05,0
2.7644,-3.0213e-06,0
2.7649,1.2421e-05,0
2.7654,9.8192e-05,0
2.7659,0.00015358,0
2.7665,0.00010239,0
2.767,-1.9806e-05,0
2.7675,-0.00012538,0
2.768,-0.00017775,0
2.7685,-0.00019269,0
2.7691,-0.00019705,0
2.7696,-0.00020511,0
2.7701,-0.00021888,0
2.7706,-0.00021518,0
2.7711,-0.00018212,0
2.7717,-0.00014485,0
2.7722,-0.00011296,0
2.7727,-7.57e-05,0
2.7732,-2.0645e-05,0
2.7737,3.8437e-05,0
2.7742,8.04e-05,0
2.7748,0.00011196,0
2.7753,0.00015157,0
2.7758,0.00018967,0
2.7763,0.00019051,0
2.7768,0.00014922,0
2.7774,7.8721e-05,0
2.7779,-1.0071e-06,0
2.7784,-4.8844e-05,0
2.7789,-4.7501e-05,0
2.7794,-2.501e-05,0
2.78,1.0071e-06,0
2.7805,2.4002e-05,0
2.781,3.4409e-05,0
2.7815,4.5991e-05,0
2.782,7.9393e-05,0
2.7826,0.00012136,0
2.7831,0.00013008,0
2.7836,8.51e-05,0
2.7841,2.3667e-05,0
2.7846,-3.1891e-06,0
2.7852,4.6998e-06,0
2.7857,1.8967e-05,0
2.7862,3.0716e-05,0
2.7867,4.5823e-05,0
2.7872,5.7237e-05,0
2.7877,5.1865e-05,0
2.7883,2.5345e-05,0
2.7888,-1.3931e-05,0
2.7893,-5.4551e-05,0
2.7898,-9.7185e-05,0
2.7903,-0.00013613,0
2.7909,-0.00015341,0
2.7914,-0.00016516,0
2.7919,-0.00019538,0
2.7924,-0.00021132,0
2.7929,-0.00017305,0
2.7935,-8.6778e-05,0
2.794,2.0981e-05,0
2.7945,0.00012589,0
2.795,0.00020461,0
2.7955,0.0002459,0
2.7961,0.00025866,0
2.7966,0.00025278,0
2.7971,0.00022676,0
2.7976,0.00018581,0
2.7981,0.00013864,0
2.7987,9.1142e-05,0
2.7992,4.0116e-05,0
2.7997,-3.4073e-05,0
2.8002,-0.00012303,0
2.8007,-0.00015207,0
2.8013,-8.7114e-05,0
2.8018,-1.9135e-05,0
2.8023,-3.2395e-05,0
2.8028,-9.9702e-05,0
2.8033,-0.0001373,0
2.8038,-0.00010574,0
2.8044,-7.0497e-06,0
2.8049,0.00014636,0
2.8054,0.00030196,0
2.8059,0.00037514,0
2.8064,0.00032512,0
2.807,0.00019789,0
2.8075,9.9199e-05,0
2.808,6.6636e-05,0
2.8085,7.2007e-05,0
2.809,8.1407e-05,0
2.8096,6.1601e-05,0
2.8101,2.1317e-05,0
2.8106,4.3641e-06,0
2.8111,-1.3764e-05,0
2.8116,-6.3615e-05,0
2.8122,-0.00011934,0
2.8127,-0.00016617,0
2.8132,-0.00023146,0
2.8137,-0.0003127,0
2.8142,-0.00031522,0
2.8148,-0.00020897,0
2.8153,-0.00011716,0
2.8158,-8.4764e-05,0
2.8163,-1.8967e-05,0
2.8168,0.00010541,0
2.8173,0.00018816,0
2.8179,0.00017708,0
2.8184,0.00013596,0
2.8189,0.00014385,0
2.8194,0.00019051,0
2.8199,0.00024019,0
2.8205,0.00027024,0
2.821,0.00026134,0
2.8215,0.00022274,0
2.822,0.00016768,0
2.8225,9.5842e-05,0
2.8231,6.4286e-05,0
2.8236,0.00011901,0
2.8241,0.00016265,0
2.8246,0.00010843,0
2.8251,-6.714e-06,0
2.8257,-9.2317e-05,0
2.8262,-0.00010222,0
2.8267,-6.5797e-05,0
2.8272,-3.6255e-05,0
2.8277,-3.8773e-05,0
2.8283,-5.7069e-05,0
2.8288,-7.0665e-05,0
2.8293,-7.7546e-05,0
2.8298,-8.1239e-05,0
2.8303,-8.0064e-05,0
2.8308,-8.9296e-05,0
2.8314,-0.00011128,0
2.8319,-0.00014284,0
2.8324,-0.00018732,0
2.8329,-0.00021787,0
2.8334,-0.00021451,0
2.834,-0.00016735,0
2.8345,-7.3518e-05,0
2.835,3.8773e-05,0
2.8355,0.00011984,0
2.836,0.00012908,0
2.8366,7.8386e-05,0
2.8371,6.2608e-05,0
2.8376,0.00011229,0
2.8381,0.00017137,0
2.8386,0.00021233,0
2.8392,0.00023516,0
2.8397,0.00022408,0
2.8402,0.00017876,0
2.8407,0.00013545,0
2.8412,0.00012438,0
2.8418,0.00012807,0
2.8423,0.00010591,0
2.8428,4.2802e-05,0
2.8433,-3.7095e-05,0
2.8438,-0.00010843,0
2.8443,-0.0001561,0
2.8449,-0.00015761,0
2.8454,-0.00012404,0
2.8459,-8.9632e-05,0
2.8464,-7.9393e-05,0
2.8469,-9.1142e-05,0
2.8475,-0.00010793,0
2.848,-0.00010054,0
2.8485,-4.9012e-05,0
2.849,1.8631e-05,0
2.8495,6.5797e-05,0
2.8501,7.4693e-05,0
2.8506,5.5222e-05,0
2.8511,2.4674e-05,0
2.8516,-1.7624e-05,0
2.8521,-5.3208e-05,0
2.8527,-6.8818e-05,0
2.8532,-7.4022e-05,0
2.8537,-7.57e-05,0
2.8542,-7.2343e-05,0
2.8547,-5.4887e-05,0
2.8552,-1.326e-05,0
2.8558,5.4383e-05,0
2.8563,0.00013008,0
2.8568,0.00019487,0
2.8573,0.00020494,0
2.8578,0.00013126,0
2.8584,4.3137e-05,0
2.8589,8.896e-06,0
2.8594,9.9031e-06,0
2.8599,-2.182e-06,0
2.8604,-1.6281e-05,0
2.861,-1.1246e-05,0
2.8615,2.1988e-05,0
2.862,7.8218e-05,0
2.8625,0.00012656,0
2.863,0.0001378,0
2.8636,0.00012068,0
2.8641,0.00010155,0
2.8646,9.987e-05,0
2.8651,0.00011699,0
2.8656,0.00012975,0
2.8662,0.0001227,0
2.8667,9.8192e-05,0
2.8672,7.3182e-05,0
2.8677,7.3686e-05,0
2.8682,9.6178e-05,0
2.8687,8.4428e-05,0
2.8693,6.2104e-06,0
2.8698,-8.9128e-05,0
2.8703,-0.00012438,0
2.8708,-8.8792e-05,0
2.8713,-3.8773e-05,0
2.8719,-2.6184e-05,0
2.8724,-5.0858e-05,0
2.8729,-9.2317e-05,0
2.8734,-0.00011833,0
2.8739,-0.00011112,0
2.8745,-8.6946e-05,0
2.875,-4.5823e-05,0
2.8755,1.2589e-05,0
2.876,7.6036e-05,0
2.8765,0.00010121,0
2.8771,9.2821e-05,0
2.8776,0.00011263,0
2.8781,0.00013277,0
2.8786,8.5771e-05,0
2.8791,-5.7069e-06,0
2.8797,-6.1097e-05,0
2.8802,-1.9303e-05,0
2.8807,8.7953e-05,0
2.8812,0.00016432,0
2.8817,0.00016063,0
2.8822,8.9799e-05,0
2.8828,-1.8463e-06,0
2.8833,-6.4622e-05,0
2.8838,-8.04e-05,0
2.8843,-6.3447e-05,0
2.8848,-3.978e-05,0
2.8854,-2.8702e-05,0
2.8859,-3.3906e-05,0
2.8864,-4.918e-05,0
2.8869,-6.9657e-05,0
2.8874,-0.00010239,0
2.888,-0.00013579,0
2.8885,-0.00013965,0
2.889,-6.8986e-05,0
2.8895,7.4693e-05,0
2.89,0.00017356,0
2.8906,0.0001415,0
2.8911,3.5584e-05,0
2.8916,-3.3066e-05,0
2.8921,-3.4241e-05,0
2.8926,-1.1749e-05,0
2.8932,-1.3092e-05,0
2.8937,-4.8173e-05,0
2.8942,-0.00011984,0
2.8947,-0.00019907,0
2.8952,-0.00021451,0
2.8958,-0.0001519,0
2.8963,-6.1936e-05,0
2.8968,2.1317e-05,0
2.8973,9.2821e-05,0
2.8978,0.00014217,0
2.8983,0.00017137,0
2.8989,0.00018917,0
2.8994,0.00020494,0
2.8999,0.00022509,0
2.9004,0.00023465,0
2.9009,0.00020864,0
2.9015,0.00015023,0
2.902,8.5771e-05,0
2.9025,5.0858e-05,0
2.903,5.8244e-05,0
2.9035,7.2679e-05,0
2.9041,6.3951e-05,0
2.9046,3.2731e-05,0
2.9051,3.1891e-06,0
2.9056,1.1749e-06,0
2.9061,3.3066e-05,0
2.9067,6.949e-05,0
2.9072,7.4525e-05,0
2.9077,5.8244e-05,0
2.9082,2.266e-05,0
2.9087,-1.7624e-05,0
2.9093,-3.7095e-05,0
2.9098,-3.743e-05,0
2.9103,-4.1459e-05,0
2.9108,-6.2272e-05,0
2.9113,-8.6107e-05,0
2.9118,-9.1646e-05,0
2.9124,-7.1e-05,0
2.9129,-4.0787e-05,0
2.9134,-1.091e-05,0
2.9139,2.6352e-05,0
2.9144,6.1097e-05,0
2.915,7.3014e-05,0
2.9155,5.2873e-05,0
2.916,2.1317e-05,0
2.9165,5.7069e-06,0
2.917,2.0813e-05,0
2.9176,6.3951e-05,0
2.9181,0.00011095,0
2.9186,0.00012874,0
2.9191,0.0001133,0
2.9196,9.5674e-05,0
2.9202,7.4861e-05,0
2.9207,2.4338e-05,0
2.9212,-4.7333e-05,0
2.9217,-0.00010491,0
2.9222,-0.00012186,0
2.9228,-0.00011397,0
2.9233,-9.8863e-05,0
2.9238,-4.6494e-05,0
2.9243,2.0645e-05,0
2.9248,2.6352e-05,0
2.9253,-2.3331e-05,0
2.9259,-4.918e-05,0
2.9264,-3.8605e-06,0
2.9269,9.5842e-05,0
2.9274,0.00020058,0
2.9279,0.00025698,0
2.9285,0.00024221,0
2.929,0.00019236,0
2.9295,0.0001467,0
2.93,0.00010373,0
2.9305,5.774e-05,0
2.9311,2.8702e-05,0
2.9316,1.6281e-05,0
2.9321,-1.6281e-05,0
2.9326,-6.7979e-05,0
2.9331,-0.00010256,0
2.9337,-0.00010944,0
2.9342,-0.0001091,0
2.9347,-0.00010944,0
2.9352,-9.0974e-05,0
2.9357,-5.7908e-05,0
2.9362,-3.6255e-05,0
2.9368,-3.9445e-05,0
2.9373,-4.448e-05,0
2.9378,-1.1749e-06,0
2.9383,9.0471e-05,0
2.9388,0.00015157,0
2.9394,0.00012136,0
2.9399,5.0187e-05,0
2.9404,6.5461e-06,0
2.9409,-1.3931e-05,0
2.9414,-2.9038e-05,0
2.942,-3.8605e-05,0
2.9425,-4.9851e-05,0
2.943,-6.2272e-05,0
2.9435,-5.8747e-05,0
2.944,-3.0716e-05,0
2.9446,1.1246e-05,0
2.9451,5.2873e-05,0
2.9456,7.3014e-05,0
2.9461,7.8386e-05,0
2.9466,8.8792e-05,0
2.9472,0.00010977,0
2.9477,0.00013143,0
2.9482,0.00013143,0
2.9487,9.1814e-05,0
2.9492,2.6688e-05,0
2.9497,-4.6159e-05,0
2.9503,-9.5003e-05,0
2.9508,-8.0064e-05,0
2.9513,-3.0381e-05,0
2.9518,1.326e-05,0
2.9523,4.4144e-05,0
2.9529,5.4887e-05,0
2.9534,4.6494e-05,0
2.9539,4.3473e-05,0
2.9544,5.388e-05,0
2.9549,7.1336e-05,0
2.9555,8.4428e-05,0
2.956,8.275e-05,0
2.9565,7.1672e-05,0
2.957,7.4022e-05,0
2.9575,0.00010323,0
2.9581,0.0001279,0
2.9586,0.00011196,0
2.9591,7.1e-05,0
2.9596,4.448e-05,0
2.9601,2.9038e-05,0
2.9607,5.0355e-06,0
2.9612,-2.9038e-05,0
2.9617,-6.0761e-05,0
2.9622,-7.8721e-05,0
2.9627,-8.6778e-05,0
2.9632,-7.0161e-05,0
2.9638,2.5513e-05,0
2.9643,0.00015425,0
2.9648,0.00018883,0
2.9653,7.335e-05,0
2.9658,-0.00010121,0
2.9664,-0.00019974,0
2.9669,-0.00020209,0
2.9674,-0.00015895,0
2.9679,-0.0001138,0
2.9684,-8.1071e-05,0
2.969,-5.3208e-05,0
2.9695,-3.122e-05,0
2.97,-2.3163e-05,0
2.9705,-2.5345e-05,0
2.971,-2.5681e-05,0
2.9716,-1.7288e-05,0
2.9721,1.0071e-06,0
2.9726,2.8031e-05,0
2.9731,5.5222e-05,0
2.9736,8.0568e-05,0
2.9742,0.00010558,0
2.9747,0.00012471,0
2.9752,0.00012874,0
2.9757,0.00010692,0
2.9762,5.4047e-05,0
2.9768,3.1891e-06,0
2.9773,-1.5778e-05,0
2.9778,-1.4435e-05,0
2.9783,-3.0381e-05,0
2.9788,-6.479e-05,0
2.9793,-9.131e-05,0
2.9799,-9.9199e-05,0
2.9804,-9.5506e-05,0
2.9809,-7.4189e-05,0
2.9814,-3.4409e-05,0
2.9819,-7.7211e-06,0
2.9825,-4.6494e-05,0
2.983,-0.00013277,0
2.9835,-0.00018111,0
2.984,-0.00015828,0
2.9845,-9.7856e-05,0
2.9851,-4.2466e-05,0
2.9856,-4.6998e-06,0
2.9861,1.7456e-05,0
2.9866,2.8534e-05,0
2.9871,5.069e-05,0
2.9877,0.00011464,0
2.9882,0.00019622,0
2.9887,0.00023079,0
2.9892,0.00020125,0
2.9897,0.00014351,0
2.9903,9.3492e-05,0
2.9908,5.4383e-05,0
2.9913,2.4002e-05,0
2.9918,6.714e-06,0
2.9923,2.5681e-05,0
2.9928,0.00013176,0
2.9934,0.00027678,0
2.9939,0.00033503,0
2.9944,0.00026403,0
2.9949,0.00012673,0
2.9954,4.1962e-06,0
2.996,-8.8457e-05,0
2.9965,-0.00017473,0
2.997,-0.00020847,0
2.9975,-0.00017154,0
2.998,-0.00011078,0
2.9986,-6.1936e-05,0
2.9991,-1.9471e-05,0
2.9996,8.5603e-06,0
3.0001,1.5778e-05,0
3.0006,2.8031e-05,0
3.0012,7.4525e-05,0
3.0017,0.00016332,0
3.0022,0.00024892,0
3.0027,0.00026638,0
3.0032,0.0002177,0
3.0038,0.00016701,0
3.0043,0.00016063,0
3.0048,0.00019286,0
3.0053,0.00022995,0
3.0058,0.00023012,0
3.0063,0.00018564,0
3.0069,0.00012605,0
3.0074,6.2943e-05,0
3.0079,3.8605e-06,0
3.0084,-2.2492e-05,0
3.0089,-6.714e-06,0
3.0095,1.9303e-05,0
3.01,2.1653e-05,0
3.0105,-4.8676e-06,0
3.011,-4.2466e-05,0
3.0115,-7.4357e-05,0
3.0121,-8.7449e-05,0
3.0126,-8.0232e-05,0
3.0131,-6.1936e-05,0
3.0136,-4.5823e-05,0
3.0141,-4.3137e-05,0
3.0147,-4.0116e-05,0
3.0152,-2.0981e-05,0
3.0157,-3.1891e-06,0
3.0162,-1.091e-05,0
3.0167,-4.3137e-05,0
3.0173,-7.805e-05,0
3.0178,-0.00010188,0
3.0183,-0.00011112,0
3.0188,-9.9702e-05,0
3.0193,-6.2943e-05,0
3.0198,-8.2246e-06,0
3.0204,4.2802e-05,0
3.0209,4.2466e-05,0
3.0214,-3.6088e-05,0
3.0219,-0.00013613,0
3.0224,-0.00018598,0
3.023,-0.00014334,0
3.0235,2.8702e-05,0
3.024,0.00020243,0
3.0245,0.00020662,0
3.025,4.8173e-05,0
3.0256,-9.8695e-05,0
3.0261,-0.0001039,0
3.0266,2.0813e-05,0
3.0271,0.00018715,0
3.0276,0.00030129,0
3.0282,0.00030263,0
3.0287,0.00020528,0
3.0292,9.4163e-05,0
3.0297,3.4241e-05,0
3.0302,2.3499e-05,0
3.0307,2.1317e-05,0
3.0313,-4.5319e-06,0
3.0318,-4.918e-05,0
3.0323,-8.9128e-05,0
3.0328,-0.00010054,0
3.0333,-7.805e-05,0
3.0339,-4.1459e-05,0
3.0344,-1.326e-05,0
3.0349,-1.4099e-05,0
3.0354,-4.9683e-05,0
3.0359,-7.805e-05,0
3.0365,-6.2272e-05,0
3.037,-1.4939e-05,0
3.0375,3.8773e-05,0
3.038,0.00011699,0
3.0385,0.00018027,0
3.0391,0.00015224,0
3.0396,5.069e-05,0
3.0401,-4.7837e-05,0
3.0406,-0.00010239,0
3.0411,-0.00011565,0
3.0417,-9.5842e-05,0
3.0422,-2.5681e-05,0
3.0427,7.1336e-05,0
3.0432,0.00011162,0
3.0437,9.2821e-05,0
3.0442,4.5655e-05,0
3.0448,-2.4506e-05,0
3.0453,-0.00010172,0
3.0458,-0.00015325,0
3.0463,-0.00013848,0
3.0468,-6.0594e-05,0
3.0474,1.8296e-05,0
3.0479,5.0187e-05,0
3.0484,3.743e-05,0
3.0489,6.2104e-06,0
3.0494,-4.0116e-05,0
3.05,-6.4286e-05,0
3.0505,-2.8702e-05,0
3.051,3.0716e-05,0
3.0515,6.9322e-05,0
3.052,7.7714e-05,0
3.0526,8.7282e-05,0
3.0531,0.00011196,0
3.0536,0.00013948,0
3.0541,0.00017809,0
3.0546,0.00027091,0
3.0552,0.00038253,0
3.0557,0.00042919,0
3.0562,0.00037397,0
3.0567,0.00021132,0
3.0572,-2.2324e-05,0
3.0577,-0.00022324,0
3.0583,-0.00031086,0
3.0588,-0.00031354,0
3.0593,-0.00026487,0
3.0598,-0.00016802,0
3.0603,-4.2802e-05,0
3.0609,5.388e-05,0
3.0614,9.4499e-05,0
3.0619,0.00014066,0
3.0624,0.00020763,0
3.0629,0.00022274,0
3.0635,0.00016802,0
3.064,9.3324e-05,0
3.0645,1.6617e-05,0
3.065,-6.5629e-05,0
3.0655,-0.00011363,0
3.0661,-0.00010961,0
3.0666,-6.7643e-05,0
3.0671,-1.2757e-05,0
3.0676,3.1052e-05,0
3.0681,4.0787e-05,0
3.0687,1.3428e-05,0
3.0692,-2.0981e-05,0
3.0697,-3.4913e-05,0
3.0702,-2.1988e-05,0
3.0707,-1.2924e-05,0
3.0713,-4.0955e-05,0
3.0718,-6.3111e-05,0
3.0723,-4.448e-05,0
3.0728,-4.3473e-05,0
3.0733,-0.00010356,0
3.0738,-0.00017893,0
3.0744,-0.00021971,0
3.0749,-0.00025362,0
3.0754,-0.00032512,0
3.0759,-0.00035886,0
3.0764,-0.00025194,0
3.077,-1.6785e-05,0
3.0775,0.00023851,0
3.078,0.00035332,0
3.0785,0.0003117,0
3.079,0.0002172,0
3.0796,0.00015895,0
3.0801,0.00016432,0
3.0806,0.00022274,0
3.0811,0.00029592,0
3.0816,0.00031807,0
3.0822,0.00029172,0
3.0827,0.00023717,0
3.0832,0.00019638,0
3.0837,0.00022139,0
3.0842,0.00023079,0
3.0848,0.0001227,0
3.0853,-4.6159e-05,0
3.0858,-0.00011649,0
3.0863,-6.3447e-05,0
3.0868,-2.0142e-06,0
3.0873,-1.3428e-06,0
3.0879,-3.1891e-06,0
3.0884,6.7979e-05,0
3.0889,0.00016013,0
3.0894,0.00017977,0
3.0899,0.0001086,0
3.0905,-7.5532e-06,0
3.091,-0.00010809,0
3.0915,-0.00017137,0
3.092,-0.0002036,0
3.0925,-0.00023062,0
3.0931,-0.00028736,0
3.0936,-0.00037481,0
3.0941,-0.00042164,0
3.0946,-0.00039176,0
3.0951,-0.00032479,0
3.0957,-0.00026403,0
3.0962,-0.00023046,0
3.0967,-0.00020797,0
3.0972,-0.00015258,0
3.0977,-3.0213e-05,0
3.0983,0.0001509,0
3.0988,0.00034896,0
3.0993,0.00051882,0
3.0998,0.00059335,0
3.1003,0.00055273,0
3.1008,0.00043876,0
3.1014,0.00029793,0
3.1019,0.00017675,0
3.1024,0.00013478,0
3.1029,0.00015895,0
3.1034,0.00014435,0
3.104,3.5248e-05,0
3.1045,-8.9128e-05,0
3.105,-0.00013831,0
3.1055,-0.00014267,0
3.106,-0.00013948,0
3.1066,-0.0001091,0
3.1071,-6.0258e-05,0
3.1076,-3.7095e-05,0
3.1081,-4.4984e-05,0
3.1086,-4.8676e-05,0
3.1092,-4.448e-05,0
3.1097,-4.9683e-05,0
3.1102,-4.8173e-05,0
3.1107,-5.7069e-06,0
3.1112,9.987e-05,0
3.1117,0.00020797,0
3.1123,0.00021434,0
3.1128,0.00010323,0
3.1133,-4.4816e-05,0
3.1138,-0.00013646,0
3.1143,-0.00014301,0
3.1149,-9.9031e-05,0
3.1154,-5.9754e-05,0
3.1159,-3.978e-05,0
3.1164,-1.7624e-05,0
3.1169,2.2995e-05,0
3.1175,8.2414e-05,0
3.118,0.00015006,0
3.1185,0.00019857,0
3.119,0.00021468,0
3.1195,0.00020494,0
3.1201,0.00016466,0
3.1206,0.00010524,0
3.1211,4.8173e-05,0
3.1216,-4.3641e-06,0
3.1221,-6.479e-05,0
3.1227,-0.00013646,0
3.1232,-0.00019957,0
3.1237,-0.00022794,0
3.1242,-0.00022274,0
3.1247,-0.00019219,0
3.1252,-0.00015291,0
3.1258,-0.00012001,0
3.1263,-7.2007e-05,0
3.1268,1.6785e-07,0
3.1273,6.8986e-05,0
3.1278,0.00010776,0
3.1284,0.00013143,0
3.1289,0.00014183,0
3.1294,0.00013814,0
3.1299,0.00014586,0
3.1304,0.00014519,0
3.131,0.00010121,0
3.1315,1.6281e-05,0
3.132,-8.51e-05,0
3.1325,-0.00017188,0
3.133,-0.00021418,0
3.1336,-0.00020797,0
3.1341,-0.00015979,0
3.1346,-7.4022e-05,0
3.1351,2.8367e-05,0
3.1356,9.987e-05,0
3.1362,0.00010524,0
3.1367,6.7308e-05,0
3.1372,9.1142e-05,0
3.1377,0.00022609,0
3.1382,0.00033687,0
3.1387,0.00029726,0
3.1393,0.00015543,0
3.1398,4.0787e-05,0
3.1403,1.4771e-05,0
3.1408,3.2059e-05,0
3.1413,3.2059e-05,0
3.1419,2.266e-05,0
3.1424,1.9974e-05,0
3.1429,2.5849e-05,0
3.1434,2.7359e-05,0
3.1439,1.5946e-05,0
3.1445,-1.0575e-05,0
3.145,-4.5823e-05,0
3.1455,-7.6036e-05,0
3.146,-9.8192e-05,0
3.1465,-0.00012035,0
3.1471,-0.00011632,0
3.1476,-7.7043e-05,0
3.1481,-2.182e-05,0
3.1486,4.0116e-05,0
3.1491,0.00011095,0
3.1497,0.00017792,0
3.1502,0.00021602,0
3.1507,0.00021569,0
3.1512,0.00018715,0
3.1517,0.0001415,0
3.1522,8.4428e-05,0
3.1528,2.182e-05,0
3.1533,-2.031e-05,0
3.1538,-2.5177e-05,0
3.1543,-1.796e-05,0
3.1548,-2.7359e-05,0
3.1554,-5.5558e-05,0
3.1559,-8.2078e-05,0
3.1564,-9.1142e-05,0
3.1569,-8.9464e-05,0
3.1574,-8.0735e-05,0
3.158,-6.865e-05,0
3.1585,-6.1433e-05,0
3.159,-6.6133e-05,0
3.1595,-8.7449e-05,0
3.16,-0.0001091,0
3.1606,-0.00010088,0
3.1611,-5.0355e-05,0
3.1616,1.5274e-05,0
3.1621,5.623e-05,0
3.1626,6.244e-05,0
3.1632,6.1265e-05,0
3.1637,0.00010021,0
3.1642,0.00021451,0
3.1647,0.00031942,0
3.1652,0.00034359,0
3.1658,0.00026268,0
3.1663,9.1478e-05,0
3.1668,-0.0001331,0
3.1673,-0.00033855,0
3.1678,-0.00039982,0
3.1683,-0.00026436,0
3.1689,-3.7263e-05,0
3.1694,0.0001086,0
3.1699,9.0471e-05,0
3.1704,-2.7024e-05,0
3.1709,-0.00011514,0
3.1715,-8.1407e-05,0
3.172,3.1891e-05,0
3.1725,0.00013848,0
3.173,0.00019319,0
3.1735,0.00019823,0
3.1741,0.0002083,0
3.1746,0.00025362,0
3.1751,0.00030599,0
3.1756,0.0003258,0
3.1761,0.00030465,0
3.1767,0.00025597,0
3.1772,0.00018682,0
3.1777,0.00010188,0
3.1782,1.4267e-05,0
3.1787,-3.1388e-05,0
3.1793,4.1962e-06,0
3.1798,5.8244e-05,0
3.1803,2.5345e-05,0
3.1808,-0.00010289,0
3.1813,-0.00023751,0
3.1818,-0.00029206,0
3.1824,-0.00026201,0
3.1829,-0.00020813,0
3.1834,-0.00018212,0
3.1839,-0.00017053,0
3.1844,-0.00013663,0
3.185,-7.6707e-05,0
3.1855,-3.2059e-05,0
3.186,-2.7024e-05,0
3.1865,-3.7095e-05,0
3.187,-2.8367e-05,0
3.1876,6.8818e-06,0
3.1881,7.5029e-05,0
3.1886,0.0001697,0
3.1891,0.00024892,0
3.1896,0.00029642,0
3.1902,0.00032815,0
3.1907,0.00033184,0
3.1912,0.00026403,0
3.1917,0.00011229,0
3.1922,-6.9322e-05,0
3.1928,-0.00015778,0
3.1933,-9.5003e-05,0
3.1938,-1.4267e-05,0
3.1943,-3.1724e-05,0
3.1948,-0.00012505,0
3.1953,-0.0002078,0
3.1959,-0.00020729,0
3.1964,-9.1981e-05,0
3.1969,8.6778e-05,0
3.1974,0.00021854,0
3.1979,0.00022895,0
3.1985,0.00014401,0
3.199,4.3473e-05,0
3.1995,-7.5532e-06,0
3.2,-1.9638e-05,0
3.2005,-3.3066e-05,0
3.2011,-7.1e-05,0
3.2016,-0.00017053,0
3.2021,-0.00029793,0
3.2026,-0.00032815,0
3.2031,-0.00024993,0
3.2037,-0.00015862,0
3.2042,-0.00012421,0
3.2047,-0.00012203,0
3.2052,-0.00010759,0
3.2057,-9.6178e-05,0
3.2062,-0.0001086,0
3.2068,-5.5894e-05,0
3.2073,8.5771e-05,0
3.2078,0.00019722,0
3.2083,0.00019991,0
3.2088,0.00012706,0
3.2094,1.796e-05,0
3.2099,-7.5532e-05,0
3.2104,-6.0594e-05,0
3.2109,8.4428e-05,0
3.2114,0.00025295,0
3.212,0.00034694,0
3.2125,0.00038051,0
3.213,0.00041039,0
3.2135,0.00043087,0
3.214,0.00041543,0
3.2146,0.00037565,0
3.2151,0.00032143,0
3.2156,0.00024724,0
3.2161,0.00015946,0
3.2166,8.4764e-05,0
3.2172,3.592e-05,0
3.2177,2.0142e-06,0
3.2182,-2.8702e-05,0
3.2187,-6.0594e-05,0
3.2192,-9.5338e-05,0
3.2197,-0.00012639,0
3.2203,-0.00015644,0
3.2208,-0.00019739,0
3.2213,-0.00022441,0
3.2218,-0.00016483,0
3.2223,-6.1936e-05,0
3.2229,-2.8534e-05,0
3.2234,-7.1168e-05,0
3.2239,-0.00010155,0
3.2244,-8.51e-05,0
3.2249,-5.8747e-05,0
3.2255,-4.7669e-05,0
3.226,-3.2395e-05,0
3.2265,7.2175e-06,0
3.227,7.7882e-05,0
3.2275,0.00014519,0
3.2281,0.00016164,0
3.2286,0.00013982,0
3.2291,0.00010558,0
3.2296,6.5629e-05,0
3.2301,1.4771e-05,0
3.2307,-6.6972e-05,0
3.2312,-0.0001848,0
3.2317,-0.00031002,0
3.2322,-0.00040351,0
3.2327,-0.00044295,0
3.2332,-0.00041912,0
3.2338,-0.00033822,0
3.2343,-0.00021283,0
3.2348,-5.153e-05,0
3.2353,0.00013008,0
3.2358,0.00030163,0
3.2364,0.00043792,0
3.2369,0.00049633,0
3.2374,0.00045772,0
3.2379,0.00036272,0
3.2384,0.00024741,0
3.239,0.00014485,0
3.2395,7.5029e-05,0
3.24,3.4745e-05,0
3.2405,1.3931e-05,0
3.241,-4.1962e-06,0
3.2416,-5.3208e-05,0
3.2421,-0.0001326,0
3.2426,-0.00019219,0
3.2431,-0.00018144,0
3.2436,-0.00012824,0
3.2442,-0.00010021,0
3.2447,-9.752e-05,0
3.2452,-8.1743e-05,0
3.2457,-3.3066e-05,0
3.2462,2.3331e-05,0
3.2468,6.4118e-05,0
3.2473,9.6345e-05,0
3.2478,0.00012656,0
3.2483,0.00016281,0
3.2488,0.00022408,0
3.2493,0.0002835,0
3.2499,0.00028316,0
3.2504,0.00021602,0
3.2509,0.00010491,0
3.2514,7.0497e-06,0
3.2519,-3.7095e-05,0
3.2525,-3.6423e-05,0
3.253,-2.6352e-05,0
3.2535,-4.0452e-05,0
3.254,-0.0001232,0
3.2545,-0.00027108,0
3.2551,-0.00035534,0
3.2556,-0.00032193,0
3.2561,-0.0002224,0
3.2566,-7.1672e-05,0
3.2571,9.7353e-05,0
3.2577,0.00018044,0
3.2582,0.00016902,0
3.2587,0.00015929,0
3.2592,0.00019554,0
3.2597,0.00021334,0
3.2603,0.0001185,0
3.2608,-2.417e-05,0
3.2613,-8.3085e-05,0
3.2618,-7.6371e-05,0
3.2623,-0.00010222,0
3.2628,-0.00015358,0
3.2634,-0.00018245,0
3.2639,-0.00018396,0
3.2644,-0.00012236,0
3.2649,4.8844e-05,0
3.2654,0.00026554,0
3.266,0.00041073,0
3.2665,0.0004349,0
3.267,0.00036692,0
3.2675,0.00030398,0
3.268,0.0002892,0
3.2686,0.00023062,0
3.2691,7.9728e-05,0
3.2696,-8.275e-05,0
3.2701,-0.00016584,0
3.2706,-0.00017121,0
3.2712,-0.0001462,0
3.2717,-0.00011363,0
3.2722,-8.7114e-05,0
3.2727,-8.1239e-05,0
3.2732,-5.6397e-05,0
3.2738,1.4267e-05,0
3.2743,9.9031e-05,0
3.2748,0.00014318,0
3.2753,0.00011649,0
3.2758,4.4816e-05,0
3.2763,-3.1724e-05,0
3.2769,-0.00010658,0
3.2774,-0.00018799,0
3.2779,-0.00023885,0
3.2784,-0.00025899,0
3.2789,-0.00026806,0
3.2795,-0.00026352,0
3.28,-0.00022576,0
3.2805,-0.00013663,0
3.281,5.2033e-06,0
3.2815,0.00015727,0
3.2821,0.00026923,0
3.2826,0.0003174,0
3.2831,0.00029944,0
3.2836,0.00023717,0
3.2841,0.00017708,0
3.2847,0.00015727,0
3.2852,0.00017339,0
3.2857,0.00018581,0
3.2862,0.00016466,0
3.2867,0.00010994,0
3.2872,5.9586e-05,0
3.2878,4.9516e-05,0
3.2883,4.9348e-05,0
3.2888,2.501e-05,0
3.2893,-1.6785e-06,0
3.2898,-1.0071e-05,0
3.2904,-4.9683e-05,0
3.2909,-0.00014888,0
3.2914,-0.00019118,0
3.2919,-0.00010256,0
3.2924,3.4409e-05,0
3.293,0.00011598,0
3.2935,0.00013613,0
3.294,0.00012404,0
3.2945,8.3757e-05,0
3.295,3.6927e-05,0
3.2956,2.3835e-05,0
3.2961,5.2873e-05,0
3.2966,7.9896e-05,0
3.2971,5.9586e-05,0
3.2976,8.2246e-06,0
3.2982,-1.1917e-05,0
3.2987,1.7288e-05,0
3.2992,5.0187e-05,0
3.2997,3.4073e-05,0
3.3002,-4.1291e-05,0
3.3007,-0.00011263,0
3.3013,-0.00013008,0
3.3018,-0.00010877,0
3.3023,-8.8792e-05,0
3.3028,-8.6778e-05,0
3.3033,-8.8624e-05,0
3.3039,-8.0064e-05,0
3.3044,-4.9683e-05,0
3.3049,-2.5177e-06,0
3.3054,3.8437e-05,0
3.3059,7.4861e-05,0
3.3065,8.3421e-05,0
3.307,2.2995e-05,0
3.3075,-6.3111e-05,0
3.308,-0.00012186,0
3.3085,-0.00015056,0
3.3091,-0.00016298,0
3.3096,-0.00014368,0
3.3101,-7.2007e-05,0
3.3106,4.448e-05,0
3.3111,0.00017305,0
3.3117,0.00028652,0
3.3122,0.00035802,0
3.3127,0.00036776,0
3.3132,0.00032378,0
3.3137,0.00024355,0
3.3142,0.0001462,0
3.3148,5.3376e-05,0
3.3153,-2.7192e-05,0
3.3158,-9.2988e-05,0
3.3163,-0.00012639,0
3.3168,-0.00011968,0
3.3174,-8.6442e-05,0
3.3179,-4.7166e-05,0
3.3184,-2.9374e-05,0
3.3189,-5.8579e-05,0
3.3194,-9.0806e-05,0
3.32,-7.0665e-05,0
3.3205,-5.539e-06,0
3.321,5.7572e-05,0
3.3215,8.3421e-05,0
3.322,6.1601e-05,0
3.3226,1.0575e-05,0
3.3231,-2.7192e-05,0
3.3236,-2.8367e-05,0
3.3241,1.5106e-06,0
3.3246,2.6688e-05,0
3.3252,1.796e-05,0
3.3257,-1.6617e-05,0
3.3262,-4.1962e-05,0
3.3267,-2.7695e-05,0
3.3272,1.4099e-05,0
3.3277,4.1627e-05,0
3.3283,3.7766e-05,0
3.3288,3.2227e-05,0
3.3293,5.7237e-05,0
3.3298,0.00010893,0
3.3303,0.0001613,0
3.3309,0.00017943,0
3.3314,0.00014687,0
3.3319,9.2653e-05,0
3.3324,4.7166e-05,0
3.3329,1.6281e-05,0
3.3335,1.1749e-06,0
3.334,-1.1749e-06,0
3.3345,1.3428e-06,0
3.335,1.0239e-05,0
3.3355,2.3331e-05,0
3.3361,3.3234e-05,0
3.3366,3.508e-05,0
3.3371,2.6017e-05,0
3.3376,7.8889e-06,0
3.3381,-9.5674e-06,0
3.3387,-2.1149e-05,0
3.3392,-2.3667e-05,0
3.3397,-1.9471e-05,0
3.3402,-1.3931e-05,0
3.3407,-1.6281e-05,0
3.3413,-2.501e-05,0
3.3418,-2.501e-05,0
3.3423,-1.7456e-05,0
3.3428,-1.3764e-05,0
3.3433,-1.7456e-05,0
3.3438,-2.8031e-05,0
3.3444,-4.0284e-05,0
3.3449,-6.714e-05,0
3.3454,-0.00013042,0
3.3459,-0.00021132,0
3.3464,-0.00026889,0
3.347,-0.0002793,0
3.3475,-0.00024355,0
3.348,-0.00018447,0
3.3485,-0.00010692,0
3.349,6.8818e-06,0
3.3496,0.0001509,0
3.3501,0.0002751,0
3.3506,0.00033922,0
3.3511,0.00034527,0
3.3516,0.00032747,0
3.3522,0.00031254,0
3.3527,0.00029961,0
3.3532,0.00026705,0
3.3537,0.00021468,0
3.3542,0.00016986,0
3.3548,0.00013243,0
3.3553,8.7449e-05,0
3.3558,5.0523e-05,0
3.3563,4.2466e-05,0
3.3568,4.6326e-05,0
3.3573,3.7934e-05,0
3.3579,1.4603e-05,0
3.3584,-1.8463e-05,0
3.3589,-7.0329e-05,0
3.3594,-0.00011414,0
3.3599,-0.0001091,0
3.3605,-5.9251e-05,0
3.361,5.7069e-06,0
3.3615,4.4648e-05,0
3.362,4.1459e-05,0
3.3625,1.3931e-05,0
3.3631,-7.2175e-06,0
3.3636,-1.7792e-05,0
3.3641,-7.3854e-05,0
3.3646,-0.00018144,0
3.3651,-0.00026436,0
3.3657,-0.00026436,0
3.3662,-0.00015694,0
3.3667,-1.5946e-05,0
3.3672,4.6662e-05,0
3.3677,2.3331e-05,0
3.3683,3.5248e-06,0
3.3688,5.9586e-05,0
3.3693,0.00018111,0
3.3698,0.00029055,0
3.3703,0.00033251,0
3.3708,0.00026923,0
3.3714,0.00012236,0
3.3719,-1.561e-05,0
3.3724,-8.2078e-05,0
3.3729,-5.388e-05,0
3.3734,5.8747e-06,0
3.374,-2.1149e-05,0
3.3745,-0.00016986,0
3.375,-0.00034879,0
3.3755,-0.00043087,0
3.376,-0.00038119,0
3.3766,-0.00025177,0
3.3771,-0.00010222,0
3.3776,2.7863e-05,0
3.3781,0.0001368,0
3.3786,0.00022979,0
3.3792,0.00028048,0
3.3797,0.00028048,0
3.3802,0.00024221,0
3.3807,0.00021132,0
3.3812,0.00021669,0
3.3817,0.00023062,0
3.3823,0.00023583,0
3.3828,0.00025698,0
3.3833,0.00026571,0
3.3838,0.00021921,0
3.3843,0.00012253,0
3.3849,3.4745e-05,0
3.3854,-2.2324e-05,0
3.3859,-7.7043e-05,0
3.3864,-0.00012807,0
3.3869,-0.00015056,0
3.3875,-0.0001331,0
3.388,-8.9296e-05,0
3.3885,-4.0787e-05,0
3.389,-2.8534e-06,0
3.3895,1.4771e-05,0
3.3901,2.2995e-05,0
3.3906,3.5752e-05,0
3.3911,4.8173e-05,0
3.3916,5.4887e-05,0
3.3921,5.6901e-05,0
3.3927,4.8508e-05,0
3.3932,2.5345e-05,0
3.3937,1.6785e-07,0
3.3942,-1.1078e-05,0
3.3947,-1.3764e-05,0
3.3952,-3.4577e-05,0
3.3958,-8.3757e-05,0
3.3963,-0.00012706,0
3.3968,-0.00013512,0
3.3973,-0.00011682,0
3.3978,-9.366e-05,0
3.3984,-7.7714e-05,0
3.3989,-6.4118e-05,0
3.3994,-4.8844e-05,0
3.3999,-3.3738e-05,0
3.4004,-1.9303e-05,0
3.401,-8.0568e-06,0
3.4015,-2.182e-06,0
3.402,-2.0645e-05,0
3.4025,-8.4932e-05,0
3.403,-0.0001801,0
3.4036,-0.00024724,0
3.4041,-0.00024221,0
3.4046,-0.00018698,0
3.4051,-0.00011128,0
3.4056,-1.8128e-05,0
3.4062,7.4022e-05,0
3.4067,0.00014318,0
3.4072,0.00020226,0
3.4077,0.00027158,0
3.4082,0.00033234,0
3.4087,0.00036172,0
3.4093,0.00034997,0
3.4098,0.00029894,0
3.4103,0.00023348,0
3.4108,0.00017977,0
3.4113,0.00014351,0
3.4119,0.000118,0
3.4124,9.9367e-05,0
3.4129,9.4499e-05,0
3.4134,8.5771e-05,0
3.4139,2.9206e-05,0
3.4145,-7.3518e-05,0
3.415,-0.00015593,0
3.4155,-0.00018296,0
3.416,-0.00016265,0
3.4165,-0.00011901,0
3.4171,-7.4189e-05,0
3.4176,-3.7934e-05,0
3.4181,-1.2757e-05,0
3.4186,1.1917e-05,0
3.4191,4.8173e-05,0
3.4197,8.275e-05,0
3.4202,9.1646e-05,0
3.4207,7.3686e-05,0
3.4212,4.5151e-05,0
3.4217,1.561e-05,0
3.4223,-2.5177e-06,0
3.4228,-5.2033e-06,0
3.4233,-5.0355e-07,0
3.4238,4.5319e-06,0
3.4243,4.8676e-06,0
3.4248,2.3499e-06,0
3.4254,2.182e-06,0
3.4259,8.896e-06,0
3.4264,1.9135e-05,0
3.4269,2.6352e-05,0
3.4274,2.417e-05,0
3.428,1.2253e-05,0
3.4285,1.5106e-06,0
3.429,3.0213e-06,0
3.4295,1.5274e-05,0
3.43,1.9806e-05,0
3.4306,-1.8463e-06,0
3.4311,-3.7766e-05,0
3.4316,-5.3544e-05,0
3.4321,-3.508e-05,0
3.4326,3.1891e-06,0
3.4332,4.0787e-05,0
3.4337,6.4958e-05,0
3.4342,8.6946e-05,0
3.4347,0.0001091,0
3.4352,0.00010222,0
3.4358,4.6159e-05,0
3.4363,-4.2634e-05,0
3.4368,-0.00012068,0
3.4373,-0.00019303,0
3.4378,-0.00028585,0
3.4383,-0.0003508,0
3.4389,-0.00033587,0
3.4394,-0.00024707,0
3.4399,-0.00010591,0
3.4404,7.3182e-05,0
3.4409,0.00024808,0
3.4415,0.00037229,0
3.442,0.00039428,0
3.4425,0.00033687,0
3.443,0.00028182,0
3.4435,0.00026201,0
3.4441,0.00030666,0
3.4446,0.00039528,0
3.4451,0.00040267,0
3.4456,0.00027225,0
3.4461,9.836e-05,0
3.4467,5.7069e-06,0
3.4472,6.5461e-06,0
3.4477,1.8631e-05,0
3.4482,1.0575e-05,0
3.4487,-2.182e-05,0
3.4493,-0.00011263,0
3.4498,-0.00023549,0
3.4503,-0.00030481,0
3.4508,-0.0002929,0
3.4513,-0.00023751,0
3.4518,-0.00018547,0
3.4524,-0.00016181,0
3.4529,-0.0001613,0
3.4534,-0.0001514,0
3.4539,-8.1575e-05,0
3.4544,3.9612e-05,0
3.455,0.00014888,0
3.4555,0.00018883,0
3.456,0.00016432,0
3.4565,0.00012639,0
3.457,0.00011162,0
3.4576,0.00014066,0
3.4581,0.00019789,0
3.4586,0.00024422,0
3.4591,0.00024959,0
3.4596,0.00020125,0
3.4602,9.1814e-05,0
3.4607,-8.2078e-05,0
3.4612,-0.00024221,0
3.4617,-0.00027343,0
3.4622,-0.00019068,0
3.4628,-0.00011296,0
3.4633,-0.00012085,0
3.4638,-0.00017389,0
3.4643,-0.00017272,0
3.4648,-8.1743e-05,0
3.4653,7.9393e-05,0
3.4659,0.00025496,0
3.4664,0.00037044,0
3.4669,0.00038119,0
3.4674,0.00029122,0
3.4679,0.00014871,0
3.4685,3.1891e-05,0
3.469,-1.561e-05,0
3.4695,-1.6114e-05,0
3.47,-4.5319e-06,0
3.4705,1.4267e-05,0
3.4711,3.0045e-05,0
3.4716,3.4073e-05,0
3.4721,3.4745e-05,0
3.4726,3.9109e-05,0
3.4731,3.9445e-05,0
3.4737,3.1556e-05,0
3.4742,1.6281e-05,0
3.4747,-1.0742e-05,0
3.4752,-4.5487e-05,0
3.4757,-0.00010591,0
3.4762,-0.00020696,0
3.4768,-0.00031589,0
3.4773,-0.00037044,0
3.4778,-0.00034174,0
3.4783,-0.00026403,0
3.4788,-0.00018128,0
3.4794,-9.6178e-05,0
3.4799,8.5603e-06,0
3.4804,0.00012656,0
3.4809,0.00024657,0
3.4814,0.00034157,0
3.482,0.00036507,0
3.4825,0.0002934,0
3.483,0.00017171,0
3.4835,5.6565e-05,0
3.484,-2.9038e-05,0
3.4846,-7.1336e-05,0
3.4851,-9.3996e-05,0
3.4856,-0.00011313,0
3.4861,-0.00012404,0
3.4866,-0.000118,0
3.4872,-8.9464e-05,0
3.4877,-2.5681e-05,0
3.4882,9.3324e-05,0
3.4887,0.00019118,0
3.4892,0.00016835,0
3.4897,4.6494e-05,0
3.4903,-6.714e-05,0
3.4908,-0.00011766,0
3.4913,-0.00012958,0
3.4918,-0.00014217,0
3.4923,-0.00014385,0
3.4929,-0.00012471,0
3.4934,-7.6204e-05,0
3.4939,0,0
3.4944,5.2537e-05,0
3.4949,6.3447e-05,0
3.4955,7.1168e-05,0
3.496,0.00012538,0
3.4965,0.00022005,0
3.497,0.00031321,0
3.4975,0.0003602,0
3.4981,0.00033889,0
3.4986,0.00027041,0
3.4991,0.00020125,0
3.4996,0.00015627,0
3.5001,0.00012673,0
3.5007,8.8121e-05,0
3.5012,4.0116e-05,0
3.5017,1.5106e-06,0
3.5022,-2.4674e-05,0
3.5027,-6.5293e-05,0
3.5032,-0.00010826,0
3.5038,-0.00011397,0
3.5043,-8.3589e-05,0
3.5048,-4.6494e-05,0
3.5053,-2.652e-05,0
3.5058,-2.266e-05,0
3.5064,-3.0213e-05,0
3.5069,-5.0355e-05,0
3.5074,-6.6972e-05,0
3.5079,-5.6733e-05,0
3.5084,-2.6352e-05,0
3.509,-1.6785e-06,0
3.5095,2.8367e-05,0
3.51,0.00013411,0
3.5105,0.00025899,0
3.511,0.00027208,0
3.5116,0.00015425,0
3.5121,-2.8534e-06,0
3.5126,-0.00010961,0
3.5131,-0.00015912,0
3.5136,-0.00017993,0
3.5142,-0.00017322,0
3.5147,-0.00013814,0
3.5152,-8.51e-05,0
3.5157,-4.5991e-05,0
3.5162,-7.2007e-05,0
3.5168,-0.00014888,0
3.5173,-0.00020948,0
3.5178,-0.00019638,0
3.5183,-0.00011666,0
3.5188,-2.8199e-05,0
3.5193,1.9135e-05,0
3.5199,3.9612e-05,0
3.5204,8.4428e-05,0
3.5209,0.00016902,0
3.5214,0.00026487,0
3.5219,0.0003127,0
3.5225,0.00028685,0
3.523,0.00023784,0
3.5235,0.00020914,0
3.524,0.00018379,0
3.5245,0.00014049,0
3.5251,9.0471e-05,0
3.5256,4.3473e-05,0
3.5261,5.539e-06,0
3.5266,-1.6449e-05,0
3.5271,-1.6617e-05,0
3.5277,-2.6856e-06,0
3.5282,3.6927e-06,0
3.5287,0,0
3.5292,-1.5106e-06,0
3.5297,-1.4267e-05,0
3.5303,-3.508e-05,0
3.5308,-3.5752e-05,0
3.5313,-2.6017e-05,0
3.5318,-1.7624e-05,0
3.5323,-3.5416e-05,0
3.5328,-7.9896e-05,0
3.5334,-0.00011649,0
3.5339,-0.00011514,0
3.5344,-7.5196e-05,0
3.5349,-1.2253e-05,0
3.5354,6.5965e-05,0
3.536,0.00014351,0
3.5365,0.00019521,0
3.537,0.00022005,0
3.5375,0.00024187,0
3.538,0.00025144,0
3.5386,0.00021736,0
3.5391,0.00012119,0
3.5396,-6.3783e-06,0
3.5401,-0.00011313,0
3.5406,-0.00016097,0
3.5412,-0.0001613,0
3.5417,-0.00014334,0
3.5422,-0.00013327,0
3.5427,-0.00012589,0
3.5432,-9.3156e-05,0
3.5438,-2.9877e-05,0
3.5443,4.2802e-05,0
3.5448,9.7185e-05,0
3.5453,0.00016634,0
3.5458,0.00023012,0
3.5463,0.00020461,0
3.5469,9.4835e-05,0
3.5474,8.3925e-07,0
3.5479,-1.4099e-05,0
3.5484,6.3783e-06,0
3.5489,3.1891e-06,0
3.5495,-3.8605e-06,0
3.55,2.7192e-05,0
3.5505,6.2104e-05,0
3.551,5.8244e-05,0
3.5515,3.2059e-05,0
3.5521,1.2757e-05,0
3.5526,5.2033e-06,0
3.5531,-2.182e-06,0
3.5536,-1.4435e-05,0
3.5541,-2.266e-05,0
3.5547,-2.3163e-05,0
3.5552,-2.4506e-05,0
3.5557,-3.3738e-05,0
3.5562,-4.8508e-05,0
3.5567,-6.5797e-05,0
3.5572,-0.00010658,0
3.5578,-0.0001749,0
3.5583,-0.0002135,0
3.5588,-0.00018329,0
3.5593,-9.8527e-05,0
3.5598,-1.4603e-05,0
3.5604,2.7359e-05,0
3.5609,3.2395e-05,0
3.5614,2.6688e-05,0
3.5619,3.4745e-05,0
3.5624,6.8818e-05,0
3.563,0.00011867,0
3.5635,0.00014536,0
3.564,0.00012136,0
3.5645,8.0735e-05,0
3.565,6.3615e-05,0
3.5656,6.949e-05,0
3.5661,7.7043e-05,0
3.5666,7.0665e-05,0
3.5671,5.1362e-05,0
3.5676,2.5849e-05,0
3.5682,2.8534e-06,0
3.5687,-1.5274e-05,0
3.5692,-3.9612e-05,0
3.5697,-9.4835e-05,0
3.5702,-0.00015308,0
3.5707,-0.00017658,0
3.5713,-0.00014771,0
3.5718,-8.4092e-05,0
3.5723,-2.5681e-05,0
3.5728,2.7695e-05,0
3.5733,9.5842e-05,0
3.5739,0.00016567,0
3.5744,0.00020763,0
3.5749,0.00022374,0
3.5754,0.00023046,0
3.5759,0.00022811,0
3.5765,0.00019487,0
3.577,0.00013227,0
3.5775,7.5868e-05,0
3.578,4.7501e-05,0
3.5785,3.7766e-05,0
3.5791,3.7263e-05,0
3.5796,4.0787e-05,0
3.5801,4.7333e-05,0
3.5806,5.6901e-05,0
3.5811,6.2943e-05,0
3.5817,5.3544e-05,0
3.5822,3.592e-05,0
3.5827,2.5849e-05,0
3.5832,1.6449e-05,0
3.5837,-1.6785e-07,0
3.5842,-2.3835e-05,0
3.5848,-2.501e-05,0
3.5853,3.2395e-05,0
3.5858,7.7714e-05,0
3.5863,3.1388e-05,0
3.5868,-7.8721e-05,0
3.5874,-0.00016197,0
3.5879,-0.00018547,0
3.5884,-0.00018329,0
3.5889,-0.00017775,0
3.5894,-0.00015828,0
3.59,-0.00013059,0
3.5905,-9.6681e-05,0
3.591,-6.5797e-05,0
3.5915,-3.743e-05,0
3.592,8.3925e-06,0
3.5926,4.5151e-05,0
3.5931,5.8915e-05,0
3.5936,8.0064e-05,0
3.5941,0.00012337,0
3.5946,0.00016634,0
3.5952,0.00017037,0
3.5957,0.00014083,0
3.5962,0.00011766,0
3.5967,0.000118,0
3.5972,0.00012605,0
3.5978,0.0001086,0
3.5983,3.9445e-05,0
3.5988,-4.0787e-05,0
3.5993,-6.2272e-05,0
3.5998,-2.7863e-05,0
3.6003,2.5849e-05,0
3.6009,5.623e-05,0
3.6014,2.5345e-05,0
3.6019,-3.743e-05,0
3.6024,-6.1936e-05,0
3.6029,-2.2156e-05,0
3.6035,5.7572e-05,0
3.604,0.00012807,0
3.6045,0.00014788,0
3.605,0.00012723,0
3.6055,0.00011263,0
3.6061,0.00012337,0
3.6066,0.00014049,0
3.6071,0.00014804,0
3.6076,0.0001368,0
3.6081,9.0974e-05,0
3.6087,2.2324e-05,0
3.6092,-2.7359e-05,0
3.6097,-3.7934e-05,0
3.6102,-2.9038e-05,0
3.6107,-2.3835e-05,0
3.6113,-2.2828e-05,0
3.6118,-1.1582e-05,0
3.6123,1.0575e-05,0
3.6128,3.1891e-05,0
3.6133,5.3208e-05,0
3.6138,6.8986e-05,0
3.6144,6.8315e-05,0
3.6149,4.4144e-05,0
3.6154,-6.5461e-06,0
3.6159,-7.8553e-05,0
3.6164,-0.00014032,0
3.617,-0.00016432,0
3.6175,-0.00016768,0
3.618,-0.0001942,0
3.6185,-0.00023398,0
3.619,-0.00023952,0
3.6196,-0.00016852,0
3.6201,-4.6326e-05,0
3.6206,3.3906e-05,0
3.6211,1.8631e-05,0
3.6216,-5.5222e-05,0
3.6222,-8.3253e-05,0
3.6227,-1.8296e-05,0
3.6232,9.836e-05,0
3.6237,0.00021468,0
3.6242,0.00028182,0
3.6248,0.00026,0
3.6253,0.00017137,0
3.6258,8.5771e-05,0
3.6263,4.5151e-05,0
3.6268,3.8773e-05,0
3.6273,3.8437e-05,0
3.6279,2.4842e-05,0
3.6284,-2.0142e-06,0
3.6289,-2.9709e-05,0
3.6294,-4.3473e-05,0
3.6299,-5.0523e-05,0
3.6305,-7.1336e-05,0
3.631,-0.00010037,0
3.6315,-0.00011968,0
3.632,-0.00011649,0
3.6325,-9.131e-05,0
3.6331,-5.3208e-05,0
3.6336,-9.5674e-06,0
3.6341,4.7166e-05,0
3.6346,0.0001368,0
3.6351,0.00023818,0
3.6357,0.00028887,0
3.6362,0.00025597,0
3.6367,0.0001519,0
3.6372,1.6281e-05,0
3.6377,-8.5771e-05,0
3.6383,-0.00012908,0
3.6388,-0.00012723,0
3.6393,-0.00010457,0
3.6398,-7.7379e-05,0
3.6403,-3.1388e-05,0
3.6408,4.2634e-05,0
3.6414,0.00013579,0
3.6419,0.00021971,0
3.6424,0.0002506,0
3.6429,0.00022441,0
3.6434,0.00018648,0
3.644,0.0001556,0
3.6445,0.00012287,0
3.645,9.1646e-05,0
3.6455,7.7714e-05,0
3.646,7.7714e-05,0
3.6466,6.8986e-05,0
3.6471,3.743e-05,0
3.6476,-9.5674e-06,0
3.6481,-4.7501e-05,0
3.6486,-6.63e-05,0
3.6492,-8.896e-05,0
3.6497,-0.00013378,0
3.6502,-0.00017255,0
3.6507,-0.00018195,0
3.6512,-0.00016617,0
3.6517,-0.00014049,0
3.6523,-0.00010944,0
3.6528,-7.4357e-05,0
3.6533,-2.7863e-05,0
3.6538,3.6255e-05,0
3.6543,0.00013344,0
3.6549,0.00025631,0
3.6554,0.00034762,0
3.6559,0.00037682,0
3.6564,0.00036574,0
3.6569,0.00028484,0
3.6575,0.00012203,0
3.658,-6.1769e-05,0
3.6585,-0.00019084,0
3.659,-0.00023146,0
3.6595,-0.00022123,0
3.6601,-0.00020964,0
3.6606,-0.00018849,0
3.6611,-0.00014519,0
3.6616,-7.5364e-05,0
3.6621,-9.9031e-06,0
3.6627,2.4002e-05,0
3.6632,3.8102e-05,0
3.6637,5.1865e-05,0
3.6642,6.2104e-05,0
3.6647,5.9922e-05,0
3.6652,4.6998e-05,0
3.6658,2.0645e-05,0
3.6663,-4.8508e-05,0
3.6668,-0.00013579,0
3.6673,-0.00016684,0
3.6678,-0.0001284,0
3.6684,-5.2537e-05,0
3.6689,2.501e-05,0
3.6694,6.3615e-05,0
3.6699,5.3376e-05,0
3.6704,2.8199e-05,0
3.671,1.5106e-05,0
3.6715,1.6617e-05,0
3.672,2.5345e-05,0
3.6725,2.266e-05,0
3.673,2.5177e-06,0
3.6736,-1.4939e-05,0
3.6741,-1.326e-05,0
3.6746,-1.1749e-06,0
3.6751,2.3835e-05,0
3.6756,7.4525e-05,0
3.6762,0.00013445,0
3.6767,0.00016265,0
3.6772,0.00013243,0
3.6777,7.3686e-05,0
3.6782,2.7863e-05,0
3.6787,-2.3163e-05,0
3.6793,-0.00011632,0
3.6798,-0.00018648,0
3.6803,-0.00017725,0
3.6808,-0.00012203,0
3.6813,-6.0258e-05,0
3.6819,-4.1962e-06,0
3.6824,5.9922e-05,0
3.6829,0.00013864,0
3.6834,0.00020394,0
3.6839,0.00023919,0
3.6845,0.00024741,0
3.685,0.0002313,0
3.6855,0.00018077,0
3.686,0.0001091,0
3.6865,5.3376e-05,0
3.6871,3.2395e-05,0
3.6876,3.6759e-05,0
3.6881,3.6927e-05,0
3.6886,1.6617e-05,0
3.6891,-7.3854e-06,0
3.6897,-2.0142e-05,0
3.6902,-2.1317e-05,0
3.6907,-1.561e-05,0
3.6912,-1.1582e-05,0
3.6917,-1.4939e-05,0
3.6923,-2.2995e-05,0
3.6928,-3.1052e-05,0
3.6933,-3.827e-05,0
3.6938,-5.2369e-05,0
3.6943,-6.7979e-05,0
3.6948,-5.6565e-05,0
3.6954,-2.0645e-05,0
3.6959,9.2317e-06,0
3.6964,2.9709e-05,0
3.6969,4.3305e-05,0
3.6974,6.009e-05,0
3.698,8.6778e-05,0
3.6985,0.00011867,0
3.699,0.0001462,0
3.6995,0.00016416,0
3.7,0.00017591,0
3.7006,0.00018044,0
3.7011,0.00017775,0
3.7016,0.00015274,0
3.7021,8.2414e-05,0
3.7026,-7.2175e-06,0
3.7032,-5.9251e-05,0
3.7037,-5.9083e-05,0
3.7042,-4.0452e-05,0
3.7047,-2.8702e-05,0
3.7052,-1.2924e-05,0
3.7058,-5.0355e-07,0
3.7063,-9.9031e-06,0
3.7068,-3.0045e-05,0
3.7073,-2.5345e-05,0
3.7078,-8.2246e-06,0
3.7083,-2.6017e-05,0
3.7089,-7.805e-05,0
3.7094,-0.0001274,0
3.7099,-0.00016197,0
3.7104,-0.00016382,0
3.7109,-0.00012773,0
3.7115,-6.949e-05,0
3.712,-1.561e-05,0
3.7125,2.1317e-05,0
3.713,4.448e-05,0
3.7135,5.9586e-05,0
3.7141,7.2847e-05,0
3.7146,8.8792e-05,0
3.7151,0.00011196,0
3.7156,0.00012857,0
3.7161,0.00012471,0
3.7167,0.00010994,0
3.7172,9.3828e-05,0
3.7177,7.6036e-05,0
3.7182,5.4887e-05,0
3.7187,3.5416e-05,0
3.7193,2.2995e-05,0
3.7198,9.9031e-06,0
3.7203,-4.8676e-06,0
3.7208,-1.5442e-05,0
3.7213,-2.2828e-05,0
3.7218,-2.7359e-05,0
3.7224,-2.2324e-05,0
3.7229,-2.8534e-06,0
3.7234,2.1317e-05,0
3.7239,3.7095e-05,0
3.7244,4.0787e-05,0
3.725,3.4577e-05,0
3.7255,2.4338e-05,0
3.726,2.2492e-05,0
3.7265,3.978e-05,0
3.727,6.4958e-05,0
3.7276,7.4022e-05,0
3.7281,5.5222e-05,0
3.7286,2.1317e-05,0
3.7291,-1.3764e-05,0
3.7296,-3.8773e-05,0
3.7302,-4.3977e-05,0
3.7307,-2.8199e-05,0
3.7312,6.5461e-06,0
3.7317,4.8005e-05,0
3.7322,6.6636e-05,0
3.7327,5.1865e-05,0
3.7333,2.3835e-05,0
3.7338,-4.8676e-06,0
3.7343,-2.7024e-05,0
3.7348,-3.8102e-05,0
3.7353,-3.6088e-05,0
3.7359,-2.501e-05,0
3.7364,-1.1078e-05,0
3.7369,1.5106e-06,0
3.7374,1.8296e-05,0
3.7379,4.3641e-05,0
3.7385,7.0832e-05,0
3.739,8.5771e-05,0
3.7395,8.1071e-05,0
3.74,6.7979e-05,0
3.7405,5.4047e-05,0
3.7411,3.7095e-05,0
3.7416,1.7792e-05,0
3.7421,-3.5248e-06,0
3.7426,-1.5946e-05,0
3.7431,-1.0575e-05,0
3.7437,3.8605e-06,0
3.7442,8.896e-06,0
3.7447,2.5177e-06,0
3.7452,-8.5603e-06,0
3.7457,-1.8296e-05,0
3.7462,-1.6281e-05,0
3.7468,3.0213e-06,0
3.7473,3.3402e-05,0
3.7478,6.1936e-05,0
3.7483,7.9561e-05,0
3.7488,8.4932e-05,0
3.7494,8.275e-05,0
3.7499,7.6036e-05,0
3.7504,6.5293e-05,0
3.7509,4.9851e-05,0
3.7514,2.4674e-05,0
3.752,-9.3996e-06,0
3.7525,-3.6759e-05,0
3.753,-4.6662e-05,0
3.7535,-4.2969e-05,0
3.754,-2.9709e-05,0
3.7546,-1.5946e-05,0
3.7551,-8.2246e-06,0
3.7556,9.2317e-06,0
3.7561,4.0955e-05,0
3.7566,5.4215e-05,0
3.7572,1.9806e-05,0
3.7577,-5.2537e-05,0
3.7582,-0.00010927,0
3.7587,-0.00011296,0
3.7592,-8.6946e-05,0
3.7597,-7.805e-05,0
3.7603,-9.1478e-05,0
3.7608,-7.2343e-05,0
3.7613,-4.1962e-06,0
3.7618,7.3518e-05,0
3.7623,0.00013814,0
3.7629,0.00018782,0
3.7634,0.00020662,0
3.7639,0.00017893,0
3.7644,0.00011162,0
3.7649,4.2466e-05,0
3.7655,1.326e-05,0
3.766,1.796e-05,0
3.7665,-5.539e-06,0
3.767,-4.3809e-05,0
3.7675,-5.2873e-05,0
3.7681,-3.4073e-05,0
3.7686,-1.091e-05,0
3.7691,1.9471e-05,0
3.7696,7.805e-05,0
3.7701,0.00015291,0
3.7707,0.00019521,0
3.7712,0.00017372,0
3.7717,0.00011397,0
3.7722,4.3641e-05,0
3.7727,-4.3137e-05,0
3.7732,-0.00012689,0
3.7738,-0.00017154,0
3.7743,-0.00017372,0
3.7748,-0.0001556,0
3.7753,-0.00013109,0
3.7758,-8.51e-05,0
3.7764,5.2033e-06,0
3.7769,0.00013982,0
3.7774,0.00026806,0
3.7779,0.00032412,0
3.7784,0.00030431,0
3.779,0.00023314,0
3.7795,0.00013814,0
3.78,5.3544e-05,0
3.7805,-1.6785e-06,0
3.781,-3.4073e-05,0
3.7816,-5.2369e-05,0
3.7821,-5.5222e-05,0
3.7826,-3.8941e-05,0
3.7831,-2.031e-05,0
3.7836,-5.8747e-06,0
3.7842,6.5461e-06,0
3.7847,1.9135e-05,0
3.7852,3.8437e-05,0
3.7857,5.0858e-05,0
3.7862,3.8605e-05,0
3.7868,-4.1962e-06,0
3.7873,-7.4357e-05,0
3.7878,-0.00014922,0
3.7883,-0.0001937,0
3.7888,-0.00019873,0
3.7893,-0.0001796,0
3.7899,-0.0001519,0
3.7904,-0.00011179,0
3.7909,-5.1698e-05,0
3.7914,2.5681e-05,0
3.7919,0.00010726,0
3.7925,0.00016886,0
3.793,0.00018379,0
3.7935,0.00015862,0
3.794,0.000118,0
3.7945,8.3757e-05,0
3.7951,6.5965e-05,0
3.7956,5.9251e-05,0
3.7961,5.7908e-05,0
3.7966,7.2007e-05,0
3.7971,9.8192e-05,0
3.7977,0.00011095,0
3.7982,9.4499e-05,0
3.7987,4.9683e-05,0
3.7992,-1.2421e-05,0
3.7997,-6.0594e-05,0
3.8003,-7.5029e-05,0
3.8008,-5.9251e-05,0
3.8013,-2.2828e-05,0
3.8018,1.2924e-05,0
3.8023,2.1317e-05,0
3.8028,8.896e-06,0
3.8034,1.0071e-06,0
3.8039,-3.1891e-06,0
3.8044,-1.2589e-05,0
3.8049,-2.2995e-05,0
3.8054,-3.1556e-05,0
3.806,-4.3809e-05,0
3.8065,-6.1601e-05,0
3.807,-7.2007e-05,0
3.8075,-6.7308e-05,0
3.808,-5.2201e-05,0
3.8086,-3.122e-05,0
3.8091,-8.3925e-07,0
3.8096,3.4073e-05,0
3.8101,6.0594e-05,0
3.8106,6.7475e-05,0
3.8112,6.4286e-05,0
3.8117,6.9993e-05,0
3.8122,7.8721e-05,0
3.8127,7.3686e-05,0
3.8132,5.5894e-05,0
3.8138,3.827e-05,0
3.8143,2.9206e-05,0
3.8148,2.887e-05,0
3.8153,2.9374e-05,0
3.8158,3.592e-05,0
3.8163,5.7404e-05,0
3.8169,8.1407e-05,0
3.8174,8.7953e-05,0
3.8179,7.7043e-05,0
3.8184,6.1601e-05,0
3.8189,4.8173e-05,0
3.8195,3.4409e-05,0
3.82,2.182e-05,0
3.8205,1.326e-05,0
3.821,9.2317e-06,0
3.8215,8.2246e-06,0
3.8221,7.7211e-06,0
3.8226,8.7282e-06,0
3.8231,1.8631e-05,0
3.8236,2.3331e-05,0
3.8241,1.2589e-05,0
3.8247,-1.2589e-05,0
3.8252,-4.6662e-05,0
3.8257,-7.8386e-05,0
3.8262,-9.0303e-05,0
3.8267,-7.9393e-05,0
3.8272,-5.6733e-05,0
3.8278,-3.9109e-05,0
3.8283,-3.4745e-05,0
3.8288,-3.357e-05,0
3.8293,-2.031e-05,0
3.8298,1.1749e-05,0
3.8304,5.1865e-05,0
3.8309,7.9057e-05,0
3.8314,8.3589e-05,0
3.8319,7.57e-05,0
3.8324,7.2343e-05,0
3.833,7.0329e-05,0
3.8335,8.6946e-05,0
3.834,0.00014166,0
3.8345,0.00019034,0
3.835,0.0001744,0
3.8356,8.4932e-05,0
3.8361,-5.1698e-05,0
3.8366,-0.00015157,0
3.8371,-0.00015442,0
3.8376,-8.4932e-05,0
3.8382,2.182e-06,0
3.8387,7.8386e-05,0
3.8392,0.00013512,0
3.8397,0.00016365,0
3.8402,0.00017708,0
3.8407,0.00018698,0
3.8413,0.00018849,0
3.8418,0.00017372,0
3.8423,0.00012572,0
3.8428,3.743e-05,0
3.8433,-4.3305e-05,0
3.8439,-6.9657e-05,0
3.8444,-4.5487e-05,0
3.8449,1.1749e-06,0
3.8454,3.978e-05,0
3.8459,6.1097e-05,0
3.8465,6.3615e-05,0
3.847,5.0858e-05,0
3.8475,3.9277e-05,0
3.848,4.1794e-05,0
3.8485,4.3137e-05,0
3.8491,1.4603e-05,0
3.8496,-3.1891e-05,0
3.8501,-6.5461e-05,0
3.8506,-8.0735e-05,0
3.8511,-8.8792e-05,0
3.8517,-8.9464e-05,0
3.8522,-8.0064e-05,0
3.8527,-6.3279e-05,0
3.8532,-4.8844e-05,0
3.8537,-4.7837e-05,0
3.8542,-5.7572e-05,0
3.8548,-7.2007e-05,0
3.8553,-9.0974e-05,0
3.8558,-0.00010037,0
3.8563,-8.2414e-05,0
3.8568,-5.0187e-05,0
3.8574,-3.8773e-05,0
3.8579,-5.1865e-05,0
3.8584,-6.3615e-05,0
3.8589,-3.9109e-05,0
3.8594,1.3596e-05,0
3.86,3.9612e-05,0
3.8605,1.2253e-05,0
3.861,-3.5416e-05,0
3.8615,-6.4118e-05,0
3.862,-6.244e-05,0
3.8626,-2.7024e-05,0
3.8631,3.7095e-05,0
3.8636,9.7185e-05,0
3.8641,0.00013344,0
3.8646,0.00015828,0
3.8652,0.00017641,0
3.8657,0.00019722,0
3.8662,0.00021199,0
3.8667,0.00019252,0
3.8672,0.00014385,0
3.8678,9.5171e-05,0
3.8683,5.7572e-05,0
3.8688,2.6688e-05,0
3.8693,2.5177e-06,0
3.8698,-1.0575e-05,0
3.8703,-9.7353e-06,0
3.8709,1.0239e-05,0
3.8714,5.388e-05,0
3.8719,0.00011179,0
3.8724,0.00015023,0
3.8729,0.00014553,0
3.8735,0.00010105,0
3.874,5.5726e-05,0
3.8745,4.7166e-05,0
3.875,6.7475e-05,0
3.8755,8.0232e-05,0
3.8761,6.8986e-05,0
3.8766,3.9948e-05,0
3.8771,1.1749e-06,0
3.8776,-3.2395e-05,0
3.8781,-4.2466e-05,0
3.8787,-3.4409e-05,0
3.8792,-2.266e-05,0
3.8797,-1.1917e-05,0
3.8802,-8.3925e-07,0
3.8807,7.7211e-06,0
3.8813,9.5674e-06,0
3.8818,4.3641e-06,0
3.8823,-5.539e-06,0
3.8828,-2.6017e-05,0
3.8833,-6.0258e-05,0
3.8838,-0.00010608,0
3.8844,-0.00016919,0
3.8849,-0.00026923,0
3.8854,-0.00035567,0
3.8859,-0.00036977,0
3.8864,-0.00032546,0
3.887,-0.00024942,0
3.8875,-0.00015996,0
3.888,-7.3686e-05,0
3.8885,-3.1891e-06,0
3.889,4.448e-05,0
3.8896,8.8121e-05,0
3.8901,0.00015828,0
3.8906,0.00025681,0
3.8911,0.00032882,0
3.8916,0.00033016,0
3.8922,0.00028988,0
3.8927,0.00025161,0
3.8932,0.00021451,0
3.8937,0.00016768,0
3.8942,0.00012471,0
3.8948,0.0001086,0
3.8953,0.00012001,0
3.8958,0.00013596,0
3.8963,0.00013143,0
3.8968,0.00010776,0
3.8973,8.3085e-05,0
3.8979,6.6972e-05,0
3.8984,4.9851e-05,0
3.8989,2.8031e-05,0
3.8994,7.7211e-06,0
3.8999,-6.8818e-06,0
3.9005,3.5248e-06,0
3.901,5.7404e-05,0
3.9015,0.0001232,0
3.902,0.00015291,0
3.9025,0.0001326,0
3.9031,8.2246e-05,0
3.9036,2.8702e-05,0
3.9041,-1.6281e-05,0
3.9046,-4.8508e-05,0
3.9051,-6.1936e-05,0
3.9057,-6.2943e-05,0
3.9062,-6.3951e-05,0
3.9067,-7.4525e-05,0
3.9072,-9.4163e-05,0
3.9077,-0.00010289,0
3.9082,-9.0806e-05,0
3.9088,-7.2175e-05,0
3.9093,-6.5965e-05,0
3.9098,-7.8386e-05,0
3.9103,-9.5842e-05,0
3.9108,-0.00010457,0
3.9114,-0.0001039,0
3.9119,-9.3492e-05,0
3.9124,-7.9393e-05,0
3.9129,-6.9322e-05,0
3.9134,-6.4286e-05,0
3.914,-6.4622e-05,0
3.9145,-7.8889e-05,0
3.915,-0.00010793,0
3.9155,-0.00013092,0
3.916,-0.00013193,0
3.9166,-0.000118,0
3.9171,-9.9199e-05,0
3.9176,-7.5532e-05,0
3.9181,-4.2802e-05,0
3.9186,1.0071e-05,0
3.9192,8.5771e-05,0
3.9197,0.00016634,0
3.9202,0.00024204,0
3.9207,0.00030951,0
3.9212,0.00034459,0
3.9217,0.00032714,0
3.9223,0.00026973,0
3.9228,0.00020327,0
3.9233,0.00014939,0
3.9238,0.00011112,0
3.9243,8.4932e-05,0
3.9249,6.5965e-05,0
3.9254,5.0858e-05,0
3.9259,3.0045e-05,0
3.9264,-1.0575e-05,0
3.9269,-5.1194e-05,0
3.9275,-6.7979e-05,0
3.928,-6.9657e-05,0
3.9285,-7.335e-05,0
3.929,-6.8147e-05,0
3.9295,-3.9109e-05,0
3.9301,8.2246e-06,0
3.9306,5.9419e-05,0
3.9311,9.9199e-05,0
3.9316,0.00011347,0
3.9321,9.5171e-05,0
3.9327,4.8844e-05,0
3.9332,-5.539e-06,0
3.9337,-3.9277e-05,0
3.9342,-3.3066e-05,0
3.9347,-1.6785e-07,0
3.9352,2.1317e-05,0
3.9358,1.5442e-05,0
3.9363,5.8747e-06,0
3.9368,8.5603e-06,0
3.9373,1.8296e-05,0
3.9378,2.8702e-05,0
3.9384,3.4241e-05,0
3.9389,3.1724e-05,0
3.9394,2.3499e-05,0
3.9399,1.1582e-05,0
3.9404,-1.0575e-05,0
3.941,-5.6565e-05,0
3.9415,-9.4835e-05,0
3.942,-9.8863e-05,0
3.9425,-8.275e-05,0
3.943,-6.3951e-05,0
3.9436,-4.7669e-05,0
3.9441,-3.2731e-05,0
3.9446,-2.0981e-05,0
3.9451,-1.091e-05,0
3.9456,5.2033e-06,0
3.9462,2.9374e-05,0
3.9467,5.4215e-05,0
3.9472,6.1265e-05,0
3.9477,4.8676e-05,0
3.9482,3.7263e-05,0
3.9487,3.3402e-05,0
3.9493,2.8031e-05,0
3.9498,1.796e-05,0
3.9503,8.5603e-06,0
3.9508,1.7288e-05,0
3.9513,4.7166e-05,0
3.9519,6.0258e-05,0
3.9524,4.8844e-05,0
3.9529,3.6759e-05,0
3.9534,4.1291e-05,0
3.9539,5.4887e-05,0
3.9545,6.4286e-05,0
3.955,7.2511e-05,0
3.9555,6.0594e-05,0
3.956,1.8967e-05,0
3.9565,-1.9806e-05,0
3.9571,-2.4842e-05,0
3.9576,-9.3996e-06,0
3.9581,3.357e-07,0
3.9586,7.2175e-06,0
3.9591,2.7527e-05,0
3.9597,5.0858e-05,0
3.9602,6.0761e-05,0
3.9607,6.2104e-05,0
3.9612,6.6804e-05,0
3.9617,7.5029e-05,0
3.9623,7.5532e-05,0
3.9628,5.7908e-05,0
3.9633,2.3667e-05,0
3.9638,-9.2317e-06,0
3.9643,-1.091e-05,0
3.9648,8.0568e-06,0
3.9654,-8.3925e-07,0
3.9659,-4.0452e-05,0
3.9664,-6.7475e-05,0
3.9669,-5.5894e-05,0
3.9674,-2.7695e-05,0
3.968,-8.2246e-06,0
3.9685,-5.0355e-07,0
3.969,3.6927e-06,0
3.9695,1.091e-05,0
3.97,1.326e-05,0
3.9706,5.2033e-06,0
3.9711,1.2253e-05,0
3.9716,3.508e-05,0
3.9721,4.1794e-05,0
3.9726,2.9877e-05,0
3.9732,2.2995e-05,0
3.9737,4.213e-05,0
3.9742,7.9057e-05,0
3.9747,0.00010591,0
3.9752,0.00011531,0
3.9758,0.00012068,0
3.9763,0.0001321,0
3.9768,0.00013915,0
3.9773,0.0001274,0
3.9778,0.00010356,0
3.9783,7.8386e-05,0
3.9789,5.4215e-05,0
3.9794,4.3809e-05,0
3.9799,4.2802e-05,0
3.9804,3.3738e-05,0
3.9809,4.8676e-06,0
3.9815,-3.1052e-05,0
3.982,-5.8412e-05,0
3.9825,-7.2847e-05,0
3.983,-7.57e-05,0
3.9835,-6.5293e-05,0
3.9841,-4.062e-05,0
3.9846,-9.3996e-06,0
3.9851,1.0407e-05,0
3.9856,1.1749e-05,0
3.9861,1.5946e-05,0
3.9867,3.2731e-05,0
3.9872,4.5487e-05,0
3.9877,3.0549e-05,0
3.9882,-1.8296e-05,0
3.9887,-8.426e-05,0
3.9893,-0.00013428,0
3.9898,-0.0001472,0
3.9903,-0.00012924,0
3.9908,-9.8024e-05,0
3.9913,-6.6804e-05,0
3.9918,-4.1794e-05,0
3.9924,-1.6785e-05,0
3.9929,1.9303e-05,0
3.9934,7.1e-05,0
3.9939,0.00013143,0
3.9944,0.00017893,0
3.995,0.00019286,0
3.9955,0.00017977,0
3.996,0.00015543,0
3.9965,0.00012152,0
3.997,8.4764e-05,0
3.9976,5.6397e-05,0
3.9981,3.8437e-05,0
3.9986,2.6184e-05,0
3.9991,1.4771e-05,0
3.9996,2.182e-06,0
4.0002,-1.4267e-05,0
4.0007,-3.743e-05,0
4.0012,-6.4622e-05,0
4.0017,-6.9993e-05,0
4.0022,-4.1794e-05,0
4.0027,-5.8747e-06,0
4.0033,1.0407e-05,0
4.0038,3.8605e-06,0
4.0043,-4.6998e-06,0
4.0048,5.0355e-06,0
4.0053,3.1724e-05,0
4.0059,5.7237e-05,0
4.0064,6.1601e-05,0
4.0069,3.6088e-05,0
4.0074,-3.0045e-05,0
4.0079,-0.0001227,0
4.0085,-0.00019487,0
4.009,-0.00021183,0
4.0095,-0.0001848,0
4.01,-0.00016684,0
4.0105,-0.0001655,0
4.0111,-0.00014435,0
4.0116,-8.1407e-05,0
4.0121,1.8631e-05,0
4.0126,0.00013613,0
4.0131,0.00023784,0
4.0137,0.00030045,0
4.0142,0.00031891,0
4.0147,0.0003023,0
4.0152,0.00027074,0
4.0157,0.00023012,0
4.0163,0.00016768,0
4.0168,9.6513e-05,0
4.0173,5.0858e-05,0
4.0178,5.2705e-05,0
4.0183,0.00010021,0
4.0188,0.00015157,0
4.0194,0.00015862,0
4.0199,0.00011934,0
4.0204,5.7404e-05,0
4.0209,-5.8747e-06,0
4.0214,-5.5222e-05,0
4.022,-8.5435e-05,0
4.0225,-9.601e-05,0
4.023,-9.6849e-05,0
4.0235,-8.7785e-05,0
4.024,-5.4047e-05,0
4.0246,-3.1891e-06,0
4.0251,3.4409e-05,0
4.0256,3.9109e-05,0
4.0261,2.1149e-05,0
4.0266,9.2317e-06,0
4.0272,1.7121e-05,0
4.0277,3.0381e-05,0
4.0282,3.0716e-05,0
4.0287,1.5946e-05,0
4.0292,-2.8534e-06,0
4.0297,-1.5106e-05,0
4.0303,-1.9638e-05,0
4.0308,-1.7121e-05,0
4.0313,-9.9031e-06,0
4.0318,-6.0426e-06,0
4.0323,-2.2324e-05,0
4.0329,-5.4383e-05,0
4.0334,-7.335e-05,0
4.0339,-6.5797e-05,0
4.0344,-4.0787e-05,0
4.0349,-1.5442e-05,0
4.0355,3.0213e-06,0
4.036,7.2175e-06,0
4.0365,-5.8747e-06,0
4.037,-3.2059e-05,0
4.0375,-5.6565e-05,0
4.0381,-5.9251e-05,0
4.0386,-3.9948e-05,0
4.0391,-1.7792e-05,0
4.0396,-6.5461e-06,0
4.0401,7.5532e-06,0
4.0407,2.4002e-05,0
4.0412,7.2175e-06,0
4.0417,-5.8747e-05,0
4.0422,-0.00012068,0
4.0427,-0.00013411,0
4.0432,-0.00011716,0
4.0438,-9.7856e-05,0
4.0443,-7.3014e-05,0
4.0448,-2.3331e-05,0
4.0453,5.2537e-05,0
4.0458,0.00013848,0
4.0464,0.00022274,0
4.0469,0.00031237,0
4.0474,0.00038555,0
4.0479,0.00039327,0
4.0484,0.00032428,0
4.049,0.00021804,0
4.0495,0.00012337,0
4.05,6.0929e-05,0
4.0505,2.266e-05,0
4.051,-4.8676e-06,0
4.0516,-2.3835e-05,0
4.0521,-3.0045e-05,0
4.0526,-1.6785e-05,0
4.0531,1.5274e-05,0
4.0536,4.6662e-05,0
4.0542,5.8244e-05,0
4.0547,4.9516e-05,0
4.0552,2.1317e-05,0
4.0557,-2.8534e-05,0
4.0562,-7.7882e-05,0
4.0568,-0.00010155,0
4.0573,-0.00010071,0
4.0578,-9.5003e-05,0
4.0583,-9.7185e-05,0
4.0588,-0.00010256,0
4.0593,-9.8527e-05,0
4.0599,-8.5435e-05,0
4.0604,-7.0329e-05,0
4.0609,-5.2201e-05,0
4.0614,-3.0045e-05,0
4.0619,-1.3092e-05,0
4.0625,0,0
4.063,2.417e-05,0
4.0635,5.4215e-05,0
4.064,6.5293e-05,0
4.0645,5.2201e-05,0
4.0651,3.0213e-05,0
4.0656,1.3931e-05,0
4.0661,-8.3925e-07,0
4.0666,-2.9709e-05,0
4.0671,-6.2943e-05,0
4.0677,-8.6778e-05,0
4.0682,-0.00013545,0
4.0687,-0.0001848,0
4.0692,-0.00017641,0
4.0697,-9.4499e-05,0
4.0702,3.0549e-05,0
4.0708,0.00014351,0
4.0713,0.00021334,0
4.0718,0.00023885,0
4.0723,0.00022794,0
4.0728,0.00019756,0
4.0734,0.00016197,0
4.0739,0.00011884,0
4.0744,5.4215e-05,0
4.0749,-2.8367e-05,0
4.0754,-8.6946e-05,0
4.076,-9.6849e-05,0
4.0765,-7.0161e-05,0
4.077,-2.2828e-05,0
4.0775,4.3473e-05,0
4.078,0.00012773,0
4.0786,0.00020192,0
4.0791,0.00024137,0
4.0796,0.00023516,0
4.0801,0.00019118,0
4.0806,0.00014217,0
4.0812,0.00011263,0
4.0817,9.0974e-05,0
4.0822,6.4118e-05,0
4.0827,3.7095e-05,0
4.0832,1.796e-05,0
4.0838,3.6927e-06,0
4.0843,-1.1917e-05,0
4.0848,-2.3331e-05,0
4.0853,-2.5177e-05,0
4.0858,-2.1149e-05,0
4.0863,-1.5778e-05,0
4.0869,-9.9031e-06,0
4.0874,-1.0239e-05,0
4.0879,-2.0645e-05,0
4.0884,-3.6255e-05,0
4.0889,-4.6662e-05,0
4.0895,-4.7166e-05,0
4.09,-4.6998e-05,0
4.0905,-4.9683e-05,0
4.091,-4.9851e-05,0
4.0915,-4.448e-05,0
4.0921,-3.6423e-05,0
4.0926,-4.1123e-05,0
4.0931,-5.0858e-05,0
4.0936,-4.6159e-05,0
4.0941,-2.7024e-05,0
4.0947,-7.0497e-06,0
4.0952,6.714e-07,0
4.0957,-3.357e-06,0
4.0962,4.6998e-06,0
4.0967,3.1724e-05,0
4.0972,5.539e-05,0
4.0978,6.3951e-05,0
4.0983,6.9993e-05,0
4.0988,8.2582e-05,0
4.0993,8.8457e-05,0
4.0998,7.8721e-05,0
4.1004,6.4622e-05,0
4.1009,5.4383e-05,0
4.1014,3.6088e-05,0
4.1019,-3.8605e-06,0
4.1024,-4.8508e-05,0
4.103,-7.1e-05,0
4.1035,-7.4357e-05,0
4.104,-7.6875e-05,0
4.1045,-8.2078e-05,0
4.105,-7.9561e-05,0
4.1056,-6.3279e-05,0
4.1061,-3.6927e-05,0
4.1066,7.2175e-06,0
4.1071,7.7714e-05,0
4.1076,0.00015962,0
4.1082,0.0002177,0
4.1087,0.00022676,0
4.1092,0.00019722,0
4.1097,0.00015895,0
4.1102,0.00011766,0
4.1108,7.0665e-05,0
4.1113,2.7359e-05,0
4.1118,-8.2246e-06,0
4.1123,-4.0787e-05,0
4.1128,-6.7308e-05,0
4.1133,-8.1071e-05,0
4.1139,-8.6107e-05,0
4.1144,-7.3686e-05,0
4.1149,-3.0381e-05,0
4.1154,2.6688e-05,0
4.1159,7.2343e-05,0
4.1165,9.3492e-05,0
4.117,9.6513e-05,0
4.1175,9.7185e-05,0
4.118,9.987e-05,0
4.1185,0.00010155,0
4.1191,9.0303e-05,0
4.1196,7.3014e-05,0
4.1201,6.4286e-05,0
4.1206,5.7908e-05,0
4.1211,4.4144e-05,0
4.1217,2.0813e-05,0
4.1222,-1.4267e-05,0
4.1227,-5.2201e-05,0
4.1232,-7.1336e-05,0
4.1237,-5.6565e-05,0
4.1242,-1.9638e-05,0
4.1248,1.2589e-05,0
4.1253,2.3835e-05,0
4.1258,1.6785e-07,0
4.1263,-7.3686e-05,0
4.1268,-0.00014989,0
4.1274,-0.00016265,0
4.1279,-0.00011582,0
4.1284,-5.8915e-05,0
4.1289,-2.2324e-05,0
4.1294,-3.6927e-06,0
4.13,1.1582e-05,0
4.1305,3.978e-05,0
4.131,7.8218e-05,0
4.1315,0.00010625,0
4.132,0.00010793,0
4.1326,8.4596e-05,0
4.1331,3.978e-05,0
4.1336,-2.8031e-05,0
4.1341,-8.9632e-05,0
4.1346,-0.00010843,0
4.1352,-8.5603e-05,0
4.1357,-4.0452e-05,0
4.1362,4.1962e-06,0
4.1367,2.7359e-05,0
4.1372,3.0045e-05,0
4.1377,3.6759e-05,0
4.1383,8.2078e-05,0
4.1388,0.00014955,0
4.1393,0.00018883,0
4.1398,0.00017842,0
4.1403,0.00013411,0
4.1409,7.9057e-05,0
4.1414,2.5177e-05,0
4.1419,-2.4506e-05,0
4.1424,-6.63e-05,0
4.1429,-0.00011901,0
4.1435,-0.00018379,0
4.144,-0.00022072,0
4.1445,-0.00021048,0
4.145,-0.00015459,0
4.1455,-7.1839e-05,0
4.1461,3.6927e-06,0
4.1466,5.9586e-05,0
4.1471,0.00010306,0
4.1476,0.00014519,0
4.1481,0.00019152,0
4.1487,0.00023549,0
4.1492,0.00025026,0
4.1497,0.00022928,0
4.1502,0.00019101,0
4.1507,0.00015543,0
4.1513,0.00012874,0
4.1518,0.00010188,0
4.1523,6.7643e-05,0
4.1528,3.5248e-05,0
4.1533,1.3092e-05,0
4.1538,2.3499e-06,0
4.1544,-8.3925e-06,0
4.1549,-2.5849e-05,0
4.1554,-3.5752e-05,0
4.1559,-2.5345e-05,0
4.1564,3.357e-07,0
4.157,2.4338e-05,0
4.1575,2.9374e-05,0
4.158,1.9303e-05,0
4.1585,4.1962e-06,0
4.159,-1.6953e-05,0
4.1596,-4.1123e-05,0
4.1601,-5.2873e-05,0
4.1606,-4.1123e-05,0
4.1611,-1.9135e-05,0
4.1616,-1.091e-05,0
4.1622,-2.1653e-05,0
4.1627,-3.6423e-05,0
4.1632,-3.9445e-05,0
4.1637,-3.3066e-05,0
4.1642,-2.4674e-05,0
4.1647,-1.326e-05,0
4.1653,2.182e-06,0
4.1658,1.3931e-05,0
4.1663,2.1653e-05,0
4.1668,2.7192e-05,0
4.1673,2.7695e-05,0
4.1679,1.8631e-05,0
4.1684,7.5532e-06,0
4.1689,1.1749e-06,0
4.1694,-7.8889e-06,0
4.1699,-2.3499e-05,0
4.1705,-3.6591e-05,0
4.171,-3.357e-05,0
4.1715,-1.9974e-05,0
4.172,-1.091e-05,0
4.1725,-2.0478e-05,0
4.1731,-4.7166e-05,0
4.1736,-6.5293e-05,0
4.1741,-5.2033e-05,0
4.1746,-1.9471e-05,0
4.1751,6.0426e-06,0
4.1757,2.3163e-05,0
4.1762,3.9445e-05,0
4.1767,5.8915e-05,0
4.1772,8.7953e-05,0
4.1777,0.000118,0
4.1783,0.00013243,0
4.1788,0.00013411,0
4.1793,0.00014217,0
4.1798,0.00015207,0
4.1803,0.00014653,0
4.1808,0.00012102,0
4.1814,7.6036e-05,0
4.1819,1.1917e-05,0
4.1824,-5.2369e-05,0
4.1829,-9.0471e-05,0
4.1834,-0.00010877,0
4.184,-0.00011716,0
4.1845,-9.752e-05,0
4.185,-5.2369e-05,0
4.1855,7.2175e-06,0
4.186,6.3447e-05,0
4.1866,0.00011044,0
4.1871,0.00015274,0
4.1876,0.00019638,0
4.1881,0.00023348,0
4.1886,0.00023532,0
4.1892,0.00019924,0
4.1897,0.0001425,0
4.1902,8.51e-05,0
4.1907,4.0787e-05,0
4.1912,1.6449e-05,0
4.1917,1.2253e-05,0
4.1923,2.4506e-05,0
4.1928,3.6591e-05,0
4.1933,3.5752e-05,0
4.1938,2.1317e-05,0
4.1943,-3.357e-06,0
4.1949,-3.3066e-05,0
4.1954,-5.8076e-05,0
4.1959,-7.6371e-05,0
4.1964,-8.2918e-05,0
4.1969,-6.3615e-05,0
4.1975,-3.2395e-05,0
4.198,-3.6088e-05,0
4.1985,-9.5003e-05,0
4.199,-0.00016181,0
4.1995,-0.00019118,0
4.2001,-0.00016936,0
4.2006,-0.00011565,0
4.2011,-6.7643e-05,0
4.2016,-4.5823e-05,0
4.2021,-3.2395e-05,0
4.2027,1.8463e-06,0
4.2032,6.3951e-05,0
4.2037,0.0001425,0
4.2042,0.00020629,0
4.2047,0.00023062,0
4.2053,0.00020562,0
4.2058,0.00013864,0
4.2063,6.5629e-05,0
4.2068,1.8631e-05,0
4.2073,-5.0355e-07,0
4.2078,-7.8889e-06,0
4.2084,-1.0239e-05,0
4.2089,-2.3499e-06,0
4.2094,3.5248e-06,0
4.2099,-1.3428e-06,0
4.2104,-7.5532e-06,0
4.211,-8.3925e-06,0
4.2115,-9.2317e-06,0
4.212,-1.091e-05,0
4.2125,-8.896e-06,0
4.213,-7.5532e-06,0
4.2136,-1.4603e-05,0
4.2141,-3.1388e-05,0
4.2146,-4.3137e-05,0
4.2151,-4.2466e-05,0
4.2156,-3.0549e-05,0
4.2162,-1.091e-05,0
4.2167,-3.8605e-06,0
4.2172,-2.1653e-05,0
4.2177,-4.4648e-05,0
4.2182,-6.2104e-05,0
4.2188,-8.1071e-05,0
4.2193,-0.00010239,0
4.2198,-0.00010658,0
4.2203,-8.1407e-05,0
4.2208,-4.1459e-05,0
4.2213,2.3499e-06,0
4.2219,6.3615e-05,0
4.2224,0.0001472,0
4.2229,0.00023197,0
4.2234,0.00029055,0
4.2239,0.00030935,0
4.2245,0.00029709,0
4.225,0.00026436,0
4.2255,0.00021401,0
4.226,0.00015828,0
4.2265,0.00010289,0
4.2271,6.0929e-05,0
4.2276,4.8005e-05,0
4.2281,4.8844e-05,0
4.2286,4.3473e-05,0
4.2291,2.7024e-05,0
4.2297,-5.0355e-07,0
4.2302,-3.743e-05,0
4.2307,-7.4357e-05,0
4.2312,-9.4835e-05,0
4.2317,-7.805e-05,0
4.2322,-3.2731e-05,0
4.2328,3.5248e-06,0
4.2333,-4.5319e-06,0
4.2338,-5.5894e-05,0
4.2343,-0.00010994,0
4.2348,-0.00015677,0
4.2354,-0.00018816,0
4.2359,-0.00017758,0
4.2364,-0.00012773,0
4.2369,-5.6397e-05,0
4.2374,1.3092e-05,0
4.238,5.5222e-05,0
4.2385,7.5029e-05,0
4.239,9.8192e-05,0
4.2395,0.00013864,0
4.24,0.00018094,0
4.2406,0.00017053,0
4.2411,8.2414e-05,0
4.2416,-2.4674e-05,0
4.2421,-8.2582e-05,0
4.2426,-8.2078e-05,0
4.2432,-5.9419e-05,0
4.2437,-4.8508e-05,0
4.2442,-5.9251e-05,0
4.2447,-7.1336e-05,0
4.2452,-5.9922e-05,0
4.2458,-1.9974e-05,0
4.2463,4.4144e-05,0
4.2468,0.00011733,0
4.2473,0.0001697,0
4.2478,0.00018212,0
4.2483,0.00017423,0
4.2489,0.0001744,0
4.2494,0.0001697,0
4.2499,0.00013579,0
4.2504,8.426e-05,0
4.2509,3.9277e-05,0
4.2515,1.6449e-05,0
4.252,3.2563e-05,0
4.2525,7.6707e-05,0
4.253,0.00010826,0
4.2535,9.8695e-05,0
4.2541,6.0258e-05,0
4.2546,2.2828e-05,0
4.2551,9.7353e-06,0
4.2556,1.4603e-05,0
4.2561,2.1653e-05,0
4.2567,2.5849e-05,0
4.2572,1.9974e-05,0
4.2577,-1.4939e-05,0
4.2582,-8.3421e-05,0
4.2587,-0.00014099,0
4.2592,-0.00015157,0
4.2598,-0.00013629,0
4.2603,-0.00011766,0
4.2608,-9.5842e-05,0
4.2613,-8.3085e-05,0
4.2618,-9.1814e-05,0
4.2624,-0.0001091,0
4.2629,-0.00011145,0
4.2634,-8.2414e-05,0
4.2639,-3.3738e-05,0
4.2644,-5.2033e-06,0
4.265,-1.091e-05,0
4.2655,-2.5345e-05,0
4.266,-2.0142e-05,0
4.2665,2.266e-05,0
4.267,9.8192e-05,0
4.2676,0.00016701,0
4.2681,0.00019185,0
4.2686,0.00016349,0
4.2691,8.6275e-05,0
4.2696,-8.5603e-06,0
4.2702,-6.5293e-05,0
4.2707,-6.4118e-05,0
4.2712,-3.6088e-05,0
4.2717,-1.2253e-05,0
4.2722,6.714e-07,0
4.2728,-2.5177e-06,0
4.2733,-2.0981e-05,0
4.2738,-4.0116e-05,0
4.2743,-5.2705e-05,0
4.2748,-3.8941e-05,0
4.2753,5.7069e-06,0
4.2759,6.865e-05,0
4.2764,0.00012857,0
4.2769,0.00016735,0
4.2774,0.0001801,0
4.2779,0.00018161,0
4.2785,0.00019118,0
4.279,0.00020864,0
4.2795,0.00021468,0
4.28,0.00019454,0
4.2805,0.00015224,0
4.2811,0.00010423,0
4.2816,5.9251e-05,0
4.2821,1.7121e-05,0
4.2826,-3.0381e-05,0
4.2831,-7.7043e-05,0
4.2837,-0.00010205,0
4.2842,-0.00011565,0
4.2847,-0.00013713,0
4.2852,-0.00016231,0
4.2857,-0.00017288,0
4.2862,-0.00016281,0
4.2868,-0.0001331,0
4.2873,-9.4163e-05,0
4.2878,-5.2201e-05,0
4.2883,-1.1749e-06,0
4.2888,6.63e-05,0
4.2894,0.00015727,0
4.2899,0.00023818,0
4.2904,0.00024993,0
4.2909,0.00018883,0
4.2914,0.00010188,0
4.292,2.8031e-05,0
4.2925,-2.1149e-05,0
4.293,-4.6494e-05,0
4.2935,-4.6494e-05,0
4.294,-3.0213e-05,0
4.2946,-1.0575e-05,0
4.2951,7.3854e-06,0
4.2956,2.2324e-05,0
4.2961,4.062e-05,0
4.2966,6.6133e-05,0
4.2972,8.9128e-05,0
4.2977,0.00010121,0
4.2982,8.6778e-05,0
4.2987,2.6856e-05,0
4.2992,-5.1865e-05,0
4.2998,-0.00010675,0
4.3003,-0.00012203,0
4.3008,-0.00010809,0
4.3013,-8.3589e-05,0
4.3018,-6.0594e-05,0
4.3023,-3.6591e-05,0
4.3029,-1.2253e-05,0
4.3034,1.5946e-05,0
4.3039,4.7837e-05,0
4.3044,7.9057e-05,0
4.3049,0.00010239,0
4.3055,0.00010709,0
4.306,9.987e-05,0
4.3065,9.1142e-05,0
4.307,8.2246e-05,0
4.3075,7.6036e-05,0
4.3081,8.4596e-05,0
4.3086,0.00011733,0
4.3091,0.00015828,0
4.3096,0.00017675,0
4.3101,0.00016768,0
4.3107,0.00014217,0
4.3112,0.00010658,0
4.3117,5.8915e-05,0
4.3122,1.1917e-05,0
4.3127,-2.1988e-05,0
4.3133,-4.1123e-05,0
4.3138,-3.9277e-05,0
4.3143,-1.6953e-05,0
4.3148,1.0575e-05,0
4.3153,1.1582e-05,0
4.3158,-2.0981e-05,0
4.3164,-5.9083e-05,0
4.3169,-8.51e-05,0
4.3174,-0.00011179,0
4.3179,-0.00014401,0
4.3184,-0.00017691,0
4.319,-0.00020243,0
4.3195,-0.00021166,0
4.32,-0.00019185,0
4.3205,-0.0001284,0
4.321,-3.1388e-05,0
4.3216,5.4719e-05,0
4.3221,7.57e-05,0
4.3226,2.1317e-05,0
4.3231,-3.5248e-05,0
4.3236,-3.1388e-05,0
4.3242,2.2492e-05,0
4.3247,7.8721e-05,0
4.3252,0.00010054,0
4.3257,9.4499e-05,0
4.3262,8.3757e-05,0
4.3267,7.7043e-05,0
4.3273,7.3014e-05,0
4.3278,8.191e-05,0
4.3283,9.5003e-05,0
4.3288,8.3589e-05,0
4.3293,5.5894e-05,0
4.3299,3.3066e-05,0
4.3304,-8.5603e-06,0
4.3309,-5.388e-05,0
4.3314,-6.6804e-05,0
4.3319,-4.7166e-05,0
4.3325,-1.3931e-05,0
4.333,1.796e-05,0
4.3335,4.1459e-05,0
4.334,5.5558e-05,0
4.3345,6.6972e-05,0
4.3351,8.04e-05,0
4.3356,0.00010155,0
4.3361,0.0001331,0
4.3366,0.00015929,0
4.3371,0.00015543,0
4.3377,0.00012404,0
4.3382,8.7617e-05,0
4.3387,5.8915e-05,0
4.3392,3.9445e-05,0
4.3397,3.0045e-05,0
4.3403,2.5681e-05,0
4.3408,1.8296e-05,0
4.3413,7.0497e-06,0
4.3418,-5.0355e-07,0
4.3423,-9.3996e-06,0
4.3428,-3.0213e-05,0
4.3434,-5.623e-05,0
4.3439,-6.9993e-05,0
4.3444,-6.8818e-05,0
4.3449,-6.4118e-05,0
4.3454,-6.0258e-05,0
4.346,-5.2537e-05,0
4.3465,-3.7095e-05,0
4.347,-8.896e-06,0
4.3475,3.3234e-05,0
4.348,7.7043e-05,0
4.3486,0.00010356,0
4.3491,0.0001039,0
4.3496,8.3421e-05,0
4.3501,5.1865e-05,0
4.3506,1.2253e-05,0
4.3512,-1.8799e-05,0
4.3517,-1.8128e-05,0
4.3522,2.3499e-06,0
4.3527,4.3641e-06,0
4.3532,-2.501e-05,0
4.3537,-6.0426e-05,0
4.3543,-8.4428e-05,0
4.3548,-8.4428e-05,0
4.3553,-4.918e-05,0
4.3558,1.0575e-05,0
4.3563,6.3951e-05,0
4.3569,8.5771e-05,0
4.3574,7.7714e-05,0
4.3579,7.7714e-05,0
4.3584,0.00010977,0
4.3589,0.00014217,0
4.3595,0.00012538,0
4.36,6.0258e-05,0
4.3605,-9.7353e-06,0
4.361,-5.3376e-05,0
4.3615,-7.1e-05,0
4.3621,-7.6036e-05,0
4.3626,-7.9225e-05,0
4.3631,-7.6204e-05,0
4.3636,-5.1698e-05,0
4.3641,-7.3854e-06,0
4.3647,4.5487e-05,0
4.3652,9.2821e-05,0
4.3657,0.00011901,0
4.3662,0.00011112,0
4.3667,7.0665e-05,0
4.3673,1.6785e-05,0
4.3678,-2.1653e-05,0
4.3683,-2.1653e-05,0
4.3688,1.3092e-05,0
4.3693,5.6901e-05,0
4.3698,8.4428e-05,0
4.3704,8.2414e-05,0
4.3709,5.8076e-05,0
4.3714,3.7766e-05,0
4.3719,3.0549e-05,0
4.3724,2.266e-05,0
4.373,1.1078e-05,0
4.3735,-2.0142e-06,0
4.374,-3.1891e-06,0
4.3745,1.4603e-05,0
4.375,4.0787e-05,0
4.3756,5.2201e-05,0
4.3761,3.8102e-05,0
4.3766,1.4435e-05,0
4.3771,8.5603e-06,0
4.3776,3.0381e-05,0
4.3782,6.244e-05,0
4.3787,9.2485e-05,0
4.3792,0.00011296,0
4.3797,0.00011162,0
4.3802,9.1142e-05,0
4.3807,7.1336e-05,0
4.3813,5.4719e-05,0
4.3818,2.4506e-05,0
4.3823,-1.9471e-05,0
4.3828,-5.388e-05,0
4.3833,-6.7643e-05,0
4.3839,-7.9728e-05,0
4.3844,-0.00012924,0
4.3849,-0.00019286,0
4.3854,-0.00019773,0
4.3859,-0.00013143,0
4.3865,-4.2466e-05,0
4.387,2.6017e-05,0
4.3875,6.1936e-05,0
4.388,7.3182e-05,0
4.3885,6.5965e-05,0
4.3891,2.9877e-05,0
4.3896,-2.0142e-05,0
4.3901,-3.7934e-05,0
4.3906,-5.2033e-06,0
4.3911,3.6591e-05,0
4.3917,3.0716e-05,0
4.3922,-1.4603e-05,0
4.3927,-5.1698e-05,0
4.3932,-6.7308e-05,0
4.3937,-7.8218e-05,0
4.3943,-7.8553e-05,0
4.3948,-6.0594e-05,0
4.3953,-2.501e-05,0
4.3958,2.4002e-05,0
4.3963,8.2918e-05,0
4.3968,0.00015358,0
4.3974,0.00023348,0
4.3979,0.00031186,0
4.3984,0.00034694,0
4.3989,0.00030867,0
4.3994,0.00023449,0
4.4,0.00017708,0
4.4005,0.00014401,0
4.401,0.00012102,0
4.4015,9.8863e-05,0
4.402,7.7714e-05,0
4.4026,5.8244e-05,0
4.4031,3.2059e-05,0
4.4036,2.6856e-06,0
4.4041,-1.9303e-05,0
4.4046,-3.0045e-05,0
4.4052,-3.6927e-05,0
4.4057,-4.4816e-05,0
4.4062,-5.7404e-05,0
4.4067,-7.1336e-05,0
4.4072,-7.6539e-05,0
4.4078,-6.3951e-05,0
4.4083,-3.9277e-05,0
4.4088,-1.9638e-05,0
4.4093,-2.9374e-05,0
4.4098,-7.6371e-05,0
4.4103,-0.00013025,0
4.4109,-0.00015291,0
4.4114,-0.00014452,0
4.4119,-0.00012454,0
4.4124,-0.00010306,0
4.4129,-8.0064e-05,0
4.4135,-4.8508e-05,0
4.414,2.8534e-06,0
4.4145,7.5029e-05,0
4.415,0.00014821,0
4.4155,0.00019084,0
4.4161,0.00019454,0
4.4166,0.00019034,0
4.4171,0.00019387,0
4.4176,0.00018363,0
4.4181,0.00013948,0
4.4187,6.5629e-05,0
4.4192,-1.7792e-05,0
4.4197,-7.4357e-05,0
4.4202,-9.1142e-05,0
4.4207,-8.8792e-05,0
4.4212,-8.6778e-05,0
4.4218,-8.2078e-05,0
4.4223,-7.6539e-05,0
4.4228,-7.6036e-05,0
4.4233,-6.5965e-05,0
4.4238,-3.8102e-05,0
4.4244,-6.5461e-06,0
4.4249,1.561e-05,0
4.4254,1.8967e-05,0
4.4259,-2.8534e-06,0
4.4264,-3.3738e-05,0
4.427,-3.8437e-05,0
4.4275,-7.5532e-06,0
4.428,4.0116e-05,0
4.4285,7.1336e-05,0
4.429,8.04e-05,0
4.4296,8.6442e-05,0
4.4301,9.2317e-05,0
4.4306,9.0974e-05,0
4.4311,7.6036e-05,0
4.4316,5.0019e-05,0
4.4322,2.0981e-05,0
4.4327,-1.8128e-05,0
4.4332,-8.5435e-05,0
4.4337,-0.00019655,0
4.4342,-0.00031035,0
4.4348,-0.00034728,0
4.4353,-0.00029088,0
4.4358,-0.00018363,0
4.4363,-8.0735e-05,0
4.4368,-3.3906e-05,0
4.4373,-7.7211e-06,0
4.4379,5.7069e-05,0
4.4384,0.00016181,0
4.4389,0.00027041,0
4.4394,0.000355,0
4.4399,0.0003926,0
4.4405,0.00037346,0
4.441,0.00030666,0
4.4415,0.00022307,0
4.442,0.0001603,0
4.4425,0.00013109,0
4.4431,0.0001237,0
4.4436,0.00011733,0
4.4441,0.00010188,0
4.4446,8.1071e-05,0
4.4451,5.8747e-05,0
4.4457,4.1459e-05,0
4.4462,2.3331e-05,0
4.4467,1.5106e-06,0
4.4472,-1.6114e-05,0
4.4477,-2.9374e-05,0
4.4482,-5.4047e-05,0
4.4488,-9.6849e-05,0
4.4493,-0.00014099,0
4.4498,-0.00016567,0
4.4503,-0.00017037,0
4.4508,-0.00017456,0
4.4514,-0.00019588,0
4.4519,-0.00021367,0
4.4524,-0.00018715,0
4.4529,-0.00011011,0
4.4534,-1.9806e-05,0
4.454,5.4719e-05,0
4.4545,0.00011196,0
4.455,0.00016214,0
4.4555,0.00019857,0
4.456,0.0002088,0
4.4566,0.00019689,0
4.4571,0.0001749,0
4.4576,0.00015543,0
4.4581,0.00012773,0
4.4586,7.57e-05,0
4.4592,2.7359e-05,0
4.4597,2.1317e-05,0
4.4602,4.4144e-05,0
4.4607,5.4887e-05,0
4.4612,2.6688e-05,0
4.4618,-2.7863e-05,0
4.4623,-6.9154e-05,0
4.4628,-7.805e-05,0
4.4633,-6.1601e-05,0
4.4638,-3.592e-05,0
4.4643,-6.8818e-06,0
4.4649,1.2253e-05,0
4.4654,3.1891e-06,0
4.4659,-2.9709e-05,0
4.4664,-5.4383e-05,0
4.4669,-5.8244e-05,0
4.4675,-5.304e-05,0
4.468,-4.3473e-05,0
4.4685,-2.1653e-05,0
4.469,1.6953e-05,0
4.4695,6.1265e-05,0
4.4701,9.6849e-05,0
4.4706,0.00011733,0
4.4711,0.00012639,0
4.4716,0.00012656,0
4.4721,0.00011733,0
4.4727,9.836e-05,0
4.4732,7.4693e-05,0
4.4737,5.9922e-05,0
4.4742,6.2272e-05,0
4.4747,7.3518e-05,0
4.4752,7.5532e-05,0
4.4758,5.7237e-05,0
4.4763,2.501e-05,0
4.4768,-9.2317e-06,0
4.4773,-3.6759e-05,0
4.4778,-5.8579e-05,0
4.4784,-7.0665e-05,0
4.4789,-6.5629e-05,0
4.4794,-4.5823e-05,0
4.4799,-3.3402e-05,0
4.4804,-4.1962e-05,0
4.481,-5.6901e-05,0
4.4815,-6.2272e-05,0
4.482,-4.9348e-05,0
4.4825,-2.2995e-05,0
4.483,8.2246e-06,0
4.4836,3.4241e-05,0
4.4841,4.683e-05,0
4.4846,4.4648e-05,0
4.4851,3.2059e-05,0
4.4856,2.8031e-05,0
4.4862,3.8773e-05,0
4.4867,5.3544e-05,0
4.4872,6.5629e-05,0
4.4877,7.9057e-05,0
4.4882,9.0471e-05,0
4.4887,8.9799e-05,0
4.4893,7.2343e-05,0
4.4898,3.4745e-05,0
4.4903,-7.7211e-06,0
4.4908,-2.887e-05,0
4.4913,-2.1653e-05,0
4.4919,1.6785e-07,0
4.4924,1.9974e-05,0
4.4929,3.357e-05,0
4.4934,4.1962e-05,0
4.4939,4.1459e-05,0
4.4945,2.8702e-05,0
4.495,1.8128e-05,0
4.4955,2.0645e-05,0
4.496,3.9445e-05,0
4.4965,5.6901e-05,0
4.4971,4.5823e-05,0
4.4976,4.3641e-06,0
4.4981,-3.4241e-05,0
4.4986,-3.8941e-05,0
4.4991,-1.7792e-05,0
4.4997,3.357e-07,0
4.5002,-5.539e-06,0
4.5007,-1.4267e-05,0
4.5012,-1.5106e-06,0
4.5017,2.3499e-05,0
4.5023,4.1123e-05,0
4.5028,4.448e-05,0
4.5033,4.213e-05,0
4.5038,4.5151e-05,0
4.5043,4.4816e-05,0
4.5048,3.5248e-05,0
4.5054,1.9303e-05,0
4.5059,-3.0213e-06,0
4.5064,-2.1317e-05,0
4.5069,-2.6688e-05,0
4.5074,-2.4506e-05,0
4.508,-2.4002e-05,0
4.5085,-2.3667e-05,0
4.509,-2.3163e-05,0
4.5095,-2.0981e-05,0
4.51,-2.0981e-05,0
4.5106,-1.796e-05,0
4.5111,-3.6927e-06,0
4.5116,2.5681e-05,0
4.5121,6.009e-05,0
4.5126,8.3421e-05,0
4.5132,9.4835e-05,0
4.5137,0.00010121,0
4.5142,0.00010272,0
4.5147,9.4163e-05,0
4.5152,7.5029e-05,0
4.5157,5.6901e-05,0
4.5163,4.2634e-05,0
4.5168,2.4338e-05,0
4.5173,-3.0213e-06,0
4.5178,-3.1052e-05,0
4.5183,-6.479e-05,0
4.5189,-0.00012068,0
4.5194,-0.00017473,0
4.5199,-0.00020427,0
4.5204,-0.00020024,0
4.5209,-0.00016013,0
4.5215,-0.00010021,0
4.522,-3.8605e-05,0
4.5225,2.501e-05,0
4.523,0.00010188,0
4.5235,0.00018346,0
4.5241,0.00023449,0
4.5246,0.00022995,0
4.5251,0.0001613,0
4.5256,6.4958e-05,0
4.5261,-1.0071e-05,0
4.5267,-4.918e-05,0
4.5272,-5.7908e-05,0
4.5277,-4.9851e-05,0
4.5282,-4.2466e-05,0
4.5287,-5.0355e-05,0
4.5293,-5.9251e-05,0
4.5298,-4.8173e-05,0
4.5303,-1.7624e-05,0
4.5308,2.0813e-05,0
4.5313,5.8076e-05,0
4.5318,8.7449e-05,0
4.5324,0.00010524,0
4.5329,0.00011145,0
4.5334,0.00011229,0
4.5339,0.00012253,0
4.5344,0.00014603,0
4.535,0.00017507,0
4.5355,0.00018984,0
4.536,0.00016953,0
4.5365,0.00013848,0
4.537,0.00011598,0
4.5376,8.4764e-05,0
4.5381,2.9374e-05,0
4.5386,-4.1459e-05,0
4.5391,-9.7353e-05,0
4.5396,-0.00011699,0
4.5402,-0.00010037,0
4.5407,-4.8173e-05,0
4.5412,3.2395e-05,0
4.5417,0.00011296,0
4.5422,0.0001608,0
4.5427,0.00015224,0
4.5433,0.00010625,0
4.5438,7.0161e-05,0
4.5443,6.009e-05,0
4.5448,5.5055e-05,0
4.5453,3.6759e-05,0
4.5459,6.8818e-06,0
4.5464,-1.9303e-05,0
4.5469,-2.9709e-05,0
4.5474,-2.6688e-05,0
4.5479,-1.1246e-05,0
4.5485,2.3499e-06,0
4.549,-9.0639e-06,0
4.5495,-4.6159e-05,0
4.55,-8.9464e-05,0
4.5505,-0.00012102,0
4.5511,-0.00013428,0
4.5516,-0.00013613,0
4.5521,-0.00013613,0
4.5526,-0.00013529,0
4.5531,-0.0001284,0
4.5537,-0.00012136,0
4.5542,-0.00011733,0
4.5547,-9.8024e-05,0
4.5552,-4.8844e-05,0
4.5557,3.4073e-05,0
4.5563,0.00012656,0
4.5568,0.00019571,0
4.5573,0.0002407,0
4.5578,0.00027141,0
4.5583,0.00028048,0
4.5588,0.00025144,0
4.5594,0.00018732,0
4.5599,0.00011968,0
4.5604,8.2414e-05,0
4.5609,7.4022e-05,0
4.5614,6.0594e-05,0
4.562,2.7192e-05,0
4.5625,-7.5532e-06,0
4.563,-2.9038e-05,0
4.5635,-4.1962e-05,0
4.564,-5.153e-05,0
4.5646,-5.4215e-05,0
4.5651,-4.8173e-05,0
4.5656,-3.7095e-05,0
4.5661,-3.2898e-05,0
4.5666,-3.9277e-05,0
4.5672,-4.5151e-05,0
4.5677,-4.3809e-05,0
4.5682,-4.1794e-05,0
4.5687,-4.5991e-05,0
4.5692,-5.2537e-05,0
4.5697,-5.8076e-05,0
4.5703,-7.2175e-05,0
4.5708,-8.191e-05,0
4.5713,-6.6804e-05,0
4.5718,-3.122e-05,0
4.5723,5.7069e-06,0
4.5729,2.9038e-05,0
4.5734,3.7766e-05,0
4.5739,4.0787e-05,0
4.5744,4.4144e-05,0
4.5749,4.7501e-05,0
4.5755,5.3208e-05,0
4.576,6.4958e-05,0
4.5765,7.2679e-05,0
4.577,6.1265e-05,0
4.5775,3.1052e-05,0
4.5781,-5.3712e-06,0
4.5786,-3.3066e-05,0
4.5791,-5.1865e-05,0
4.5796,-6.865e-05,0
4.5801,-6.1601e-05,0
4.5807,-3.4745e-05,0
4.5812,-2.3667e-05,0
4.5817,-3.1891e-05,0
4.5822,-2.6017e-05,0
4.5827,4.5319e-06,0
4.5832,2.7695e-05,0
4.5838,2.7695e-05,0
4.5843,1.9303e-05,0
4.5848,2.5177e-05,0
4.5853,5.1698e-05,0
4.5858,7.9393e-05,0
4.5864,9.987e-05,0
4.5869,0.00012471,0
4.5874,0.00015929,0
4.5879,0.00019756,0
4.5884,0.00022039,0
4.589,0.00019655,0
4.5895,0.00012471,0
4.59,3.4073e-05,0
4.5905,-4.7501e-05,0
4.591,-0.00010155,0
4.5916,-0.00012102,0
4.5921,-0.00010843,0
4.5926,-7.0329e-05,0
4.5931,-2.417e-05,0
4.5936,2.4002e-05,0
4.5942,7.4189e-05,0
4.5947,0.000118,0
4.5952,0.00015056,0
4.5957,0.00016265,0
4.5962,0.00014217,0
4.5968,0.00010323,0
4.5973,7.1336e-05,0
4.5978,6.0929e-05,0
4.5983,6.4118e-05,0
4.5988,6.4286e-05,0
4.5993,5.623e-05,0
4.5999,4.6494e-05,0
4.6004,3.5584e-05,0
4.6009,1.9303e-05,0
4.6014,-3.1891e-06,0
4.6019,-2.9374e-05,0
4.6025,-5.2873e-05,0
4.603,-6.9154e-05,0
4.6035,-7.8386e-05,0
4.604,-8.1071e-05,0
4.6045,-8.0232e-05,0
4.6051,-7.0832e-05,0
4.6056,-3.3234e-05,0
4.6061,2.5513e-05,0
4.6066,6.7475e-05,0
4.6071,6.5126e-05,0
4.6077,3.3234e-05,0
4.6082,8.3925e-06,0
4.6087,-3.357e-07,0
4.6092,-1.3931e-05,0
4.6097,-4.3137e-05,0
4.6102,-7.0161e-05,0
4.6108,-7.335e-05,0
4.6113,-6.1601e-05,0
4.6118,-4.9516e-05,0
4.6123,-3.2059e-05,0
4.6128,8.3925e-07,0
4.6134,4.4144e-05,0
4.6139,8.5771e-05,0
4.6144,0.00011766,0
4.6149,0.00013075,0
4.6154,0.00012522,0
4.616,0.00010759,0
4.6165,8.3085e-05,0
4.617,5.5222e-05,0
4.6175,2.5177e-05,0
4.618,1.8463e-06,0
4.6186,-1.8463e-06,0
4.6191,-1.5106e-06,0
4.6196,-8.3925e-06,0
4.6201,-1.7624e-05,0
4.6206,-3.0045e-05,0
4.6212,-4.0452e-05,0
4.6217,-3.6759e-05,0
4.6222,-1.9638e-05,0
4.6227,-1.8463e-06,0
4.6232,1.0071e-06,0
4.6238,-1.2253e-05,0
4.6243,-1.561e-05,0
4.6248,8.896e-06,0
4.6253,4.6159e-05,0
4.6258,6.8482e-05,0
4.6263,5.5894e-05,0
4.6269,1.4603e-05,0
4.6274,-3.3738e-05,0
4.6279,-7.1e-05,0
4.6284,-8.0735e-05,0
4.6289,-5.4551e-05,0
4.6295,-1.8799e-05,0
4.63,-1.6785e-07,0
4.6305,-2.8534e-06,0
4.631,-1.326e-05,0
4.6315,-1.9974e-05,0
4.6321,-1.9638e-05,0
4.6326,-9.5674e-06,0
4.6331,9.9031e-06,0
4.6336,3.1388e-05,0
4.6341,5.0858e-05,0
4.6347,8.3085e-05,0
4.6352,0.00012773,0
4.6357,0.00016466,0
4.6362,0.00017423,0
4.6367,0.00015157,0
4.6372,0.00011867,0
4.6378,0.00010692,0
4.6383,0.00011598,0
4.6388,0.00011649,0
4.6393,9.9031e-05,0
4.6398,8.1239e-05,0
4.6404,7.0832e-05,0
4.6409,7.1839e-05,0
4.6414,9.0639e-05,0
4.6419,0.00010726,0
4.6424,8.8457e-05,0
4.643,4.9851e-05,0
4.6435,3.2731e-05,0
4.644,3.4073e-05,0
4.6445,1.9135e-05,0
4.645,-2.8031e-05,0
4.6456,-8.7785e-05,0
4.6461,-0.00013227,0
4.6466,-0.0001472,0
4.6471,-0.00014737,0
4.6476,-0.00016432,0
4.6482,-0.00022542,0
4.6487,-0.00029071,0
4.6492,-0.00029575,0
4.6497,-0.00022559,0
4.6502,-0.00011011,0
4.6508,3.6927e-06,0
4.6513,7.7714e-05,0
4.6518,0.0001086,0
4.6523,0.00013646,0
4.6528,0.00018682,0
4.6533,0.00025161,0
4.6539,0.00031673,0
4.6544,0.0003597,0
4.6549,0.00034762,0
4.6554,0.00027745,0
4.6559,0.00017053,0
4.6565,6.8986e-05,0
4.657,8.3925e-07,0
4.6575,-4.2969e-05,0
4.658,-7.2175e-05,0
4.6585,-8.5939e-05,0
4.6591,-8.7785e-05,0
4.6596,-8.1575e-05,0
4.6601,-6.4622e-05,0
4.6606,-3.6591e-05,0
4.6611,-4.8676e-06,0
4.6617,2.1317e-05,0
4.6622,4.2802e-05,0
4.6627,6.6972e-05,0
4.6632,7.8386e-05,0
4.6637,6.4286e-05,0
4.6643,3.4409e-05,0
4.6648,5.8747e-06,0
4.6653,-9.7353e-06,0
4.6658,-1.326e-05,0
4.6663,-1.7624e-05,0
4.6668,-2.2492e-05,0
4.6674,-1.7792e-05,0
4.6679,-6.8818e-06,0
4.6684,0,0
4.6689,-3.357e-07,0
4.6694,-1.8463e-06,0
4.67,-4.5319e-06,0
4.6705,-8.3925e-06,0
4.671,-1.0239e-05,0
4.6715,-1.4435e-05,0
4.672,-3.4409e-05,0
4.6726,-5.8915e-05,0
4.6731,-5.6397e-05,0
4.6736,-3.1388e-05,0
4.6741,-1.4939e-05,0
4.6746,-2.3331e-05,0
4.6752,-4.448e-05,0
4.6757,-5.7237e-05,0
4.6762,-5.5726e-05,0
4.6767,-3.827e-05,0
4.6772,8.3925e-07,0
4.6777,4.1459e-05,0
4.6783,5.0858e-05,0
4.6788,1.9303e-05,0
4.6793,-2.182e-05,0
4.6798,-2.5681e-05,0
4.6803,1.1582e-05,0
4.6809,5.4047e-05,0
4.6814,8.4092e-05,0
4.6819,0.00010608,0
4.6824,0.00011128,0
4.6829,7.4525e-05,0
4.6835,5.2033e-06,0
4.684,-3.9612e-05,0
4.6845,-4.5151e-05,0
4.685,-3.8605e-05,0
4.6855,-3.1388e-05,0
4.6861,-1.8128e-05,0
4.6866,5.8747e-06,0
4.6871,4.1459e-05,0
4.6876,8.5435e-05,0
4.6881,0.00012102,0
4.6887,0.00013277,0
4.6892,0.00012068,0
4.6897,9.3828e-05,0
4.6902,6.4622e-05,0
4.6907,4.1627e-05,0
4.6913,2.4674e-05,0
4.6918,1.0575e-05,0
4.6923,-5.0355e-07,0
4.6928,-2.182e-06,0
4.6933,1.2085e-05,0
4.6938,2.9206e-05,0
4.6944,2.9038e-05,0
4.6949,7.7211e-06,0
4.6954,-1.796e-05,0
4.6959,-3.5752e-05,0
4.6964,-5.7572e-05,0
4.697,-8.426e-05,0
4.6975,-9.5506e-05,0
4.698,-7.9561e-05,0
4.6985,-4.2298e-05,0
4.699,8.3925e-07,0
4.6996,3.4745e-05,0
4.7001,5.3544e-05,0
4.7006,6.7475e-05,0
4.7011,8.3085e-05,0
4.7016,9.752e-05,0
4.7022,0.00011464,0
4.7027,0.00013713,0
4.7032,0.00014435,0
4.7037,0.00012387,0
4.7042,8.9464e-05,0
4.7047,5.7572e-05,0
4.7053,4.5487e-05,0
4.7058,4.9516e-05,0
4.7063,3.7766e-05,0
4.7068,-1.2924e-05,0
4.7073,-7.5532e-05,0
4.7079,-0.00010927,0
4.7084,-0.00010625,0
4.7089,-7.4022e-05,0
4.7094,-2.7024e-05,0
4.7099,1.2253e-05,0
4.7105,2.8031e-05,0
4.711,2.8031e-05,0
4.7115,2.9709e-05,0
4.712,4.4144e-05,0
4.7125,6.8986e-05,0
4.7131,9.3156e-05,0
4.7136,0.00010658,0
4.7141,0.00010608,0
4.7146,0.00010356,0
4.7151,0.00011162,0
4.7157,0.00013109,0
4.7162,0.0001462,0
4.7167,0.0001368,0
4.7172,9.752e-05,0
4.7177,4.1123e-05,0
4.7183,-3.357e-07,0
4.7188,-1.1582e-05,0
4.7193,-5.8747e-06,0
4.7198,-1.5106e-06,0
4.7203,-7.5532e-06,0
4.7208,-1.2757e-05,0
4.7214,-6.2104e-06,0
4.7219,6.5461e-06,0
4.7224,1.8296e-05,0
4.7229,2.8199e-05,0
4.7234,3.122e-05,0
4.724,1.9974e-05,0
4.7245,-6.2104e-06,0
4.725,-6.0761e-05,0
4.7255,-0.00013747,0
4.726,-0.00018044,0
4.7266,-0.00016718,0
4.7271,-0.00012438,0
4.7276,-8.4764e-05,0
4.7281,-5.8747e-05,0
4.7286,-3.2395e-05,0
4.7292,7.5532e-06,0
4.7297,5.1194e-05,0
4.7302,7.6707e-05,0
4.7307,8.191e-05,0
4.7312,7.6204e-05,0
4.7317,6.9322e-05,0
4.7323,6.7308e-05,0
4.7328,7.2343e-05,0
4.7333,9.0806e-05,0
4.7338,0.000118,0
4.7343,0.00013344,0
4.7349,0.00012874,0
4.7354,0.00011531,0
4.7359,0.00010021,0
4.7364,8.04e-05,0
4.7369,4.6159e-05,0
4.7375,-5.539e-06,0
4.738,-6.0761e-05,0
4.7385,-0.00010088,0
4.739,-0.00012035,0
4.7395,-0.00011229,0
4.7401,-7.6036e-05,0
4.7406,-5.3544e-05,0
4.7411,-0.00010356,0
4.7416,-0.00021015,0
4.7421,-0.00027376,0
4.7427,-0.00026772,0
4.7432,-0.00025278,0
4.7437,-0.00024338,0
4.7442,-0.00021401,0
4.7447,-0.00015123,0
4.7453,-6.2776e-05,0
4.7458,2.4674e-05,0
4.7463,0.00011061,0
4.7468,0.00022173,0
4.7473,0.00034359,0
4.7478,0.00042147,0
4.7484,0.00042348,0
4.7489,0.00038521,0
4.7494,0.00033217,0
4.7499,0.00025631,0
4.7504,0.00018614,0
4.751,0.00015325,0
4.7515,0.00013411,0
4.752,0.00010457,0
4.7525,7.4861e-05,0
4.753,5.4719e-05,0
4.7536,3.2059e-05,0
4.7541,4.5319e-06,0
4.7546,-2.1653e-05,0
4.7551,-4.1123e-05,0
4.7556,-5.6733e-05,0
4.7562,-7.1168e-05,0
4.7567,-7.5532e-05,0
4.7572,-5.4719e-05,0
4.7577,-2.0142e-05,0
4.7582,3.1891e-06,0
4.7588,1.5106e-06,0
4.7593,-1.7288e-05,0
4.7598,-3.6759e-05,0
4.7603,-4.6159e-05,0
4.7608,-4.1794e-05,0
4.7613,-1.8631e-05,0
4.7619,2.4002e-05,0
4.7624,8.5771e-05,0
4.7629,0.00014385,0
4.7634,0.00015996,0
4.7639,0.00013193,0
4.7645,8.8121e-05,0
4.765,5.7237e-05,0
4.7655,3.1724e-05,0
4.766,-7.0497e-06,0
4.7665,-6.2104e-05,0
4.7671,-0.00012505,0
4.7676,-0.00017507,0
4.7681,-0.0001984,0
4.7686,-0.00019622,0
4.7691,-0.00017339,0
4.7697,-0.00013898,0
4.7702,-0.00010356,0
4.7707,-6.3615e-05,0
4.7712,1.6785e-06,0
4.7717,8.8457e-05,0
4.7722,0.00016567,0
4.7728,0.00018379,0
4.7733,0.00013411,0
4.7738,6.949e-05,0
4.7743,2.1653e-05,0
4.7748,-1.1917e-05,0
4.7754,-1.7792e-05,0
4.7759,1.1246e-05,0
4.7764,4.4816e-05,0
4.7769,5.5222e-05,0
4.7774,5.0858e-05,0
4.778,5.8747e-05,0
4.7785,8.7785e-05,0
4.779,0.00011733,0
4.7795,0.00013008,0
4.78,0.00012639,0
4.7806,0.00011313,0
4.7811,0.00010121,0
4.7816,8.9799e-05,0
4.7821,7.0665e-05,0
4.7826,4.062e-05,0
4.7832,7.5532e-06,0
4.7837,-1.8631e-05,0
4.7842,-4.4144e-05,0
4.7847,-6.7475e-05,0
4.7852,-7.0665e-05,0
4.7858,-5.4383e-05,0
4.7863,-3.7263e-05,0
4.7868,-3.122e-05,0
4.7873,-3.2395e-05,0
4.7878,-3.5752e-05,0
4.7883,-4.4144e-05,0
4.7889,-5.4383e-05,0
4.7894,-6.0929e-05,0
4.7899,-7.4693e-05,0
4.7904,-0.00011582,0
4.7909,-0.00018346,0
4.7915,-0.00023549,0
4.792,-0.00024775,0
4.7925,-0.00021283,0
4.793,-0.00014166,0
4.7935,-5.0523e-05,0
4.7941,4.0787e-05,0
4.7946,0.00011263,0
4.7951,0.00017775,0
4.7956,0.00025899,0
4.7961,0.00034728,0
4.7967,0.00041241,0
4.7972,0.00042416,0
4.7977,0.00037615,0
4.7982,0.00029323,0
4.7987,0.00020327,0
4.7992,0.00011565,0
4.7998,4.0452e-05,0
4.8003,-2.5849e-05,0
4.8008,-9.4499e-05,0
4.8013,-0.00014066,0
4.8018,-0.00014083,0
4.8024,-0.00010272,0
4.8029,-5.0019e-05,0
4.8034,5.0355e-07,0
4.8039,4.6159e-05,0
4.8044,7.57e-05,0
4.805,8.1407e-05,0
4.8055,6.9657e-05,0
4.806,5.4047e-05,0
4.8065,4.6159e-05,0
4.807,4.3473e-05,0
4.8076,2.5345e-05,0
4.8081,2.182e-06,0
4.8086,-2.0478e-05,0
4.8091,-5.5894e-05,0
4.8096,-9.8192e-05,0
4.8102,-0.00012723,0
4.8107,-0.00013075,0
4.8112,-0.00011095,0
4.8117,-7.335e-05,0
4.8122,-3.0716e-05,0
4.8128,8.5603e-06,0
4.8133,5.0523e-05,0
4.8138,9.4667e-05,0
4.8143,0.00012941,0
4.8148,0.00014166,0
4.8153,0.00012857,0
4.8159,9.5674e-05,0
4.8164,5.5558e-05,0
4.8169,1.6617e-05,0
4.8174,-1.2924e-05,0
4.8179,-2.0478e-05,0
4.8185,-7.2175e-06,0
4.819,1.6953e-05,0
4.8195,4.6662e-05,0
4.82,6.8315e-05,0
4.8205,7.0161e-05,0
4.8211,6.1601e-05,0
4.8216,5.6565e-05,0
4.8221,4.7669e-05,0
4.8226,2.7695e-05,0
4.8231,6.5461e-06,0
4.8237,-1.091e-05,0
4.8242,-3.0045e-05,0
4.8247,-5.0523e-05,0
4.8252,-6.5126e-05,0
4.8257,-7.5532e-05,0
4.8262,-8.51e-05,0
4.8268,-9.5171e-05,0
4.8273,-0.00010256,0
4.8278,-0.00010155,0
4.8283,-9.752e-05,0
4.8288,-9.6681e-05,0
4.8294,-9.6849e-05,0
4.8299,-9.8863e-05,0
4.8304,-9.5003e-05,0
4.8309,-7.4189e-05,0
4.8314,-3.3402e-05,0
4.832,2.4002e-05,0
4.8325,9.9535e-05,0
4.833,0.00017406,0
4.8335,0.00021871,0
4.834,0.00022492,0
4.8346,0.00020931,0
4.8351,0.00018883,0
4.8356,0.00016869,0
4.8361,0.00014788,0
4.8366,0.00012505,0
4.8372,0.00010793,0
4.8377,0.00011464,0
4.8382,0.00013143,0
4.8387,0.00012471,0
4.8392,8.7617e-05,0
4.8398,4.1459e-05,0
4.8403,5.0355e-07,0
4.8408,-2.4338e-05,0
4.8413,-2.9877e-05,0
4.8418,-1.5274e-05,0
4.8423,2.8534e-06,0
4.8429,6.8818e-06,0
4.8434,-3.5248e-06,0
4.8439,-3.3738e-05,0
4.8444,-6.5461e-05,0
4.8449,-7.6036e-05,0
4.8455,-7.805e-05,0
4.846,-8.2414e-05,0
4.8465,-8.8121e-05,0
4.847,-9.4835e-05,0
4.8475,-9.836e-05,0
4.8481,-7.9728e-05,0
4.8486,-2.0813e-05,0
4.8491,5.7572e-05,0
4.8496,0.00011917,0
4.8501,0.0001415,0
4.8507,0.00011699,0
4.8512,6.5629e-05,0
4.8517,1.2421e-05,0
4.8522,-4.0787e-05,0
4.8527,-7.5532e-05,0
4.8533,-7.6371e-05,0
4.8538,-5.2537e-05,0
4.8543,-2.3835e-05,0
4.8548,7.8889e-06,0
4.8553,4.6494e-05,0
4.8558,7.5532e-05,0
4.8564,7.57e-05,0
4.8569,4.6494e-05,0
4.8574,1.9303e-05,0
4.8579,1.1917e-05,0
4.8584,1.0575e-05,0
4.859,3.5248e-06,0
4.8595,-6.8818e-06,0
4.86,-4.1794e-05,0
4.8605,-0.00010172,0
4.861,-0.00013529,0
4.8616,-0.00011649,0
4.8621,-6.6804e-05,0
4.8626,-2.4002e-05,0
4.8631,-2.8534e-06,0
4.8636,5.539e-06,0
4.8642,2.1317e-05,0
4.8647,5.0355e-05,0
4.8652,7.6371e-05,0
4.8657,9.7688e-05,0
4.8662,0.00011095,0
4.8667,0.00010961,0
4.8673,0.00012203,0
4.8678,0.00017943,0
4.8683,0.00026352,0
4.8688,0.00032076,0
4.8693,0.00030649,0
4.8699,0.00022979,0
4.8704,0.00013747,0
4.8709,5.8915e-05,0
4.8714,3.8605e-06,0
4.8719,-1.2085e-05,0
4.8725,1.2421e-05,0
4.873,4.213e-05,0
4.8735,3.8437e-05,0
4.874,-3.357e-07,0
4.8745,-4.4984e-05,0
4.8751,-7.3182e-05,0
4.8756,-9.0471e-05,0
4.8761,-0.00010407,0
4.8766,-0.00010893,0
4.8771,-9.752e-05,0
4.8777,-7.8386e-05,0
4.8782,-6.8986e-05,0
4.8787,-6.4958e-05,0
4.8792,-5.2201e-05,0
4.8797,-2.5345e-05,0
4.8803,9.7353e-06,0
4.8808,3.6759e-05,0
4.8813,5.4551e-05,0
4.8818,7.0329e-05,0
4.8823,7.7043e-05,0
4.8828,6.7643e-05,0
4.8834,5.3376e-05,0
4.8839,5.5558e-05,0
4.8844,7.9561e-05,0
4.8849,0.00010256,0
4.8854,0.00010323,0
4.886,7.6539e-05,0
4.8865,4.2802e-05,0
4.887,1.2589e-05,0
4.8875,-2.6688e-05,0
4.888,-7.7546e-05,0
4.8886,-0.00012136,0
4.8891,-0.00014939,0
4.8896,-0.000166,0
4.8901,-0.00017977,0
4.8906,-0.00018833,0
4.8912,-0.00018682,0
4.8917,-0.00018144,0
4.8922,-0.00017406,0
4.8927,-0.00015811,0
4.8932,-0.00012404,0
4.8937,-6.5126e-05,0
4.8943,8.896e-06,0
4.8948,7.3686e-05,0
4.8953,0.00013143,0
4.8958,0.00019454,0
4.8963,0.00026889,0
4.8969,0.00033603,0
4.8974,0.00037783,0
4.8979,0.00037665,0
4.8984,0.00032815,0
4.8989,0.0002548,0
4.8995,0.00018967,0
4.9,0.00014351,0
4.9005,0.00010457,0
4.901,6.2943e-05,0
4.9015,1.7121e-05,0
4.9021,-4.213e-05,0
4.9026,-0.00011464,0
4.9031,-0.0001566,0
4.9036,-0.00014871,0
4.9041,-0.00010994,0
4.9047,-6.6972e-05,0
4.9052,-3.9109e-05,0
4.9057,-2.8031e-05,0
4.9062,-3.357e-05,0
4.9067,-4.5319e-05,0
4.9073,-4.5487e-05,0
4.9078,-2.7863e-05,0
4.9083,-6.714e-07,0
4.9088,2.3835e-05,0
4.9093,2.5345e-05,0
4.9098,6.2104e-06,0
4.9104,3.357e-07,0
4.9109,2.3667e-05,0
4.9114,5.8244e-05,0
4.9119,7.9561e-05,0
4.9124,6.9657e-05,0
4.913,3.0213e-05,0
4.9135,4.8676e-06,0
4.914,1.0575e-05,0
4.9145,2.2156e-05,0
4.915,1.6785e-05,0
4.9156,-1.0407e-05,0
4.9161,-5.3544e-05,0
4.9166,-8.7449e-05,0
4.9171,-9.4163e-05,0
4.9176,-7.1e-05,0
4.9182,-2.4842e-05,0
4.9187,2.1988e-05,0
4.9192,4.3809e-05,0
4.9197,4.448e-05,0
4.9202,5.3544e-05,0
4.9207,8.3421e-05,0
4.9213,0.00011061,0
4.9218,0.00010558,0
4.9223,7.2007e-05,0
4.9228,2.501e-05,0
4.9233,-3.508e-05,0
4.9239,-9.3156e-05,0
4.9244,-0.00011514,0
4.9249,-9.3828e-05,0
4.9254,-5.6565e-05,0
4.9259,-1.8463e-05,0
4.9265,2.4002e-05,0
4.927,7.5364e-05,0
4.9275,0.00013529,0
4.928,0.00019084,0
4.9285,0.00022643,0
4.9291,0.00024019,0
4.9296,0.00022744,0
4.9301,0.00018648,0
4.9306,0.0001321,0
4.9311,8.04e-05,0
4.9317,3.8941e-05,0
4.9322,6.8818e-06,0
4.9327,-2.501e-05,0
4.9332,-6.0761e-05,0
4.9337,-8.275e-05,0
4.9342,-7.2007e-05,0
4.9348,-3.6759e-05,0
4.9353,3.0213e-06,0
4.9358,1.796e-05,0
4.9363,-2.0142e-06,0
4.9368,-4.3473e-05,0
4.9374,-8.2918e-05,0
4.9379,-9.6513e-05,0
4.9384,-7.4861e-05,0
4.9389,-3.0381e-05,0
4.9394,1.0575e-05,0
4.94,2.6688e-05,0
4.9405,5.2033e-06,0
4.941,-3.2898e-05,0
4.9415,-4.5823e-05,0
4.942,-2.5345e-05,0
4.9426,1.6281e-05,0
4.9431,6.0258e-05,0
4.9436,7.8721e-05,0
4.9441,5.7404e-05,0
4.9446,1.7624e-05,0
4.9452,-1.2924e-05,0
4.9457,-2.6184e-05,0
4.9462,-3.8102e-05,0
4.9467,-5.9586e-05,0
4.9472,-7.5364e-05,0
4.9478,-8.1743e-05,0
4.9483,-0.00011229,0
4.9488,-0.00017221,0
4.9493,-0.00019873,0
4.9498,-0.00015627,0
4.9503,-6.1433e-05,0
4.9509,3.2563e-05,0
4.9514,7.5364e-05,0
4.9519,5.8244e-05,0
4.9524,3.0045e-05,0
4.9529,4.2466e-05,0
4.9535,9.6513e-05,0
4.954,0.00016953,0
4.9545,0.00024204,0
4.955,0.00027846,0
4.9555,0.00025631,0
4.9561,0.00019857,0
4.9566,0.00014066,0
4.9571,0.00010826,0
4.9576,0.00010306,0
4.9581,9.0806e-05,0
4.9587,5.623e-05,0
4.9592,2.501e-05,0
4.9597,1.7121e-05,0
4.9602,2.8367e-05,0
4.9607,3.3066e-05,0
4.9612,1.1917e-05,0
4.9618,-1.8967e-05,0
4.9623,-4.9851e-05,0
4.9628,-8.2414e-05,0
4.9633,-0.00012589,0
4.9638,-0.0002083,0
4.9644,-0.0003211,0
4.9649,-0.00039126,0
4.9654,-0.00035232,0
4.9659,-0.00023499,0
4.9664,-0.00013277,0
4.967,-5.4551e-05,0
4.9675,1.1582e-05,0
4.968,2.652e-05,0
4.9685,1.1749e-05,0
4.969,4.8173e-05,0
4.9696,0.00015895,0
4.9701,0.00029525,0
4.9706,0.0003973,0
4.9711,0.00044211,0
4.9716,0.00044833,0
4.9722,0.00046175,0
4.9727,0.00049297,0
4.9732,0.00051077,0
4.9737,0.00049197,0
4.9742,0.00040385,0
4.9748,0.00023851,0
4.9753,4.1794e-05,0
4.9758,-0.0001425,0
4.9763,-0.00027662,0
4.9768,-0.0003305,0
4.9773,-0.00030918,0
4.9779,-0.0002407,0
4.9784,-0.00015761,0
4.9789,-9.5338e-05,0
4.9794,-7.5029e-05,0
4.9799,-7.2679e-05,0
4.9805,-5.069e-05,0
4.981,-3.3402e-05,0
4.9815,-5.5726e-05,0
4.982,-9.9535e-05,0
4.9825,-0.00012773,0
4.9831,-0.00012236,0
4.9836,-7.0665e-05,0
4.9841,2.7695e-05,0
4.9846,0.00011296,0
4.9851,0.00013646,0
4.9857,0.00011649,0
4.9862,6.8315e-05,0
4.9867,2.2324e-05,0
4.9872,6.3783e-06,0
4.9877,1.8631e-05,0
4.9882,4.1459e-05,0
4.9888,5.3376e-05,0
4.9893,5.9586e-05,0
4.9898,7.6707e-05,0
4.9903,8.9632e-05,0
4.9908,9.6178e-05,0
4.9914,0.00010474,0
4.9919,9.7856e-05,0
4.9924,6.7643e-05,0
4.9929,3.1052e-05,0
4.9934,-1.4267e-05,0
4.994,-7.0665e-05,0
4.9945,-0.00014788,0
4.995,-0.00021854,0
4.9955,-0.00024321,0
4.996,-0.00022307,0
4.9966,-0.00014855,0
4.9971,-3.0045e-05,0
4.9976,8.7114e-05,0
4.9981,0.00017104,0
4.9986,0.00022072,0
4.9992,0.00025127,0
4.9997,0.00026638,0
5.0002,0.00027108,0
5.0007,0.00027913,0
5.0012,0.00027846,0
5.0018,0.00024489,0
5.0023,0.00017977,0
5.0028,9.1814e-05,0
5.0033,-1.2085e-05,0
5.0038,-9.4163e-05,0
5.0043,-0.00011867,0
5.0049,-0.0001232,0
5.0054,-0.00015879,0
5.0059,-0.00020041,0
5.0064,-0.00021183,0
5.0069,-0.00018363,0
5.0075,-0.00013898,0
5.008,-0.00010692,0
5.0085,-9.8192e-05,0
5.009,-9.3324e-05,0
5.0095,-7.8721e-05,0
5.0101,-4.6159e-05,0
5.0106,1.5946e-05,0
5.0111,7.9057e-05,0
5.0116,8.1743e-05,0
5.0121,1.326e-05,0
5.0127,-9.2988e-05,0
5.0132,-0.00020964,0
5.0137,-0.00030146,0
5.0142,-0.00031824,0
5.0147,-0.00025379,0
5.0152,-0.00016281,0
5.0158,-0.00010541,0
5.0163,-9.1981e-05,0
5.0168,-6.5797e-05,0
5.0173,3.3066e-05,0
5.0178,0.00017742,0
5.0184,0.00029693,0
5.0189,0.00032949,0
5.0194,0.00026403,0
5.0199,0.00019084,0
5.0204,0.00016214,0
5.021,0.00012874,0
5.0215,6.2943e-05,0
5.022,-7.5532e-06,0
5.0225,-5.0187e-05,0
5.023,-6.244e-05,0
5.0236,-6.0594e-05,0
5.0241,-3.978e-05,0
5.0246,4.0452e-05,0
5.0251,0.00019773,0
5.0256,0.00032932,0
5.0262,0.0003315,0
5.0267,0.00023264,0
5.0272,0.0001284,0
5.0277,7.3686e-05,0
5.0282,5.4719e-05,0
5.0287,3.3066e-05,0
5.0293,1.6617e-05,0
5.0298,1.3931e-05,0
5.0303,1.5106e-06,0
5.0308,-2.1653e-05,0
5.0313,-3.2395e-05,0
5.0319,-2.0981e-05,0
5.0324,-1.1917e-05,0
5.0329,-1.6281e-05,0
5.0334,-6.2104e-06,0
5.0339,2.1653e-05,0
5.0345,3.0716e-05,0
5.035,2.031e-05,0
5.0355,3.0045e-05,0
5.036,7.2343e-05,0
5.0365,6.7811e-05,0
5.0371,-3.6423e-05,0
5.0376,-0.00019051,0
5.0381,-0.00029189,0
5.0386,-0.0002892,0
5.0391,-0.00022744,0
5.0397,-0.00016953,0
5.0402,-0.0001284,0
5.0407,-9.6178e-05,0
5.0412,-7.2679e-05,0
5.0417,-8.1407e-05,0
5.0423,-7.5532e-05,0
5.0428,1.8631e-05,0
5.0433,0.00018447,0
5.0438,0.00033553,0
5.0443,0.00039629,0
5.0448,0.00034359,0
5.0454,0.00024422,0
5.0459,0.00017238,0
5.0464,0.00015828,0
5.0469,0.00019521,0
5.0474,0.0002647,0
5.048,0.00031807,0
5.0485,0.0002939,0
5.049,0.00017507,0
5.0495,-5.7069e-06,0
5.05,-0.00018782,0
5.0506,-0.00031757,0
5.0511,-0.00035886,0
5.0516,-0.00032915,0
5.0521,-0.00026889,0
5.0526,-0.00019152,0
5.0532,-8.51e-05,0
5.0537,6.8986e-05,0
5.0542,0.00026822,0
5.0547,0.00043893,0
5.0552,0.00049247,0
5.0557,0.00042348,0
5.0563,0.00029088,0
5.0568,0.00016466,0
5.0573,7.4357e-05,0
5.0578,-6.714e-07,0
5.0583,-8.2078e-05,0
5.0589,-0.00018178,0
5.0594,-0.00028685,0
5.0599,-0.00036054,0
5.0604,-0.00040485,0
5.0609,-0.00040502,0
5.0615,-0.00027947,0
5.062,-6.0761e-05,0
5.0625,0.00010188,0
5.063,0.00013445,0
5.0635,9.366e-05,0
5.0641,8.3421e-05,0
5.0646,0.0001472,0
5.0651,0.00024422,0
5.0656,0.00031489,0
5.0661,0.00034073,0
5.0667,0.00030498,0
5.0672,0.00017171,0
5.0677,1.1749e-06,0
5.0682,-8.9799e-05,0
5.0687,-8.7282e-05,0
5.0693,-6.5461e-05,0
5.0698,-7.0665e-05,0
5.0703,-9.9535e-05,0
5.0708,-0.00012169,0
5.0713,-0.00011028,0
5.0718,-7.0497e-05,0
5.0724,-3.8773e-05,0
5.0729,-3.9109e-05,0
5.0734,-7.4693e-05,0
5.0739,-0.00010591,0
5.0744,-8.3421e-05,0
5.075,-6.2104e-06,0
5.0755,8.9799e-05,0
5.076,0.00016399,0
5.0765,0.00019387,0
5.077,0.00017977,0
5.0776,0.00012438,0
5.0781,5.1698e-05,0
5.0786,7.2175e-06,0
5.0791,-2.3331e-05,0
5.0796,-8.4092e-05,0
5.0802,-0.00015862,0
5.0807,-0.000165,0
5.0812,-4.5151e-05,0
5.0817,9.0974e-05,0
5.0822,0.00011666,0
5.0827,5.1194e-05,0
5.0833,-8.2246e-06,0
5.0838,-1.8967e-05,0
5.0843,-1.4603e-05,0
5.0848,-3.9277e-05,0
5.0853,-7.5868e-05,0
5.0859,-0.00010054,0
5.0864,-0.00012605,0
5.0869,-0.00015946,0
5.0874,-0.00016919,0
5.0879,-0.00012639,0
5.0885,-5.8915e-05,0
5.089,-3.357e-07,0
5.0895,6.1601e-05,0
5.09,0.00012572,0
5.0905,0.000165,0
5.0911,0.00014133,0
5.0916,4.5319e-05,0
5.0921,-5.7908e-05,0
5.0926,-0.00010356,0
5.0931,-8.3757e-05,0
5.0937,-1.5778e-05,0
5.0942,7.4357e-05,0
5.0947,0.00014821,0
5.0952,0.00017977,0
5.0957,0.00017087,0
5.0963,0.00016751,0
5.0968,0.00016667,0
5.0973,0.00011833,0
5.0978,2.8702e-05,0
5.0983,-4.6662e-05,0
5.0988,-6.8482e-05,0
5.0994,-3.1052e-05,0
5.0999,2.2492e-05,0
5.1004,5.7237e-05,0
5.1009,9.3156e-05,0
5.1014,0.00016432,0
5.102,0.00026033,0
5.1025,0.00033318,0
5.103,0.0003597,0
5.1035,0.00032848,0
5.104,0.00024019,0
5.1046,0.00013075,0
5.1051,6.009e-05,0
5.1056,6.2776e-05,0
5.1061,9.3156e-05,0
5.1066,7.4189e-05,0
5.1072,-2.7359e-05,0
5.1077,-0.00017691,0
5.1082,-0.00028299,0
5.1087,-0.00029726,0
5.1092,-0.00025496,0
5.1098,-0.0001843,0
5.1103,-0.00010021,0
5.1108,-3.5248e-06,0
5.1113,8.04e-05,0
5.1118,0.00012639,0
5.1123,0.00013747,0
5.1129,0.00013075,0
5.1134,0.00012505,0
5.1139,0.00011984,0
5.1144,9.5171e-05,0
5.1149,1.1749e-05,0
5.1155,-9.7353e-05,0
5.116,-0.00015979,0
5.1165,-0.00015996,0
5.117,-0.00014099,0
5.1175,-0.00015274,0
5.1181,-0.00018111,0
5.1186,-0.00017675,0
5.1191,-0.00012203,0
5.1196,-3.7766e-05,0
5.1201,4.0787e-05,0
5.1207,8.4932e-05,0
5.1212,0.00010843,0
5.1217,0.00012622,0
5.1222,0.00012807,0
5.1227,0.00010726,0
5.1232,7.4357e-05,0
5.1238,4.4816e-05,0
5.1243,1.4939e-05,0
5.1248,-3.1724e-05,0
5.1253,-0.00011733,0
5.1258,-0.00022089,0
5.1264,-0.00026688,0
5.1269,-0.00023381,0
5.1274,-0.00017087,0
5.1279,-0.00012538,0
5.1284,-9.6849e-05,0
5.129,-5.8915e-05,0
5.1295,1.6281e-05,0
5.13,0.00013915,0
5.1305,0.00028383,0
5.131,0.00037514,0
5.1316,0.00036876,0
5.1321,0.0002939,0
5.1326,0.00018698,0
5.1331,8.1071e-05,0
5.1336,3.9109e-05,0
5.1342,3.7934e-05,0
5.1347,-1.8463e-05,0
5.1352,-0.00011481,0
5.1357,-0.00017473,0
5.1362,-0.00016399,0
5.1368,-9.9535e-05,0
5.1373,-2.9038e-05,0
5.1378,1.1078e-05,0
5.1383,4.2466e-05,0
5.1388,8.8289e-05,0
5.1393,0.00012807,0
5.1399,0.00014452,0
5.1404,0.00014015,0
5.1409,0.0001425,0
5.1414,0.00017641,0
5.1419,0.00022005,0
5.1425,0.00022979,0
5.143,0.00019756,0
5.1435,0.00015224,0
5.144,0.00011263,0
5.1445,7.8386e-05,0
5.1451,4.9012e-05,0
5.1456,2.1317e-05,0
5.1461,-4.1962e-06,0
5.1466,-2.2995e-05,0
5.1471,-4.1794e-05,0
5.1477,-7.335e-05,0
5.1482,-0.00012992,0
5.1487,-0.00019521,0
5.1492,-0.00023365,0
5.1497,-0.00023398,0
5.1502,-0.00020377,0
5.1508,-0.00016466,0
5.1513,-0.00014519,0
5.1518,-0.00014855,0
5.1523,-0.00015291,0
5.1528,-0.00013478,0
5.1534,-8.896e-05,0
5.1539,-4.448e-05,0
5.1544,-1.2421e-05,0
5.1549,1.1078e-05,0
5.1554,1.8799e-05,0
5.156,-6.0426e-06,0
5.1565,-4.213e-05,0
5.157,-4.5487e-05,0
5.1575,1.0239e-05,0
5.158,0.00010407,0
5.1586,0.00014418,0
5.1591,4.3977e-05,0
5.1596,-0.00015308,0
5.1601,-0.00032798,0
5.1606,-0.00037296,0
5.1612,-0.00025664,0
5.1617,-5.539e-05,0
5.1622,0.00013713,0
5.1627,0.00029424,0
5.1632,0.00042097,0
5.1638,0.00051614,0
5.1643,0.00061752,0
5.1648,0.00073434,0
5.1653,0.00076187,0
5.1658,0.00061953,0
5.1663,0.0003691,0
5.1669,0.00014116,0
5.1674,9.7353e-06,0
5.1679,-3.5752e-05,0
5.1684,-4.8676e-05,0
5.1689,-6.7308e-05,0
5.1695,-9.5338e-05,0
5.17,-0.00011414,0
5.1705,-0.00010222,0
5.171,-6.7811e-05,0
5.1715,-3.7766e-05,0
5.1721,-5.0355e-05,0
5.1726,-0.00011363,0
5.1731,-0.00016399,0
5.1736,-0.00014888,0
5.1741,-8.5771e-05,0
5.1747,-2.3163e-05,0
5.1752,3.8605e-06,0
5.1757,-3.1891e-06,0
5.1762,-1.0407e-05,0
5.1767,-2.0142e-06,0
5.1772,1.561e-05,0
5.1778,3.8773e-05,0
5.1783,4.0955e-05,0
5.1788,2.8534e-06,0
5.1793,-5.0187e-05,0
5.1798,-8.51e-05,0
5.1804,-9.0806e-05,0
5.1809,-8.2078e-05,0
5.1814,-7.1336e-05,0
5.1819,-6.3951e-05,0
5.1824,-5.3208e-05,0
5.183,-3.9109e-05,0
5.1835,-3.3402e-05,0
5.184,-4.2298e-05,0
5.1845,-6.2104e-05,0
5.185,-0.00010155,0
5.1856,-0.00016802,0
5.1861,-0.00022089,0
5.1866,-0.00019789,0
5.1871,-0.00010524,0
5.1876,-3.1891e-05,0
5.1882,-3.7095e-05,0
5.1887,-6.865e-05,0
5.1892,-4.2466e-05,0
5.1897,6.865e-05,0
5.1902,0.00023684,0
5.1908,0.00041207,0
5.1913,0.00052016,0
5.1918,0.00049599,0
5.1923,0.00035903,0
5.1928,0.00020897,0
5.1933,0.00011632,0
5.1939,7.1839e-05,0
5.1944,3.6423e-05,0
5.1949,6.3783e-06,0
5.1954,-2.8534e-06,0
5.1959,-1.4939e-05,0
5.1965,-3.8102e-05,0
5.197,-3.1052e-05,0
5.1975,3.357e-07,0
5.198,8.2246e-06,0
5.1985,-4.8676e-06,0
5.1991,-1.6281e-05,0
5.1996,-1.0239e-05,0
5.2001,1.5946e-05,0
5.2006,2.8534e-06,0
5.2011,-9.5506e-05,0
5.2017,-0.00021619,0
5.2022,-0.00029793,0
5.2027,-0.00034879,0
5.2032,-0.00035953,0
5.2037,-0.00030213,0
5.2043,-0.00017171,0
5.2048,1.1078e-05,0
5.2053,0.00019487,0
5.2058,0.00030263,0
5.2063,0.0002892,0
5.2068,0.0002036,0
5.2074,0.00014334,0
5.2079,0.00015828,0
5.2084,0.00020293,0
5.2089,0.00020192,0
5.2094,0.00012337,0
5.21,2.5177e-06,0
5.2105,-8.6778e-05,0
5.211,-0.00011028,0
5.2115,-8.0064e-05,0
5.212,-2.2492e-05,0
5.2126,3.8437e-05,0
5.2131,8.5603e-05,0
5.2136,0.00011565,0
5.2141,0.00014754,0
5.2146,0.00021048,0
5.2152,0.00028484,0
5.2157,0.00031472,0
5.2162,0.00027779,0
5.2167,0.00019823,0
5.2172,0.00010591,0
5.2177,2.2995e-05,0
5.2183,-4.3305e-05,0
5.2188,-8.8792e-05,0
5.2193,-0.00010759,0
5.2198,-9.9535e-05,0
5.2203,-8.5435e-05,0
5.2209,-8.2918e-05,0
5.2214,-0.00010323,0
5.2219,-0.00013764,0
5.2224,-0.000166,0
5.2229,-0.00018346,0
5.2235,-0.00019185,0
5.224,-0.00019017,0
5.2245,-0.00016634,0
5.225,-9.4835e-05,0
5.2255,3.4913e-05,0
5.2261,0.00017926,0
5.2266,0.00026738,0
5.2271,0.00027175,0
5.2276,0.00021871,0
5.2281,0.00014469,0
5.2287,4.8676e-05,0
5.2292,-5.3544e-05,0
5.2297,-0.00013596,0
5.2302,-0.00019135,0
5.2307,-0.00018514,0
5.2313,-0.00012136,0
5.2318,-9.9535e-05,0
5.2323,-0.00015946,0
5.2328,-0.00020595,0
5.2333,-0.00016533,0
5.2338,-7.8721e-05,0
5.2344,-5.539e-06,0
5.2349,6.6636e-05,0
5.2354,0.00019051,0
5.2359,0.0003456,0
5.2364,0.00044564,0
5.237,0.0004396,0
5.2375,0.00035634,0
5.238,0.00025563,0
5.2385,0.00017339,0
5.239,0.0001044,0
5.2396,4.2466e-05,0
5.2401,-3.8605e-06,0
5.2406,-2.8702e-05,0
5.2411,-3.2395e-05,0
5.2416,-3.0381e-05,0
5.2422,-4.7837e-05,0
5.2427,-9.2653e-05,0
5.2432,-0.00013478,0
5.2437,-0.00014922,0
5.2442,-0.00014301,0
5.2447,-0.00013025,0
5.2453,-0.00012572,0
5.2458,-0.00013646,0
5.2463,-0.00016298,0
5.2468,-0.00018027,0
5.2473,-0.00015593,0
5.2479,-8.4764e-05,0
5.2484,3.8605e-06,0
5.2489,5.9586e-05,0
5.2494,8.1407e-05,0
5.2499,0.00011095,0
5.2505,0.00016466,0
5.251,0.00022727,0
5.2515,0.00025899,0
5.252,0.00023281,0
5.2525,0.00017977,0
5.2531,0.00012874,0
5.2536,7.6036e-05,0
5.2541,1.8128e-05,0
5.2546,-4.2466e-05,0
5.2551,-8.7449e-05,0
5.2557,-9.836e-05,0
5.2562,-6.8986e-05,0
5.2567,-1.091e-05,0
5.2572,4.5487e-05,0
5.2577,7.2679e-05,0
5.2583,8.661e-05,0
5.2588,7.8386e-05,0
5.2593,3.7934e-05,0
5.2598,9.5674e-06,0
5.2603,7.5532e-06,0
5.2608,1.8631e-05,0
5.2614,5.539e-06,0
5.2619,-6.1433e-05,0
5.2624,-0.00015023,0
5.2629,-0.00021401,0
5.2634,-0.00023734,0
5.264,-0.00021434,0
5.2645,-0.00014083,0
5.265,-3.0549e-05,0
5.2655,7.5532e-05,0
5.266,0.00015727,0
5.2666,0.00023214,0
5.2671,0.00029693,0
5.2676,0.00031405,0
5.2681,0.00027578,0
5.2686,0.00021334,0
5.2692,0.0001556,0
5.2697,0.00010944,0
5.2702,6.2104e-05,0
5.2707,1.1917e-05,0
5.2712,-2.2995e-05,0
5.2717,-4.0787e-05,0
5.2723,-5.3544e-05,0
5.2728,-6.8818e-05,0
5.2733,-8.4092e-05,0
5.2738,-9.2988e-05,0
5.2743,-8.3085e-05,0
5.2749,-5.1194e-05,0
5.2754,-2.2995e-05,0
5.2759,-2.3667e-05,0
5.2764,-4.6159e-05,0
5.2769,-6.2608e-05,0
5.2775,-6.4622e-05,0
5.278,-7.3014e-05,0
5.2785,-9.5506e-05,0
5.279,-9.5171e-05,0
5.2795,-5.9419e-05,0
5.2801,-1.1246e-05,0
5.2806,2.3163e-05,0
5.2811,3.8437e-05,0
5.2816,3.827e-05,0
5.2821,2.182e-05,0
5.2827,1.1582e-05,0
5.2832,2.6352e-05,0
5.2837,5.2537e-05,0
5.2842,5.7908e-05,0
5.2847,3.0045e-05,0
5.2852,-1.9638e-05,0
5.2858,-9.6178e-05,0
5.2863,-0.00018547,0
5.2868,-0.00024993,0
5.2873,-0.00023835,0
5.2878,-0.00014401,0
5.2884,-2.4506e-05,0
5.2889,5.3208e-05,0
5.2894,4.2802e-05,0
5.2899,-8.3925e-07,0
5.2904,3.592e-05,0
5.291,0.00018581,0
5.2915,0.00036272,0
5.292,0.00046813,0
5.2925,0.00047518,0
5.293,0.00042416,0
5.2936,0.00036306,0
5.2941,0.00029928,0
5.2946,0.00023079,0
5.2951,0.00016197,0
5.2956,7.7043e-05,0
5.2962,-1.796e-05,0
5.2967,-9.1814e-05,0
5.2972,-0.00014049,0
5.2977,-0.00016886,0
5.2982,-0.00017557,0
5.2988,-0.0001603,0
5.2993,-0.00012572,0
5.2998,-6.6133e-05,0
5.3003,2.4002e-05,0
5.3008,0.00013445,0
5.3013,0.00022039,0
5.3019,0.00022106,0
5.3024,0.0001368,0
5.3029,3.8437e-05,0
5.3034,-1.561e-05,0
5.3039,-3.3066e-05,0
5.3045,-7.0497e-05,0
5.305,-0.00015744,0
5.3055,-0.00023197,0
5.306,-0.00023012,0
5.3065,-0.00015895,0
5.3071,-5.5222e-05,0
5.3076,2.9206e-05,0
5.3081,7.2679e-05,0
5.3086,8.9128e-05,0
5.3091,9.6513e-05,0
5.3097,0.00012035,0
5.3102,0.00016533,0
5.3107,0.00022643,0
5.3112,0.00027813,0
5.3117,0.00028048,0
5.3122,0.00022878,0
5.3128,0.00015593,0
5.3133,9.4163e-05,0
5.3138,4.9851e-05,0
5.3143,1.8463e-05,0
5.3148,1.1917e-05,0
5.3154,2.2324e-05,0
5.3159,5.539e-06,0
5.3164,-6.2608e-05,0
5.3169,-0.00015274,0
5.3174,-0.00022979,0
5.318,-0.00029525,0
5.3185,-0.00038589,0
5.319,-0.00046763,0
5.3195,-0.00049079,0
5.32,-0.00043859,0
5.3206,-0.00031958,0
5.3211,-0.00016869,0
5.3216,-3.1724e-05,0
5.3221,9.4331e-05,0
5.3226,0.00022811,0
5.3232,0.00032932,0
5.3237,0.00036407,0
5.3242,0.00035131,0
5.3247,0.00031405,0
5.3252,0.00026738,0
5.3258,0.00022072,0
5.3263,0.00016902,0
5.3268,0.00011582,0
5.3273,7.1839e-05,0
5.3278,5.3208e-05,0
5.3283,6.9322e-05,0
5.3289,0.00010054,0
5.3294,0.00011766,0
5.3299,0.00011263,0
5.3304,9.2821e-05,0
5.3309,6.4286e-05,0
5.3315,3.1891e-05,0
5.332,4.1962e-06,0
5.3325,-1.6281e-05,0
5.333,-3.6088e-05,0
5.3335,-5.1698e-05,0
5.3341,-7.5364e-05,0
5.3346,-0.00013545,0
5.3351,-0.00020478,0
5.3356,-0.00022794,0
5.3361,-0.00020662,0
5.3367,-0.00016483,0
5.3372,-0.00011917,0
5.3377,-7.7546e-05,0
5.3382,-4.0284e-05,0
5.3387,-6.0426e-06,0
5.3392,4.0955e-05,0
5.3398,0.00010658,0
5.3403,0.00017272,0
5.3408,0.00019504,0
5.3413,0.00016466,0
5.3418,0.00011632,0
5.3424,7.1336e-05,0
5.3429,3.9277e-05,0
5.3434,3.4073e-05,0
5.3439,5.1865e-05,0
5.3444,5.8244e-05,0
5.345,4.3473e-05,0
5.3455,3.2731e-05,0
5.346,3.5752e-05,0
5.3465,3.978e-05,0
5.347,4.3641e-05,0
5.3476,5.4215e-05,0
5.3481,8.661e-05,0
5.3486,0.00012924,0
5.3491,0.00011464,0
5.3496,1.4603e-05,0
5.3502,-0.00012219,0
5.3507,-0.00023096,0
5.3512,-0.00027947,0
5.3517,-0.00025765,0
5.3522,-0.00014821,0
5.3528,4.2466e-05,0
5.3533,0.00022609,0
5.3538,0.00030297,0
5.3543,0.00028215,0
5.3548,0.00023079,0
5.3553,0.00017742,0
5.3559,0.00011431,0
5.3564,2.8534e-05,0
5.3569,-6.4622e-05,0
5.3574,-0.00012656,0
5.3579,-0.0001373,0
5.3585,-0.00011044,0
5.359,-7.9057e-05,0
5.3595,-6.4118e-05,0
5.36,-5.7908e-05,0
5.3605,-4.0452e-05,0
5.3611,-1.8463e-06,0
5.3616,4.3977e-05,0
5.3621,7.0665e-05,0
5.3626,6.3615e-05,0
5.3631,2.1317e-05,0
5.3637,-3.5248e-05,0
5.3642,-7.805e-05,0
5.3647,-9.2317e-05,0
5.3652,-8.0903e-05,0
5.3657,-5.8915e-05,0
5.3662,-5.0019e-05,0
5.3668,-7.9057e-05,0
5.3673,-0.00011347,0
5.3678,-9.0806e-05,0
5.3683,-6.0426e-06,0
5.3688,8.8792e-05,0
5.3694,0.00014351,0
5.3699,0.0001472,0
5.3704,0.00012874,0
5.3709,0.00011431,0
5.3714,0.00011128,0
5.372,0.00010524,0
5.3725,6.865e-05,0
5.373,5.8747e-06,0
5.3735,-5.7908e-05,0
5.374,-0.00010037,0
5.3746,-9.752e-05,0
5.3751,-4.6494e-05,0
5.3756,1.3764e-05,0
5.3761,3.508e-05,0
5.3766,1.8463e-05,0
5.3772,-2.3331e-05,0
5.3777,-8.2078e-05,0
5.3782,-9.601e-05,0
5.3787,-5.5726e-05,0
5.3792,-1.9974e-05,0
5.3797,-4.1123e-05,0
5.3803,-0.00010491,0
5.3808,-0.0001472,0
5.3813,-0.00011699,0
5.3818,6.3783e-06,0
5.3823,0.00020209,0
5.3829,0.0003931,0
5.3834,0.00049314,0
5.3839,0.00048458,0
5.3844,0.00041257,0
5.3849,0.00034795,0
5.3855,0.00029575,0
5.386,0.0002078,0
5.3865,9.2821e-05,0
5.387,-1.091e-05,0
5.3875,-8.4092e-05,0
5.3881,-0.00010944,0
5.3886,-9.8527e-05,0
5.3891,-7.5532e-05,0
5.3896,-3.4577e-05,0
5.3901,2.6688e-05,0
5.3907,7.7043e-05,0
5.3912,8.5603e-05,0
5.3917,4.6662e-05,0
5.3922,-1.2924e-05,0
5.3927,-6.7979e-05,0
5.3933,-0.0001227,0
5.3938,-0.00019991,0
5.3943,-0.00026067,0
5.3948,-0.00026436,0
5.3953,-0.00026403,0
5.3958,-0.00028266,0
5.3964,-0.0002558,0
5.3969,-0.00015224,0
5.3974,-8.5603e-06,0
5.3979,0.00011632,0
5.3984,0.00019689,0
5.399,0.00024355,0
5.3995,0.00027443,0
5.4,0.00031102,0
5.4005,0.00033654,0
5.401,0.00031405,0
5.4016,0.00024758,0
5.4021,0.000166,0
5.4026,9.5171e-05,0
5.4031,5.2033e-06,0
5.4036,-0.00012673,0
5.4042,-0.0002135,0
5.4047,-0.00017507,0
5.4052,-5.6901e-05,0
5.4057,4.9516e-05,0
5.4062,0.00011363,0
5.4067,0.0001373,0
5.4073,0.00013075,0
5.4078,0.00010256,0
5.4083,7.2343e-05,0
5.4088,7.5364e-05,0
5.4093,9.5171e-05,0
5.4099,7.8889e-05,0
5.4104,7.0497e-06,0
5.4109,-8.1239e-05,0
5.4114,-0.0001368,0
5.4119,-0.000142,0
5.4125,-0.00010407,0
5.413,-4.6326e-05,0
5.4135,0,0
5.414,2.4338e-05,0
5.4145,4.6159e-05,0
5.4151,8.5267e-05,0
5.4156,0.00012941,0
5.4161,0.0001509,0
5.4166,0.00014133,0
5.4171,0.00010642,0
5.4177,4.9516e-05,0
5.4182,-1.7624e-05,0
5.4187,-7.7043e-05,0
5.4192,-0.00011229,0
5.4197,-0.00011884,0
5.4203,-0.00010423,0
5.4208,-8.51e-05,0
5.4213,-7.6707e-05,0
5.4218,-6.6804e-05,0
5.4223,-4.7669e-05,0
5.4228,-3.3906e-05,0
5.4234,-3.592e-05,0
5.4239,-4.5991e-05,0
5.4244,-6.0594e-05,0
5.4249,-8.1743e-05,0
5.4254,-0.00010961,0
5.426,-0.0001561,0
5.4265,-0.00023465,0
5.427,-0.00029978,0
5.4275,-0.00030297,0
5.428,-0.00025429,0
5.4286,-0.00018715,0
5.4291,-0.00012303,0
5.4296,-5.9754e-05,0
5.4301,2.652e-05,0
5.4306,0.00015526,0
5.4312,0.00031405,0
5.4317,0.00045537,0
5.4322,0.00050338,0
5.4327,0.00044094,0
5.4332,0.00032647,0
5.4337,0.00021334,0
5.4343,0.00012471,0
5.4348,7.5029e-05,0
5.4353,5.6901e-05,0
5.4358,5.9586e-05,0
5.4363,6.9657e-05,0
5.4369,7.8386e-05,0
5.4374,9.0806e-05,0
5.4379,0.00012622,0
5.4384,0.00016214,0
5.4389,0.00013445,0
5.4395,3.743e-05,0
5.44,-6.8147e-05,0
5.4405,-0.00013512,0
5.441,-0.00016449,0
5.4415,-0.0001744,0
5.4421,-0.0001707,0
5.4426,-0.00015123,0
5.4431,-0.00012589,0
5.4436,-9.8863e-05,0
5.4441,-7.0161e-05,0
5.4447,-3.2563e-05,0
5.4452,3.3402e-05,0
5.4457,0.00011061,0
5.4462,0.00013646,0
5.4467,7.1e-05,0
5.4473,-7.7714e-05,0
5.4478,-0.00023566,0
5.4483,-0.00032076,0
5.4488,-0.00030666,0
5.4493,-0.00022777,0
5.4498,-0.0001185,0
5.4504,1.0575e-05,0
5.4509,0.00013814,0
5.4514,0.00023381,0
5.4519,0.00029155,0
5.4524,0.00032395,0
5.453,0.0003268,0
5.4535,0.00029256,0
5.454,0.00023079,0
5.4545,0.00016214,0
5.455,0.00011179,0
5.4556,8.2078e-05,0
5.4561,7.7379e-05,0
5.4566,0.00013075,0
5.4571,0.00022123,0
5.4576,0.00026889,0
5.4582,0.00023801,0
5.4587,0.00015258,0
5.4592,6.0258e-05,0
5.4597,-2.6017e-05,0
5.4602,-9.5506e-05,0
5.4607,-0.00012035,0
5.4613,-0.00010407,0
5.4618,-8.3421e-05,0
5.4623,-7.7379e-05,0
5.4628,-8.7449e-05,0
5.4633,-0.00010457,0
5.4639,-0.00012102,0
5.4644,-0.00013126,0
5.4649,-0.00011968,0
5.4654,-6.7979e-05,0
5.4659,1.3596e-05,0
5.4665,8.4764e-05,0
5.467,0.00013747,0
5.4675,0.00018245,0
5.468,0.00019924,0
5.4685,0.00016701,0
5.4691,0.00010642,0
5.4696,5.0858e-05,0
5.4701,5.539e-06,0
5.4706,-3.9277e-05,0
5.4711,-7.8386e-05,0
5.4717,-9.5171e-05,0
5.4722,-5.7908e-05,0
5.4727,1.1582e-05,0
5.4732,3.5248e-06,0
5.4737,-0.00011028,0
5.4742,-0.000213,0
5.4748,-0.0002177,0
5.4753,-0.00015761,0
5.4758,-0.00011061,0
5.4763,-8.4764e-05,0
5.4768,-3.6927e-05,0
5.4774,4.3473e-05,0
5.4779,0.00013646,0
5.4784,0.00020394,0
5.4789,0.00020729,0
5.4794,0.0001378,0
5.48,-5.2033e-06,0
5.4805,-0.00020327,0
5.481,-0.00038169,0
5.4815,-0.00043893,0
5.482,-0.00035785,0
5.4826,-0.00021602,0
5.4831,-8.2078e-05,0
5.4836,2.4002e-05,0
5.4841,0.00012169,0
5.4846,0.00023079,0
5.4852,0.00034191,0
5.4857,0.00042953,0
5.4862,0.00048257,0
5.4867,0.00049499,0
5.4872,0.00043893,0
5.4878,0.00030532,0
5.4883,0.00014015,0
5.4888,2.1988e-05,0
5.4893,-2.0478e-05,0
5.4898,-1.1246e-05,0
5.4903,9.9031e-06,0
5.4909,1.9303e-05,0
5.4914,1.5274e-05,0
5.4919,5.539e-06,0
5.4924,-5.2033e-06,0
5.4929,-1.6281e-05,0
5.4935,-1.1582e-05,0
5.494,8.3925e-06,0
5.4945,1.0407e-05,0
5.495,-1.1246e-05,0
5.4955,-3.5752e-05,0
5.4961,-4.9012e-05,0
5.4966,-4.8844e-05,0
5.4971,-3.0381e-05,0
5.4976,7.8889e-06,0
5.4981,4.3809e-05,0
5.4987,6.6972e-05,0
5.4992,7.7043e-05,0
5.4997,5.7572e-05,0
5.5002,7.8889e-06,0
5.5007,-4.3473e-05,0
5.5012,-7.0161e-05,0
5.5018,-6.7475e-05,0
5.5023,-5.5222e-05,0
5.5028,-5.5222e-05,0
5.5033,-9.4835e-05,0
5.5038,-0.00019219,0
5.5044,-0.00030062,0
5.5049,-0.00035634,0
5.5054,-0.00035215,0
5.5059,-0.00031774,0
5.5064,-0.00026252,0
5.507,-0.00018715,0
5.5075,-0.00011128,0
5.508,-3.6088e-05,0
5.5085,7.1672e-05,0
5.509,0.00021552,0
5.5096,0.00033285,0
5.5101,0.00036172,0
5.5106,0.00031992,0
5.5111,0.00026,0
5.5116,0.00021317,0
5.5122,0.00018413,0
5.5127,0.00016768,0
5.5132,0.00016365,0
5.5137,0.00016466,0
5.5142,0.00015023,0
5.5148,0.00010591,0
5.5153,4.062e-05,0
5.5158,-1.2589e-05,0
5.5163,-2.0478e-05,0
5.5168,-3.357e-07,0
5.5173,-1.6785e-07,0
5.5179,-4.5823e-05,0
5.5184,-0.00011212,0
5.5189,-0.00014418,0
5.5194,-0.00012102,0
5.5199,-6.2608e-05,0
5.5205,-6.3783e-06,0
5.521,3.0716e-05,0
5.5215,5.2873e-05,0
5.522,6.2608e-05,0
5.5225,8.3589e-05,0
5.5231,0.00013713,0
5.5236,0.00020662,0
5.5241,0.00025765,0
5.5246,0.00025631,0
5.5251,0.00019655,0
5.5257,0.00011867,0
5.5262,6.1265e-05,0
5.5267,1.4771e-05,0
5.5272,-2.9877e-05,0
5.5277,-6.009e-05,0
5.5282,-6.9825e-05,0
5.5288,-8.0232e-05,0
5.5293,-0.00011447,0
5.5298,-0.00015593,0
5.5303,-0.00016164,0
5.5308,-0.00010558,0
5.5314,-1.7624e-05,0
5.5319,4.7166e-05,0
5.5324,7.7546e-05,0
5.5329,8.8792e-05,0
5.5334,9.1814e-05,0
5.534,8.661e-05,0
5.5345,7.9057e-05,0
5.535,7.7714e-05,0
5.5355,7.7714e-05,0
5.536,7.4525e-05,0
5.5366,6.0594e-05,0
5.5371,2.1485e-05,0
5.5376,-4.0955e-05,0
5.5381,-8.3253e-05,0
5.5386,-8.4764e-05,0
5.5392,-7.6707e-05,0
5.5397,-8.9464e-05,0
5.5402,-0.00012102,0
5.5407,-0.00014788,0
5.5412,-0.00014553,0
5.5418,-0.00010675,0
5.5423,-3.4073e-05,0
5.5428,4.8844e-05,0
5.5433,0.00011212,0
5.5438,0.00012773,0
5.5443,8.4932e-05,0
5.5449,4.1459e-05,0
5.5454,3.8102e-05,0
5.5459,5.0355e-05,0
5.5464,5.5894e-05,0
5.5469,6.4622e-05,0
5.5475,8.3085e-05,0
5.548,0.00010323,0
5.5485,0.00012471,0
5.549,0.00014049,0
5.5495,0.00012673,0
5.5501,7.3686e-05,0
5.5506,-8.3925e-07,0
5.5511,-7.335e-05,0
5.5516,-0.00011196,0
5.5521,-0.00011498,0
5.5527,-0.00011229,0
5.5532,-0.00011296,0
5.5537,-9.9031e-05,0
5.5542,-6.3111e-05,0
5.5547,-1.8799e-05,0
5.5553,1.8631e-05,0
5.5558,3.1388e-05,0
5.5563,1.1246e-05,0
5.5568,-2.652e-05,0
5.5573,-5.1194e-05,0
5.5578,-5.9922e-05,0
5.5584,-5.8915e-05,0
5.5589,-4.0787e-05,0
5.5594,-5.539e-06,0
5.5599,4.4648e-05,0
5.5604,0.00012068,0
5.561,0.00022307,0
5.5615,0.0003164,0
5.562,0.00035097,0
5.5625,0.00030465,0
5.563,0.0001989,0
5.5636,0.00010222,0
5.5641,5.3544e-05,0
5.5646,2.9374e-05,0
5.5651,-3.8605e-06,0
5.5656,-4.6326e-05,0
5.5662,-7.6036e-05,0
5.5667,-8.2582e-05,0
5.5672,-6.8482e-05,0
5.5677,-4.6159e-05,0
5.5682,-2.7359e-05,0
5.5687,-2.3499e-05,0
5.5693,-4.9348e-05,0
5.5698,-9.2821e-05,0
5.5703,-0.00012404,0
5.5708,-0.00014066,0
5.5713,-0.00014653,0
5.5719,-0.00013327,0
5.5724,-8.9967e-05,0
5.5729,-1.6785e-07,0
5.5734,0.00014049,0
5.5739,0.00028249,0
5.5745,0.00035953,0
5.575,0.00034359,0
5.5755,0.00025228,0
5.576,0.00014049,0
5.5765,5.4215e-05,0
5.5771,8.3925e-07,0
5.5776,-3.3234e-05,0
5.5781,-6.3615e-05,0
5.5786,-9.8863e-05,0
5.5791,-0.00012824,0
5.5797,-0.00013411,0
5.5802,-0.0001133,0
5.5807,-7.6539e-05,0
5.5812,-4.1794e-05,0
5.5817,-2.9709e-05,0
5.5823,-5.8747e-05,0
5.5828,-0.00010642,0
5.5833,-0.00012471,0
5.5838,-9.3996e-05,0
5.5843,-3.5584e-05,0
5.5848,2.1988e-05,0
5.5854,6.4286e-05,0
5.5859,0.00010373,0
5.5864,0.00015291,0
5.5869,0.00020192,0
5.5874,0.00023717,0
5.588,0.00024221,0
5.5885,0.00020662,0
5.589,0.00012538,0
5.5895,1.326e-05,0
5.59,-8.6275e-05,0
5.5906,-0.00014318,0
5.5911,-0.00015962,0
5.5916,-0.00016265,0
5.5921,-0.00015492,0
5.5926,-8.4092e-05,0
5.5932,6.1265e-05,0
5.5937,0.00021367,0
5.5942,0.00030062,0
5.5947,0.00030498,0
5.5952,0.00025362,0
5.5957,0.00018682,0
5.5963,0.0001279,0
5.5968,8.51e-05,0
5.5973,5.7404e-05,0
5.5978,3.4577e-05,0
5.5983,4.0284e-06,0
5.5989,-3.0716e-05,0
5.5994,-5.7237e-05,0
5.5999,-6.4958e-05,0
5.6004,-4.1291e-05,0
5.6009,5.0355e-06,0
5.6015,3.1388e-05,0
5.602,1.9638e-05,0
5.6025,-1.3596e-05,0
5.603,-5.3208e-05,0
5.6035,-8.7114e-05,0
5.6041,-0.00010289,0
5.6046,-0.00010088,0
5.6051,-8.6107e-05,0
5.6056,-5.3376e-05,0
5.6061,-9.0639e-06,0
5.6067,3.9277e-05,0
5.6072,8.2918e-05,0
5.6077,0.00010591,0
5.6082,0.00010021,0
5.6087,7.2679e-05,0
5.6093,3.6088e-05,0
5.6098,-8.5603e-06,0
5.6103,-5.7404e-05,0
5.6108,-9.5338e-05,0
5.6113,-0.00011397,0
5.6118,-0.0001044,0
5.6124,-6.1265e-05,0
5.6129,-1.8296e-05,0
5.6134,1.6785e-06,0
5.6139,8.896e-06,0
5.6144,8.5603e-06,0
5.615,8.3925e-07,0
5.6155,-6.3783e-06,0
5.616,-4.8676e-06,0
5.6165,2.5177e-06,0
5.617,7.8889e-06,0
5.6176,5.539e-06,0
5.6181,-2.8534e-06,0
5.6186,-8.2246e-06,0
5.6191,-9.2317e-06,0
5.6196,-1.9806e-05,0
5.6202,-4.5487e-05,0
5.6207,-7.6036e-05,0
5.6212,-0.00012387,0
5.6217,-0.00017708,0
5.6222,-0.00020948,0
5.6227,-0.00022324,0
5.6233,-0.00022693,0
5.6238,-0.00021971,0
5.6243,-0.00017591,0
5.6248,-7.4693e-05,0
5.6253,5.8747e-05,0
5.6259,0.00018363,0
5.6264,0.00028719,0
5.6269,0.00036222,0
5.6274,0.00038119,0
5.6279,0.00035634,0
5.6285,0.00033754,0
5.629,0.0003409,0
5.6295,0.00032747,0
5.63,0.00027041,0
5.6305,0.00019454,0
5.6311,0.00014485,0
5.6316,0.00013008,0
5.6321,0.00012337,0
5.6326,0.00010826,0
5.6331,8.7785e-05,0
5.6337,6.7308e-05,0
5.6342,5.3544e-05,0
5.6347,3.9445e-05,0
5.6352,2.7527e-05,0
5.6357,5.5894e-05,0
5.6363,8.4428e-05,0
5.6368,3.9109e-05,0
5.6373,-7.1e-05,0
5.6378,-0.00018296,0
5.6383,-0.00022593,0
5.6388,-0.00018631,0
5.6394,-0.00011128,0
5.6399,-4.8173e-05,0
5.6404,-1.8967e-05,0
5.6409,-1.2924e-05,0
5.6414,-2.0981e-05,0
5.642,-2.6184e-05,0
5.6425,-2.2492e-05,0
5.643,-3.508e-05,0
5.6435,-6.9322e-05,0
5.644,-9.6513e-05,0
5.6446,-9.4835e-05,0
5.6451,-6.5965e-05,0
5.6456,-2.417e-05,0
5.6461,1.0071e-05,0
5.6466,2.2324e-05,0
5.6472,1.796e-05,0
5.6477,-1.6953e-05,0
5.6482,-7.5868e-05,0
5.6487,-9.9535e-05,0
5.6492,-6.1936e-05,0
5.6498,1.0575e-05,0
5.6503,7.8218e-05,0
5.6508,0.0001133,0
5.6513,9.2653e-05,0
5.6518,4.7501e-05,0
5.6523,4.8844e-05,0
5.6529,0.00010776,0
5.6534,0.00016332,0
5.6539,0.00016298,0
5.6544,0.00010591,0
5.6549,3.122e-05,0
5.6555,-2.3331e-05,0
5.656,-5.2537e-05,0
5.6565,-8.4428e-05,0
5.657,-0.00013478,0
5.6575,-0.00018044,0
5.6581,-0.00019672,0
5.6586,-0.00018212,0
5.6591,-0.00013529,0
5.6596,-5.4551e-05,0
5.6601,3.508e-05,0
5.6607,0.00010323,0
5.6612,0.00015325,0
5.6617,0.00019538,0
5.6622,0.00023146,0
5.6627,0.00026017,0
5.6632,0.00026369,0
5.6638,0.00022744,0
5.6643,0.00016768,0
5.6648,0.00011128,0
5.6653,6.9657e-05,0
5.6658,3.6088e-05,0
5.6664,-7.2175e-06,0
5.6669,-6.6636e-05,0
5.6674,-0.00010692,0
5.6679,-0.00010222,0
5.6684,-6.0761e-05,0
5.669,-3.1891e-06,0
5.6695,3.9948e-05,0
5.67,4.7501e-05,0
5.6705,2.9038e-05,0
5.671,4.5319e-06,0
5.6716,1.5106e-06,0
5.6721,3.7766e-05,0
5.6726,7.7043e-05,0
5.6731,7.0161e-05,0
5.6736,3.0213e-05,0
5.6742,-2.4674e-05,0
5.6747,-8.8792e-05,0
5.6752,-0.00013629,0
5.6757,-0.00014754,0
5.6762,-0.00012438,0
5.6768,-7.9728e-05,0
5.6773,-2.8031e-05,0
5.6778,2.9541e-05,0
5.6783,9.2821e-05,0
5.6788,0.00015157,0
5.6793,0.00019823,0
5.6799,0.00022593,0
5.6804,0.00021032,0
5.6809,0.00014653,0
5.6814,7.7714e-05,0
5.6819,4.1459e-05,0
5.6825,3.1724e-05,0
5.683,2.501e-05,0
5.6835,1.0239e-05,0
5.684,-7.3854e-06,0
5.6845,-2.1149e-05,0
5.6851,-3.1724e-05,0
5.6856,-3.1724e-05,0
5.6861,-1.091e-05,0
5.6866,2.0142e-06,0
5.6871,-3.8437e-05,0
5.6877,-0.0001274,0
5.6882,-0.00019437,0
5.6887,-0.00018933,0
5.6892,-0.00012807,0
5.6897,-6.865e-05,0
5.6902,-5.8579e-05,0
5.6908,-8.8624e-05,0
5.6913,-0.00010625,0
5.6918,-9.1814e-05,0
5.6923,-7.335e-05,0
5.6928,-4.8341e-05,0
5.6934,7.5532e-06,0
5.6939,6.9657e-05,0
5.6944,8.3085e-05,0
5.6949,6.2272e-05,0
5.6954,6.8482e-05,0
5.696,0.00011179,0
5.6965,0.00015895,0
5.697,0.00018782,0
5.6975,0.00017775,0
5.698,0.00013545,0
5.6986,9.8695e-05,0
5.6991,0.00010692,0
5.6996,0.00017171,0
5.7001,0.00025966,0
5.7006,0.00031975,0
5.7012,0.00032177,0
5.7017,0.00026806,0
5.7022,0.00017557,0
5.7027,5.9419e-05,0
5.7032,-6.9993e-05,0
5.7038,-0.00017758,0
5.7043,-0.0002224,0
5.7048,-0.00020125,0
5.7053,-0.00014687,0
5.7058,-9.2821e-05,0
5.7063,-3.8941e-05,0
5.7069,2.0645e-05,0
5.7074,6.7811e-05,0
5.7079,8.9799e-05,0
5.7084,9.1814e-05,0
5.7089,7.8386e-05,0
5.7095,5.1698e-05,0
5.71,1.6617e-05,0
5.7105,-3.1724e-05,0
5.711,-0.00011749,0
5.7115,-0.00021149,0
5.7121,-0.00025043,0
5.7126,-0.00021099,0
5.7131,-0.00011145,0
5.7136,1.5946e-05,0
5.7141,0.00015291,0
5.7147,0.00031606,0
5.7152,0.00043423,0
5.7157,0.00042919,0
5.7162,0.00033419,0
5.7167,0.00022777,0
5.7172,0.0001425,0
5.7178,5.1698e-05,0
5.7183,-8.1407e-05,0
5.7188,-0.00023331,0
5.7193,-0.00034627,0
5.7198,-0.00039696,0
5.7204,-0.0004067,0
5.7209,-0.00038773,0
5.7214,-0.00035282,0
5.7219,-0.00030632,0
5.7224,-0.00024154,0
5.723,-0.0001467,0
5.7235,3.1891e-06,0
5.724,0.00019487,0
5.7245,0.00037716,0
5.725,0.00049633,0
5.7256,0.00052268,0
5.7261,0.00048156,0
5.7266,0.00039797,0
5.7271,0.00029105,0
5.7276,0.00019622,0
5.7282,0.00012203,0
5.7287,5.7404e-05,0
5.7292,4.1962e-06,0
5.7297,-2.5681e-05,0
5.7302,-3.9109e-05,0
5.7307,-5.5558e-05,0
5.7313,-8.6442e-05,0
5.7318,-0.00012152,0
5.7323,-0.00014284,0
5.7328,-0.00014166,0
5.7333,-0.00011766,0
5.7339,-7.6204e-05,0
5.7344,-3.1052e-05,0
5.7349,5.0355e-07,0
5.7354,1.796e-05,0
5.7359,2.9877e-05,0
5.7365,2.6352e-05,0
5.737,-1.1917e-05,0
5.7375,-7.2679e-05,0
5.738,-0.00011666,0
5.7385,-0.0001227,0
5.7391,-0.00010423,0
5.7396,-8.0232e-05,0
5.7401,-5.6901e-05,0
5.7406,-2.501e-05,0
5.7411,1.8631e-05,0
5.7417,5.2873e-05,0
5.7422,8.1239e-05,0
5.7427,0.00011112,0
5.7432,0.00010793,0
5.7437,3.9445e-05,0
5.7443,-5.4551e-05,0
5.7448,-0.00011733,0
5.7453,-0.00012874,0
5.7458,-9.5338e-05,0
5.7463,-3.9445e-05,0
5.7468,8.2246e-06,0
5.7474,2.2995e-05,0
5.7479,-2.8534e-06,0
5.7484,-3.978e-05,0
5.7489,-4.4144e-05,0
5.7494,-6.8818e-06,0
5.75,4.1794e-05,0
5.7505,8.2078e-05,0
5.751,0.00010457,0
5.7515,8.1071e-05,0
5.752,1.2589e-05,0
5.7526,-4.8508e-05,0
5.7531,-7.0665e-05,0
5.7536,-5.623e-05,0
5.7541,-2.8534e-05,0
5.7546,-1.091e-05,0
5.7552,4.0284e-06,0
5.7557,3.8102e-05,0
5.7562,8.3925e-05,0
5.7567,0.00011968,0
5.7572,0.00014754,0
5.7577,0.00017104,0
5.7583,0.00018413,0
5.7588,0.00018379,0
5.7593,0.00016634,0
5.7598,0.00013864,0
5.7603,0.00011112,0
5.7609,8.7617e-05,0
5.7614,5.7908e-05,0
5.7619,1.796e-05,0
5.7624,-2.266e-05,0
5.7629,-6.3447e-05,0
5.7635,-0.00010558,0
5.764,-0.00013613,0
5.7645,-0.00014687,0
5.765,-0.00014385,0
5.7655,-0.00012454,0
5.7661,-7.2343e-05,0
5.7666,1.9974e-05,0
5.7671,0.00012639,0
5.7676,0.00021334,0
5.7681,0.00024288,0
5.7687,0.00021367,0
5.7692,0.00017003,0
5.7697,0.00014485,0
5.7702,0.00013344,0
5.7707,0.00011666,0
5.7713,8.5435e-05,0
5.7718,5.2537e-05,0
5.7723,3.4241e-05,0
5.7728,3.2059e-05,0
5.7733,2.1988e-05,0
5.7738,-1.1246e-05,0
5.7744,-4.9683e-05,0
5.7749,-7.1336e-05,0
5.7754,-8.0735e-05,0
5.7759,-8.9464e-05,0
5.7764,-8.275e-05,0
5.777,-5.4551e-05,0
5.7775,-2.501e-05,0
5.778,-8.896e-06,0
5.7785,-1.4939e-05,0
5.779,-2.8702e-05,0
5.7796,-2.2995e-05,0
5.7801,-4.3641e-06,0
5.7806,1.2253e-05,0
5.7811,2.9541e-05,0
5.7816,4.8173e-05,0
5.7822,6.4622e-05,0
5.7827,7.8386e-05,0
5.7832,9.3156e-05,0
5.7837,0.00011263,0
5.7842,0.00013008,0
5.7847,0.00013344,0
5.7853,0.00011229,0
5.7858,7.1672e-05,0
5.7863,2.266e-05,0
5.7868,-2.031e-05,0
5.7873,-4.6326e-05,0
5.7879,-5.8579e-05,0
5.7884,-6.2608e-05,0
5.7889,-7.805e-05,0
5.7894,-0.00012538,0
5.7899,-0.00016449,0
5.7905,-0.00013545,0
5.791,-4.5991e-05,0
5.7915,3.5416e-05,0
5.792,5.623e-05,0
5.7925,2.3331e-05,0
5.7931,-5.8747e-06,0
5.7936,2.182e-06,0
5.7941,3.0716e-05,0
5.7946,5.7069e-05,0
5.7951,8.5771e-05,0
5.7957,0.0001086,0
5.7962,9.6513e-05,0
5.7967,7.335e-05,0
5.7972,8.9799e-05,0
5.7977,0.00013126,0
5.7983,0.00013378,0
5.7988,7.8721e-05,0
5.7993,1.4267e-05,0
5.7998,-1.5106e-05,0
5.8003,-1.6785e-05,0
5.8008,-1.326e-05,0
5.8014,-2.9709e-05,0
5.8019,-6.0258e-05,0
5.8024,-8.4092e-05,0
5.8029,-8.8289e-05,0
5.8034,-6.2608e-05,0
5.804,-7.8889e-06,0
5.8045,5.153e-05,0
5.805,8.4428e-05,0
5.8055,9.4667e-05,0
5.806,0.00010239,0
5.8066,0.00011833,0
5.8071,0.00013948,0
5.8076,0.00014972,0
5.8081,0.00014368,0
5.8086,0.00011733,0
5.8092,5.2537e-05,0
5.8097,-4.5151e-05,0
5.8102,-0.00012203,0
5.8107,-0.00014217,0
5.8112,-0.0001185,0
5.8117,-8.275e-05,0
5.8123,-5.3208e-05,0
5.8128,-3.1556e-05,0
5.8133,-1.8631e-05,0
5.8138,-6.714e-07,0
5.8143,5.388e-05,0
5.8149,0.00013713,0
5.8154,0.00018715,0
5.8159,0.00014116,0
5.8164,2.3499e-05,0
5.8169,-0.00010256,0
5.8175,-0.00022223,0
5.818,-0.00031807,0
5.8185,-0.00035735,0
5.819,-0.00032479,0
5.8195,-0.00022744,0
5.8201,-8.2582e-05,0
5.8206,7.2343e-05,0
5.8211,0.00019236,0
5.8216,0.00026033,0
5.8221,0.00028585,0
5.8227,0.00028215,0
5.8232,0.00026503,0
5.8237,0.00025815,0
5.8242,0.00026235,0
5.8247,0.0002553,0
5.8252,0.00021938,0
5.8258,0.0001754,0
5.8263,0.00014653,0
5.8268,0.00011128,0
5.8273,4.9348e-05,0
5.8278,-2.1653e-05,0
5.8284,-7.5364e-05,0
5.8289,-0.00010423,0
5.8294,-0.00011313,0
5.8299,-0.00010524,0
5.8304,-8.8457e-05,0
5.831,-9.2653e-05,0
5.8315,-0.00011397,0
5.832,-0.00011212,0
5.8325,-8.1743e-05,0
5.833,-3.3402e-05,0
5.8336,1.0575e-05,0
5.8341,2.0645e-05,0
5.8346,-3.0213e-06,0
5.8351,-1.9471e-05,0
5.8356,5.0355e-07,0
5.8362,4.7837e-05,0
5.8367,9.3828e-05,0
5.8372,0.00011196,0
5.8377,0.00010507,0
5.8382,9.3996e-05,0
5.8388,8.5771e-05,0
5.8393,7.0665e-05,0
5.8398,4.4144e-05,0
5.8403,1.6953e-05,0
5.8408,-2.0142e-06,0
5.8413,-1.2253e-05,0
5.8419,-1.9135e-05,0
5.8424,-2.1988e-05,0
5.8429,-2.4842e-05,0
5.8434,-3.122e-05,0
5.8439,-3.9109e-05,0
5.8445,-4.8173e-05,0
5.845,-5.539e-05,0
5.8455,-5.4719e-05,0
5.846,-4.4816e-05,0
5.8465,-2.3835e-05,0
5.8471,5.2033e-06,0
5.8476,3.0213e-05,0
5.8481,3.9445e-05,0
5.8486,3.6759e-05,0
5.8491,3.5752e-05,0
5.8497,2.6017e-05,0
5.8502,1.1749e-06,0
5.8507,-2.2492e-05,0
5.8512,-3.978e-05,0
5.8517,-5.2705e-05,0
5.8522,-6.0594e-05,0
5.8528,-5.1698e-05,0
5.8533,-8.7282e-06,0
5.8538,5.5558e-05,0
5.8543,9.3828e-05,0
5.8548,7.1672e-05,0
5.8554,-4.1962e-06,0
5.8559,-9.2653e-05,0
5.8564,-0.00014351,0
5.8569,-0.00013982,0
5.8574,-9.5842e-05,0
5.858,-4.3641e-05,0
5.8585,-1.7288e-05,0
5.859,-9.7353e-06,0
5.8595,1.0575e-05,0
5.86,5.2705e-05,0
5.8606,0.00011313,0
5.8611,0.00018514,0
5.8616,0.00024573,0
5.8621,0.0002892,0
5.8626,0.00031841,0
5.8632,0.00031673,0
5.8637,0.00027846,0
5.8642,0.0002177,0
5.8647,0.00014351,0
5.8652,6.865e-05,0
5.8658,1.796e-05,0
5.8663,-1.8463e-06,0
5.8668,-1.0239e-05,0
5.8673,-1.7288e-05,0
5.8678,-2.6856e-05,0
5.8683,-4.3137e-05,0
5.8689,-6.8986e-05,0
5.8694,-9.2149e-05,0
5.8699,-0.00011431,0
5.8704,-0.00015258,0
5.8709,-0.00020478,0
5.8715,-0.00024926,0
5.872,-0.00027443,0
5.8725,-0.00027393,0
5.873,-0.00024338,0
5.8735,-0.00018766,0
5.8741,-0.00011649,0
5.8746,-3.3738e-05,0
5.8751,5.9586e-05,0
5.8756,0.0001655,0
5.8761,0.00027175,0
5.8767,0.00036037,0
5.8772,0.00041476,0
5.8777,0.00041341,0
5.8782,0.00035702,0
5.8787,0.00026352,0
5.8792,0.00015727,0
5.8798,6.3615e-05,0
5.8803,8.3925e-07,0
5.8808,-3.0549e-05,0
5.8813,-4.0787e-05,0
5.8818,-2.7192e-05,0
5.8824,1.2253e-05,0
5.8829,4.2802e-05,0
5.8834,2.4338e-05,0
5.8839,-3.0716e-05,0
5.8844,-7.2511e-05,0
5.885,-8.4764e-05,0
5.8855,-8.51e-05,0
5.886,-8.7617e-05,0
5.8865,-9.2988e-05,0
5.887,-9.0806e-05,0
5.8876,-7.2175e-05,0
5.8881,-4.5487e-05,0
5.8886,-4.6662e-05,0
5.8891,-6.7308e-05,0
5.8896,-6.8482e-05,0
5.8902,-4.5151e-05,0
5.8907,-3.3906e-05,0
5.8912,-4.3137e-05,0
5.8917,-3.6255e-05,0
5.8922,-2.8534e-06,0
5.8928,3.4073e-05,0
5.8933,5.0019e-05,0
5.8938,5.7237e-05,0
5.8943,6.0929e-05,0
5.8948,5.1194e-05,0
5.8953,3.1556e-05,0
5.8959,2.1988e-05,0
5.8964,4.1459e-05,0
5.8969,8.6442e-05,0
5.8974,0.00012639,0
5.8979,0.00013143,0
5.8985,0.00011833,0
5.899,0.00011464,0
5.8995,0.00011128,0
5.9,9.6513e-05,0
5.9005,6.1936e-05,0
5.9011,1.1749e-05,0
5.9016,-3.0045e-05,0
5.9021,-4.7166e-05,0
5.9026,-4.2969e-05,0
5.9031,-2.7359e-05,0
5.9037,-7.5532e-06,0
5.9042,1.1582e-05,0
5.9047,3.0045e-05,0
5.9052,5.5894e-05,0
5.9057,8.896e-05,0
5.9062,0.00011984,0
5.9068,0.0001368,0
5.9073,0.00012975,0
5.9078,9.2653e-05,0
5.9083,2.6017e-05,0
5.9088,-6.7308e-05,0
5.9094,-0.00014569,0
5.9099,-0.00014754,0
5.9104,-8.0903e-05,0
5.9109,-3.357e-06,0
5.9114,3.6927e-05,0
5.912,2.417e-05,0
5.9125,-2.4002e-05,0
5.913,-7.0665e-05,0
5.9135,-9.0974e-05,0
5.914,-8.0735e-05,0
5.9146,-4.0787e-05,0
5.9151,6.5461e-06,0
5.9156,3.122e-05,0
5.9161,4.6159e-05,0
5.9166,6.3783e-05,0
5.9172,5.4215e-05,0
5.9177,8.0568e-06,0
5.9182,-3.508e-05,0
5.9187,-4.8844e-05,0
5.9192,-3.978e-05,0
5.9197,-2.0981e-05,0
5.9203,3.357e-07,0
5.9208,2.9374e-05,0
5.9213,7.7714e-05,0
5.9218,0.0001462,0
5.9223,0.00022777,0
5.9229,0.00028585,0
5.9234,0.00028484,0
5.9239,0.00024338,0
5.9244,0.00020159,0
5.9249,0.00016432,0
5.9255,0.00011263,0
5.926,4.7669e-05,0
5.9265,-9.3996e-06,0
5.927,-5.069e-05,0
5.9275,-7.1672e-05,0
5.9281,-6.63e-05,0
5.9286,-4.5151e-05,0
5.9291,-2.4506e-05,0
5.9296,-2.5681e-05,0
5.9301,-7.8218e-05,0
5.9307,-0.00017758,0
5.9312,-0.00026168,0
5.9317,-0.00027863,0
5.9322,-0.00022576,0
5.9327,-0.00014754,0
5.9333,-7.8386e-05,0
5.9338,-2.0981e-05,0
5.9343,4.6159e-05,0
5.9348,0.00013092,0
5.9353,0.00021703,0
5.9358,0.0002835,0
5.9364,0.00031656,0
5.9369,0.00031237,0
5.9374,0.00026503,0
5.9379,0.00018648,0
5.9384,0.00011464,0
5.939,6.9322e-05,0
5.9395,3.6591e-05,0
5.94,4.3641e-06,0
5.9405,-2.4002e-05,0
5.941,-4.2466e-05,0
5.9416,-4.6494e-05,0
5.9421,-3.4073e-05,0
5.9426,-1.9638e-05,0
5.9431,-1.6953e-05,0
5.9436,-2.652e-05,0
5.9442,-3.7934e-05,0
5.9447,-4.5655e-05,0
5.9452,-5.1194e-05,0
5.9457,-6.2104e-05,0
5.9462,-7.9728e-05,0
5.9467,-9.6849e-05,0
5.9473,-0.00010994,0
5.9478,-0.00012337,0
5.9483,-0.00013243,0
5.9488,-0.0001237,0
5.9493,-8.7114e-05,0
5.9499,-3.4745e-05,0
5.9504,3.1891e-06,0
5.9509,1.3596e-05,0
5.9514,1.5274e-05,0
5.9519,2.9709e-05,0
5.9525,4.7501e-05,0
5.953,5.0187e-05,0
5.9535,3.4745e-05,0
5.954,1.2924e-05,0
5.9545,-1.8463e-06,0
5.9551,-6.5461e-06,0
5.9556,-1.5106e-06,0
5.9561,1.7288e-05,0
5.9566,5.2201e-05,0
5.9571,8.04e-05,0
5.9577,7.2511e-05,0
5.9582,4.0955e-05,0
5.9587,2.0478e-05,0
5.9592,1.9806e-05,0
5.9597,2.1317e-05,0
5.9603,1.5274e-05,0
5.9608,2.8534e-06,0
5.9613,-7.2175e-06,0
5.9618,-4.6998e-06,0
5.9623,1.326e-05,0
5.9628,3.3906e-05,0
5.9634,5.2705e-05,0
5.9639,7.4357e-05,0
5.9644,8.9128e-05,0
5.9649,8.0232e-05,0
5.9654,4.1291e-05,0
5.966,-1.1246e-05,0
5.9665,-5.2873e-05,0
5.967,-7.1336e-05,0
5.9675,-6.63e-05,0
5.968,-3.592e-05,0
5.9686,9.9031e-06,0
5.9691,4.0116e-05,0
5.9696,4.4648e-05,0
5.9701,3.2059e-05,0
5.9706,1.9471e-05,0
5.9712,2.7024e-05,0
5.9717,5.8915e-05,0
5.9722,9.6849e-05,0
5.9727,0.00011716,0
5.9732,0.00013378,0
5.9737,0.000165,0
5.9743,0.00017372,0
5.9748,0.00012203,0
5.9753,3.6423e-05,0
5.9758,-2.8199e-05,0
5.9763,-4.4984e-05,0
5.9769,-2.9374e-05,0
5.9774,-1.0575e-05,0
5.9779,-5.0355e-07,0
5.9784,1.0239e-05,0
5.9789,3.508e-05,0
5.9795,8.2246e-05,0
5.98,0.00013881,0
5.9805,0.00016197,0
5.981,0.00010709,0
5.9815,-2.1988e-05,0
5.9821,-0.00015694,0
5.9826,-0.00023432,0
5.9831,-0.00023767,0
5.9836,-0.00019219,0
5.9841,-0.00013445,0
5.9847,-8.5771e-05,0
5.9852,-4.6494e-05,0
5.9857,-9.5674e-06,0
5.9862,5.1026e-05,0
5.9867,0.00013948,0
5.9873,0.00021065,0
5.9878,0.00024993,0
5.9883,0.00028182,0
5.9888,0.00029323,0
5.9893,0.00025463,0
5.9898,0.00018212,0
5.9904,0.00011498,0
5.9909,7.5029e-05,0
5.9914,6.5629e-05,0
5.9919,7.7714e-05,0
5.9924,0.0001039,0
5.993,0.00011464,0
5.9935,7.7714e-05,0
5.994,1.3931e-05,0
5.9945,-4.9516e-05,0
5.995,-0.00012471,0
5.9956,-0.00019655,0
5.9961,-0.00022156,0
5.9966,-0.00019135,0
5.9971,-0.00012874,0
5.9976,-5.6901e-05,0
5.9982,6.3783e-06,0
5.9987,4.0787e-05,0
5.9992,3.6591e-05,0
5.9997,6.3783e-06,0
6.0002,-2.5849e-05,0
6.0008,-4.1123e-05,0
6.0013,-4.4984e-05,0
6.0018,-4.918e-05,0
6.0023,-5.3376e-05,0
6.0028,-5.153e-05,0
6.0033,-4.9348e-05,0
6.0039,-4.8173e-05,0
6.0044,-4.0787e-05,0
6.0049,-2.1317e-05,0
6.0054,-1.8463e-06,0
6.0059,3.5248e-06,0
6.0065,1.6785e-07,0
6.007,1.6785e-07,0
6.0075,6.714e-06,0
6.008,1.4099e-05,0
6.0085,3.4745e-05,0
6.0091,8.8121e-05,0
6.0096,0.00015895,0
6.0101,0.0002083,0
6.0106,0.00022525,0
6.0111,0.00023348,0
6.0117,0.00023314,0
6.0122,0.00020125,0
6.0127,0.00014687,0
6.0132,0.00010642,0
6.0137,8.3757e-05,0
6.0142,6.0594e-05,0
6.0148,2.266e-05,0
6.0153,-2.7527e-05,0
6.0158,-6.3783e-05,0
6.0163,-7.7546e-05,0
6.0168,-7.7714e-05,0
6.0174,-7.6036e-05,0
6.0179,-6.8147e-05,0
6.0184,-5.153e-05,0
6.0189,-3.9948e-05,0
6.0194,-3.827e-05,0
6.02,-3.2059e-05,0
6.0205,-1.5442e-05,0
6.021,1.8463e-06,0
6.0215,6.714e-07,0
6.022,-1.6953e-05,0
6.0226,-2.4002e-05,0
6.0231,-1.1414e-05,0
6.0236,3.1891e-06,0
6.0241,1.4267e-05,0
6.0246,3.0381e-05,0
6.0252,4.9012e-05,0
6.0257,5.6901e-05,0
6.0262,5.153e-05,0
6.0267,3.6423e-05,0
6.0272,1.8631e-05,0
6.0278,-1.0071e-06,0
6.0283,-2.0981e-05,0
6.0288,-3.4073e-05,0
6.0293,-2.9877e-05,0
6.0298,-1.6449e-05,0
6.0303,-1.3092e-05,0
6.0309,-2.031e-05,0
6.0314,-1.9806e-05,0
6.0319,-8.2246e-06,0
6.0324,5.2033e-06,0
6.0329,2.0645e-05,0
6.0335,4.5487e-05,0
6.034,9.0471e-05,0
6.0345,0.00013545,0
6.035,0.00014217,0
6.0355,0.00010054,0
6.0361,4.0787e-05,0
6.0366,-5.8747e-06,0
6.0371,-2.9206e-05,0
6.0376,-2.7359e-05,0
6.0381,-1.1078e-05,0
6.0387,-2.182e-06,0
6.0392,-2.182e-06,0
6.0397,-8.2246e-06,0
6.0402,-2.031e-05,0
6.0407,-3.508e-05,0
6.0412,-4.0452e-05,0
6.0418,-3.0045e-05,0
6.0423,-1.6281e-05,0
6.0428,-1.2589e-05,0
6.0433,-2.4002e-05,0
6.0438,-4.0284e-05,0
6.0444,-5.5222e-05,0
6.0449,-6.3783e-05,0
6.0454,-5.0187e-05,0
6.0459,-1.8128e-05,0
6.0464,1.2589e-05,0
6.047,3.0549e-05,0
6.0475,3.7263e-05,0
6.048,3.7766e-05,0
6.0485,3.9109e-05,0
6.049,4.448e-05,0
6.0496,4.7501e-05,0
6.0501,3.978e-05,0
6.0506,2.8702e-05,0
6.0511,2.3667e-05,0
6.0516,2.8534e-05,0
6.0522,4.0787e-05,0
6.0527,4.6494e-05,0
6.0532,4.448e-05,0
6.0537,4.448e-05,0
6.0542,5.304e-05,0
6.0548,6.9657e-05,0
6.0553,9.3324e-05,0
6.0558,0.0001279,0
6.0563,0.000166,0
6.0568,0.0001707,0
6.0573,0.000118,0
6.0579,3.0549e-05,0
6.0584,-4.8844e-05,0
6.0589,-9.8863e-05,0
6.0594,-0.00012807,0
6.0599,-0.00016214,0
6.0605,-0.00019236,0
6.061,-0.00019152,0
6.0615,-0.00015778,0
6.062,-0.00011296,0
6.0625,-6.6972e-05,0
6.0631,-9.5674e-06,0
6.0636,6.865e-05,0
6.0641,0.00014603,0
6.0646,0.000189,0
6.0651,0.00019773,0
6.0657,0.00020058,0
6.0662,0.00022139,0
6.0667,0.00023079,0
6.0672,0.00018698,0
6.0677,0.00010155,0
6.0682,1.9974e-05,0
6.0688,-2.5681e-05,0
6.0693,-3.5416e-05,0
6.0698,-1.6953e-05,0
6.0703,1.3596e-05,0
6.0708,3.3906e-05,0
6.0714,3.6088e-05,0
6.0719,3.4073e-05,0
6.0724,3.978e-05,0
6.0729,5.4215e-05,0
6.0734,6.8482e-05,0
6.074,6.2272e-05,0
6.0745,4.2802e-05,0
6.075,3.0884e-05,0
6.0755,2.501e-05,0
6.076,0,0
6.0766,-3.6423e-05,0
6.0771,-5.8579e-05,0
6.0776,-6.3447e-05,0
6.0781,-5.3544e-05,0
6.0786,-3.0045e-05,0
6.0792,5.3712e-06,0
6.0797,4.0452e-05,0
6.0802,6.2608e-05,0
6.0807,8.04e-05,0
6.0812,0.00010591,0
6.0818,0.00012807,0
6.0823,0.00012874,0
6.0828,0.00011934,0
6.0833,0.00011699,0
6.0838,0.00011666,0
6.0843,0.00010558,0
6.0849,8.275e-05,0
6.0854,5.153e-05,0
6.0859,1.8296e-05,0
6.0864,-6.3783e-06,0
6.0869,-1.8296e-05,0
6.0875,-2.5345e-05,0
6.088,-3.2395e-05,0
6.0885,-3.8605e-05,0
6.089,-3.8437e-05,0
6.0895,-3.2563e-05,0
6.0901,-3.7934e-05,0
6.0906,-6.3279e-05,0
6.0911,-9.0471e-05,0
6.0916,-9.5842e-05,0
6.0921,-7.9561e-05,0
6.0927,-6.0761e-05,0
6.0932,-5.2033e-05,0
6.0937,-5.3376e-05,0
6.0942,-5.4551e-05,0
6.0947,-3.1052e-05,0
6.0953,3.5248e-05,0
6.0958,9.8192e-05,0
6.0963,9.4331e-05,0
6.0968,3.0381e-05,0
6.0973,-3.978e-05,0
6.0978,-8.1407e-05,0
6.0984,-8.7953e-05,0
6.0989,-6.8147e-05,0
6.0994,-4.3473e-05,0
6.0999,-2.8702e-05,0
6.1004,-2.031e-05,0
6.101,-1.2757e-05,0
6.1015,6.5461e-06,0
6.102,5.0187e-05,0
6.1025,9.601e-05,0
6.103,0.00010961,0
6.1036,9.0806e-05,0
6.1041,6.6636e-05,0
6.1046,5.0187e-05,0
6.1051,2.6017e-05,0
6.1056,-6.8818e-06,0
6.1062,-1.5442e-05,0
6.1067,1.3092e-05,0
6.1072,5.0858e-05,0
6.1077,6.9993e-05,0
6.1082,6.6636e-05,0
6.1087,5.2201e-05,0
6.1093,4.2634e-05,0
6.1098,4.1794e-05,0
6.1103,3.7095e-05,0
6.1108,2.8031e-05,0
6.1113,2.3667e-05,0
6.1119,2.7863e-05,0
6.1124,3.0716e-05,0
6.1129,1.561e-05,0
6.1134,-1.5442e-05,0
6.1139,-3.6759e-05,0
6.1145,-3.2731e-05,0
6.115,-9.2317e-06,0
6.1155,2.031e-05,0
6.116,4.4816e-05,0
6.1165,6.8315e-05,0
6.1171,8.51e-05,0
6.1176,7.6036e-05,0
6.1181,5.5558e-05,0
6.1186,5.4887e-05,0
6.1191,7.0329e-05,0
6.1197,7.7546e-05,0
6.1202,6.8818e-05,0
6.1207,4.8844e-05,0
6.1212,2.4506e-05,0
6.1217,4.3641e-06,0
6.1223,-2.3499e-06,0
6.1228,-1.5106e-06,0
6.1233,-9.5674e-06,0
6.1238,-1.9135e-05,0
6.1243,-1.9806e-05,0
6.1248,-1.8967e-05,0
6.1254,-2.1653e-05,0
6.1259,-2.0981e-05,0
6.1264,-1.2253e-05,0
6.1269,-3.1891e-06,0
6.1274,-5.539e-06,0
6.128,-1.4099e-05,0
6.1285,-1.9303e-05,0
6.129,-1.5946e-05,0
6.1295,-5.539e-06,0
6.13,-1.2924e-05,0
6.1306,-5.3712e-05,0
6.1311,-0.00010793,0
6.1316,-0.00013629,0
6.1321,-0.00012052,0
6.1326,-8.0232e-05,0
6.1332,-4.3137e-05,0
6.1337,-2.9709e-05,0
6.1342,-3.2898e-05,0
6.1347,-1.3428e-05,0
6.1352,3.8102e-05,0
6.1357,9.366e-05,0
6.1363,0.00013797,0
6.1368,0.00017053,0
6.1373,0.00018161,0
6.1378,0.000165,0
6.1383,0.0001425,0
6.1389,0.00013848,0
6.1394,0.00015023,0
6.1399,0.0001556,0
6.1404,0.00013915,0
6.1409,0.00010726,0
6.1415,7.1672e-05,0
6.142,3.743e-05,0
6.1425,1.326e-05,0
6.143,4.5319e-06,0
6.1435,8.3925e-06,0
6.1441,1.9471e-05,0
6.1446,3.122e-05,0
6.1451,2.501e-05,0
6.1456,-1.6785e-06,0
6.1461,-3.3066e-05,0
6.1467,-5.0187e-05,0
6.1472,-4.0116e-05,0
6.1477,-1.4771e-05,0
6.1482,3.5248e-06,0
6.1487,3.8605e-06,0
6.1493,-9.5674e-06,0
6.1498,-2.0981e-05,0
6.1503,-1.8296e-05,0
6.1508,3.357e-07,0
6.1513,2.9374e-05,0
6.1518,4.7837e-05,0
6.1524,2.9541e-05,0
6.1529,-3.2731e-05,0
6.1534,-0.00010608,0
6.1539,-0.00017053,0
6.1544,-0.00022257,0
6.155,-0.00023012,0
6.1555,-0.00018279,0
6.156,-0.00010893,0
6.1565,-4.4144e-05,0
6.157,7.5532e-06,0
6.1576,6.4286e-05,0
6.1581,0.00014687,0
6.1586,0.00024321,0
6.1591,0.00030398,0
6.1596,0.00030666,0
6.1602,0.00028383,0
6.1607,0.00024825,0
6.1612,0.00018144,0
6.1617,8.1071e-05,0
6.1622,-2.2156e-05,0
6.1627,-9.2317e-05,0
6.1633,-0.0001237,0
6.1638,-0.00012236,0
6.1643,-9.0639e-05,0
6.1648,-4.1123e-05,0
6.1653,8.7282e-06,0
6.1659,5.5894e-05,0
6.1664,0.00010726,0
6.1669,0.00015006,0
6.1674,0.00015761,0
6.1679,0.00013243,0
6.1685,0.00010524,0
6.169,8.8289e-05,0
6.1695,4.3473e-05,0
6.17,-3.9445e-05,0
6.1705,-0.00010608,0
6.1711,-0.00012236,0
6.1716,-9.8527e-05,0
6.1721,-6.2608e-05,0
6.1726,-2.7359e-05,0
6.1731,3.6927e-06,0
6.1737,2.7024e-05,0
6.1742,3.743e-05,0
6.1747,2.8367e-05,0
6.1752,9.2317e-06,0
6.1757,3.8605e-06,0
6.1762,8.3925e-06,0
6.1768,7.8889e-06,0
6.1773,9.5674e-06,0
6.1778,1.9135e-05,0
6.1783,3.5584e-05,0
6.1788,5.6565e-05,0
6.1794,7.3518e-05,0
6.1799,8.191e-05,0
6.1804,8.3421e-05,0
6.1809,7.8889e-05,0
6.1814,6.6804e-05,0
6.182,5.2537e-05,0
6.1825,3.2395e-05,0
6.183,1.8463e-06,0
6.1835,-2.7359e-05,0
6.184,-4.3809e-05,0
6.1846,-4.3137e-05,0
6.1851,-2.3163e-05,0
6.1856,-1.5106e-06,0
6.1861,-1.5106e-06,0
6.1866,-1.9974e-05,0
6.1872,-2.9541e-05,0
6.1877,-1.6281e-05,0
6.1882,3.6927e-06,0
6.1887,1.4603e-05,0
6.1892,2.1317e-05,0
6.1898,3.1724e-05,0
6.1903,4.1291e-05,0
6.1908,2.3835e-05,0
6.1913,-1.1917e-05,0
6.1918,-3.1556e-05,0
6.1923,-2.9038e-05,0
6.1929,-1.796e-05,0
6.1934,-1.3596e-05,0
6.1939,-2.3163e-05,0
6.1944,-4.2802e-05,0
6.1949,-5.5894e-05,0
6.1955,-4.5151e-05,0
6.196,-1.4939e-05,0
6.1965,9.0639e-06,0
6.197,1.6953e-05,0
6.1975,2.6688e-05,0
6.1981,4.6998e-05,0
6.1986,6.1601e-05,0
6.1991,7.0665e-05,0
6.1996,7.7546e-05,0
6.2001,7.9728e-05,0
6.2007,8.4932e-05,0
6.2012,0.00010558,0
6.2017,0.00014049,0
6.2022,0.00016835,0
6.2027,0.00015509,0
6.2032,9.9199e-05,0
6.2038,3.0381e-05,0
6.2043,-2.1149e-05,0
6.2048,-4.3137e-05,0
6.2053,-4.7837e-05,0
6.2058,-4.2634e-05,0
6.2064,-2.652e-05,0
6.2069,1.3428e-06,0
6.2074,3.7766e-05,0
6.2079,7.5364e-05,0
6.2084,0.00010524,0
6.209,0.000118,0
6.2095,0.00010574,0
6.21,6.8315e-05,0
6.2105,1.9974e-05,0
6.211,-2.031e-05,0
6.2116,-6.009e-05,0
6.2121,-0.00010994,0
6.2126,-0.00014754,0
6.2131,-0.00015593,0
6.2136,-0.00013042,0
6.2142,-7.9057e-05,0
6.2147,-2.7695e-05,0
6.2152,2.182e-06,0
6.2157,2.2156e-05,0
6.2162,5.2873e-05,0
6.2168,9.1142e-05,0
6.2173,0.00012136,0
6.2178,0.00012673,0
6.2183,0.00010138,0
6.2188,6.4286e-05,0
6.2193,3.6759e-05,0
6.2199,2.8199e-05,0
6.2204,3.4745e-05,0
6.2209,3.6759e-05,0
6.2214,2.5513e-05,0
6.2219,1.0575e-05,0
6.2225,-1.6785e-06,0
6.223,-1.3596e-05,0
6.2235,-3.3066e-05,0
6.224,-6.7308e-05,0
6.2245,-0.00010591,0
6.2251,-0.00014049,0
6.2256,-0.00016063,0
6.2261,-0.00016013,0
6.2266,-0.00015862,0
6.2271,-0.00016684,0
6.2277,-0.00016751,0
6.2282,-0.00013747,0
6.2287,-6.1265e-05,0
6.2292,4.2802e-05,0
6.2297,0.00012203,0
6.2302,0.0001321,0
6.2308,7.6371e-05,0
6.2313,1.2589e-05,0
6.2318,-6.0426e-06,0
6.2323,3.2563e-05,0
6.2328,0.00011196,0
6.2334,0.00019387,0
6.2339,0.0002412,0
6.2344,0.00024154,0
6.2349,0.00021048,0
6.2354,0.00018849,0
6.236,0.00020662,0
6.2365,0.00024959,0
6.237,0.00026235,0
6.2375,0.00023113,0
6.238,0.00018514,0
6.2386,0.00014418,0
6.2391,0.00010793,0
6.2396,7.1336e-05,0
6.2401,3.3066e-05,0
6.2406,-3.8605e-06,0
6.2412,-3.4409e-05,0
6.2417,-5.7237e-05,0
6.2422,-7.0665e-05,0
6.2427,-7.0161e-05,0
6.2432,-6.0594e-05,0
6.2438,-5.2873e-05,0
6.2443,-4.7166e-05,0
6.2448,-3.9445e-05,0
6.2453,-3.508e-05,0
6.2458,-3.3234e-05,0
6.2463,-2.3667e-05,0
6.2469,-6.8818e-06,0
6.2474,9.9031e-06,0
6.2479,2.1317e-05,0
6.2484,2.5177e-05,0
6.2489,1.2253e-05,0
6.2495,-1.5946e-05,0
6.25,-4.5823e-05,0
6.2505,-6.5293e-05,0
6.251,-6.3951e-05,0
6.2515,-4.8508e-05,0
6.2521,-4.5823e-05,0
6.2526,-6.3279e-05,0
6.2531,-6.949e-05,0
6.2536,-5.2201e-05,0
6.2541,-3.0045e-05,0
6.2547,-1.2253e-05,0
6.2552,-5.7069e-06,0
6.2557,-1.4603e-05,0
6.2562,-3.0884e-05,0
6.2567,-5.5894e-05,0
6.2572,-9.5842e-05,0
6.2578,-0.0001321,0
6.2583,-0.00013696,0
6.2588,-0.00010507,0
6.2593,-5.8579e-05,0
6.2598,-5.8747e-06,0
6.2604,6.8986e-05,0
6.2609,0.00016365,0
6.2614,0.00027091,0
6.2619,0.00033754,0
6.2624,0.00034124,0
6.263,0.00031405,0
6.2635,0.00027662,0
6.264,0.00023449,0
6.2645,0.00018514,0
6.265,0.00012941,0
6.2656,7.5029e-05,0
6.2661,2.4674e-05,0
6.2666,-3.2395e-05,0
6.2671,-9.2485e-05,0
6.2676,-0.00013344,0
6.2682,-0.00015056,0
6.2687,-0.00016466,0
6.2692,-0.00020327,0
6.2697,-0.00027175,0
6.2702,-0.00032613,0
6.2707,-0.0003117,0
6.2713,-0.00022744,0
6.2718,-9.0471e-05,0
6.2723,7.4357e-05,0
6.2728,0.0002271,0
6.2733,0.00033217,0
6.2739,0.00037447,0
6.2744,0.00036826,0
6.2749,0.00033217,0
6.2754,0.0002741,0
6.2759,0.0001984,0
6.2765,0.00012236,0
6.277,7.335e-05,0
6.2775,5.1865e-05,0
6.278,3.1891e-05,0
6.2785,-1.8463e-06,0
6.2791,-3.5416e-05,0
6.2796,-6.1936e-05,0
6.2801,-8.0232e-05,0
6.2806,-8.8457e-05,0
6.2811,-9.0303e-05,0
6.2817,-0.00010407,0
6.2822,-0.00015492,0
6.2827,-0.00022173,0
6.2832,-0.00023919,0
6.2837,-0.000189,0
6.2843,-0.00010608,0
6.2848,-2.0645e-05,0
6.2853,4.9851e-05,0
6.2858,9.7185e-05,0
6.2863,0.00012068,0
6.2868,0.00012136,0
6.2874,0.0001232,0
6.2879,0.00015962,0
6.2884,0.00020394,0
6.2889,0.00018782,0
6.2894,9.4499e-05,0
6.29,-1.4771e-05,0
6.2905,-9.4331e-05,0
6.291,-0.0001519,0
6.2915,-0.00019471,0
6.292,-0.0002078,0
6.2926,-0.00018564,0
6.2931,-0.00014116,0
6.2936,-8.661e-05,0
6.2941,-2.6352e-05,0
6.2946,2.5513e-05,0
6.2952,6.7643e-05,0
6.2957,0.00011531,0
6.2962,0.00016684,0
6.2967,0.00020394,0
6.2972,0.00021602,0
6.2977,0.00020159,0
6.2983,0.00015828,0
6.2988,9.9535e-05,0
6.2993,2.9374e-05,0
6.2998,-4.8508e-05,0
6.3003,-0.00011263,0
6.3009,-0.00013931,0
6.3014,-0.00011632,0
6.3019,-5.9754e-05,0
6.3024,-3.5248e-06,0
6.3029,4.3977e-05,0
6.3035,9.0806e-05,0
6.304,0.00013848,0
6.3045,0.00017708,0
6.305,0.00019823,0
6.3055,0.00019051,0
6.3061,0.00015023,0
6.3066,8.7953e-05,0
6.3071,2.0813e-05,0
6.3076,-2.4842e-05,0
6.3081,-4.0955e-05,0
6.3087,-4.3977e-05,0
6.3092,-4.7166e-05,0
6.3097,-4.7501e-05,0
6.3102,-4.918e-05,0
6.3107,-5.2033e-05,0
6.3113,-5.2537e-05,0
6.3118,-4.0116e-05,0
6.3123,-2.3667e-05,0
6.3128,-1.4267e-05,0
6.3133,-3.1891e-06,0
6.3138,9.9031e-06,0
6.3144,1.326e-05,0
6.3149,-3.357e-07,0
6.3154,-1.3596e-05,0
6.3159,-1.0239e-05,0
6.3164,8.3925e-07,0
6.317,4.8676e-06,0
6.3175,-2.5177e-06,0
6.318,-1.9135e-05,0
6.3185,-3.5584e-05,0
6.319,-3.5416e-05,0
6.3196,-1.2589e-05,0
6.3201,2.4002e-05,0
6.3206,5.4215e-05,0
6.3211,4.9012e-05,0
6.3216,1.326e-05,0
6.3222,-1.4435e-05,0
6.3227,-4.8676e-06,0
6.3232,3.1388e-05,0
6.3237,5.539e-05,0
6.3242,4.8173e-05,0
6.3247,2.2156e-05,0
6.3253,2.8534e-06,0
6.3258,1.6785e-06,0
6.3263,1.0071e-06,0
6.3268,-3.1052e-05,0
6.3273,-0.00011682,0
6.3279,-0.0001994,0
6.3284,-0.00020696,0
6.3289,-0.00014603,0
6.3294,-5.7069e-05,0
6.3299,2.8031e-05,0
6.3305,9.0135e-05,0
6.331,0.00012941,0
6.3315,0.00016667,0
6.332,0.00019789,0
6.3325,0.00020377,0
6.3331,0.00018648,0
6.3336,0.0001697,0
6.3341,0.00014083,0
6.3346,8.1743e-05,0
6.3351,1.8631e-05,0
6.3357,-3.0045e-05,0
6.3362,-6.1936e-05,0
6.3367,-6.1433e-05,0
6.3372,-1.3596e-05,0
6.3377,6.865e-05,0
6.3383,0.00015778,0
6.3388,0.00022979,0
6.3393,0.00026369,0
6.3398,0.00024926,0
6.3403,0.00019806,0
6.3408,0.00013176,0
6.3414,6.2943e-05,0
6.3419,2.5177e-06,0
6.3424,-3.5248e-05,0
6.3429,-4.6494e-05,0
6.3434,-3.8605e-05,0
6.344,-2.2156e-05,0
6.3445,-8.3925e-06,0
6.345,-8.3925e-07,0
6.3455,-1.5106e-06,0
6.346,-1.2589e-05,0
6.3466,-1.9806e-05,0
6.3471,-1.8631e-05,0
6.3476,-1.6617e-05,0
6.3481,-2.5345e-05,0
6.3486,-4.6662e-05,0
6.3492,-6.7811e-05,0
6.3497,-8.0735e-05,0
6.3502,-7.9393e-05,0
6.3507,-5.7237e-05,0
6.3512,-3.9612e-05,0
6.3518,-5.539e-05,0
6.3523,-7.5364e-05,0
6.3528,-6.2272e-05,0
6.3533,-2.5345e-05,0
6.3538,7.5532e-06,0
6.3543,1.2085e-05,0
6.3549,-2.6352e-05,0
6.3554,-8.7449e-05,0
6.3559,-0.00012773,0
6.3564,-0.00012102,0
6.3569,-8.2246e-05,0
6.3575,-4.3137e-05,0
6.358,-2.6688e-05,0
6.3585,-2.5177e-05,0
6.359,-4.1962e-06,0
6.3595,5.8244e-05,0
6.3601,0.00015727,0
6.3606,0.00025866,0
6.3611,0.00032042,0
6.3616,0.00032915,0
6.3621,0.00030767,0
6.3627,0.00028685,0
6.3632,0.00026638,0
6.3637,0.00023247,0
6.3642,0.00018296,0
6.3647,0.00012471,0
6.3652,6.9657e-05,0
6.3658,2.9374e-05,0
6.3663,5.539e-06,0
6.3668,-1.0239e-05,0
6.3673,-3.2563e-05,0
6.3678,-6.5126e-05,0
6.3684,-9.0806e-05,0
6.3689,-9.3156e-05,0
6.3694,-7.8721e-05,0
6.3699,-6.4622e-05,0
6.3704,-5.388e-05,0
6.371,-4.5487e-05,0
6.3715,-4.7166e-05,0
6.372,-5.9251e-05,0
6.3725,-7.0832e-05,0
6.373,-7.6371e-05,0
6.3736,-7.3014e-05,0
6.3741,-5.4551e-05,0
6.3746,-2.8199e-05,0
6.3751,-5.7069e-06,0
6.3756,1.4099e-05,0
6.3762,4.8676e-05,0
6.3767,9.1142e-05,0
6.3772,9.4835e-05,0
6.3777,3.6088e-05,0
6.3782,-5.1362e-05,0
6.3788,-0.00012035,0
6.3793,-0.0001519,0
6.3798,-0.00014955,0
6.3803,-0.00012807,0
6.3808,-0.00010994,0
6.3813,-0.0001039,0
6.3819,-9.2485e-05,0
6.3824,-5.8915e-05,0
6.3829,-9.2317e-06,0
6.3834,3.9445e-05,0
6.3839,6.5293e-05,0
6.3845,5.8915e-05,0
6.385,4.2802e-05,0
6.3855,2.7863e-05,0
6.386,5.0355e-07,0
6.3865,-1.3764e-05,0
6.3871,2.2995e-05,0
6.3876,9.4499e-05,0
6.3881,0.000165,0
6.3886,0.00022609,0
6.3891,0.00027074,0
6.3897,0.00027813,0
6.3902,0.00025328,0
6.3907,0.00020931,0
6.3912,0.00013713,0
6.3917,1.561e-05,0
6.3922,-0.00011212,0
6.3928,-0.00017221,0
6.3933,-0.00014888,0
6.3938,-8.2078e-05,0
6.3943,-1.561e-05,0
6.3948,3.1388e-05,0
6.3954,6.0258e-05,0
6.3959,8.3757e-05,0
6.3964,0.00010726,0
6.3969,0.00012538,0
6.3974,0.00012555,0
6.398,9.3324e-05,0
6.3985,2.1653e-05,0
6.399,-6.5461e-05,0
6.3995,-0.00012555,0
6.4,-0.0001425,0
6.4006,-0.0001321,0
6.4011,-0.00011196,0
6.4016,-8.3421e-05,0
6.4021,-4.3473e-05,0
6.4026,-3.357e-07,0
6.4032,3.9445e-05,0
6.4037,7.5364e-05,0
6.4042,0.00010457,0
6.4047,0.00011598,0
6.4052,0.00010726,0
6.4058,8.8457e-05,0
6.4063,7.805e-05,0
6.4068,8.4764e-05,0
6.4073,9.366e-05,0
6.4078,8.9464e-05,0
6.4083,7.4022e-05,0
6.4089,7.6875e-05,0
6.4094,9.3492e-05,0
6.4099,9.3828e-05,0
6.4104,6.3111e-05,0
6.4109,1.2421e-05,0
6.4115,-3.4745e-05,0
6.412,-7.0329e-05,0
6.4125,-9.5506e-05,0
6.413,-0.00011447,0
6.4135,-0.00013445,0
6.4141,-0.00015795,0
6.4146,-0.00017926,0
6.4151,-0.00017557,0
6.4156,-0.00013394,0
6.4161,-6.865e-05,0
6.4167,-9.9031e-06,0
6.4172,1.9638e-05,0
6.4177,1.7792e-05,0
6.4182,1.2253e-05,0
6.4187,4.1794e-05,0
6.4192,0.00011128,0
6.4198,0.00019521,0
6.4203,0.00025093,0
6.4208,0.0002511,0
6.4213,0.00020998,0
6.4218,0.00016936,0
6.4224,0.00014855,0
6.4229,0.00013898,0
6.4234,0.00012941,0
6.4239,0.00011095,0
6.4244,7.7714e-05,0
6.425,3.7095e-05,0
6.4255,1.1749e-06,0
6.426,-2.501e-05,0
6.4265,-3.9948e-05,0
6.427,-4.3137e-05,0
6.4276,-4.1962e-05,0
6.4281,-4.1962e-05,0
6.4286,-4.4984e-05,0
6.4291,-5.388e-05,0
6.4296,-6.63e-05,0
6.4302,-8.0903e-05,0
6.4307,-0.00010373,0
6.4312,-0.00013176,0
6.4317,-0.000142,0
6.4322,-0.0001185,0
6.4328,-7.3854e-05,0
6.4333,-4.2466e-05,0
6.4338,-3.8437e-05,0
6.4343,-4.9012e-05,0
6.4348,-5.1698e-05,0
6.4353,-3.9612e-05,0
6.4359,-1.796e-05,0
6.4364,1.0071e-05,0
6.4369,4.5823e-05,0
6.4374,8.5771e-05,0
6.4379,0.00012119,0
6.4385,0.00014133,0
6.439,0.00014653,0
6.4395,0.00013025,0
6.44,8.6778e-05,0
6.4405,2.7359e-05,0
6.4411,-2.4506e-05,0
6.4416,-5.1026e-05,0
6.4421,-5.4047e-05,0
6.4426,-4.213e-05,0
6.4431,-2.5849e-05,0
6.4437,-1.3596e-05,0
6.4442,8.3925e-07,0
6.4447,2.9374e-05,0
6.4452,6.8818e-05,0
6.4457,0.00011078,0
6.4463,0.00013579,0
6.4468,0.0001274,0
6.4473,9.5842e-05,0
6.4478,7.0329e-05,0
6.4483,6.7979e-05,0
6.4488,7.805e-05,0
6.4494,8.1575e-05,0
6.4499,7.805e-05,0
6.4504,7.6875e-05,0
6.4509,8.8457e-05,0
6.4514,0.00010323,0
6.452,9.4499e-05,0
6.4525,5.6901e-05,0
6.453,6.5461e-06,0
6.4535,-3.1891e-05,0
6.454,-4.918e-05,0
6.4546,-4.9851e-05,0
6.4551,-4.4648e-05,0
6.4556,-3.9612e-05,0
6.4561,-3.6088e-05,0
6.4566,-2.9038e-05,0
6.4572,-1.6953e-05,0
6.4577,-2.5177e-06,0
6.4582,1.5946e-05,0
6.4587,3.4073e-05,0
6.4592,3.9277e-05,0
6.4597,2.501e-05,0
6.4603,-7.7211e-06,0
6.4608,-3.4409e-05,0
6.4613,-2.9709e-05,0
6.4618,-8.2246e-06,0
6.4623,3.8605e-06,0
6.4629,-2.182e-06,0
6.4634,-2.6688e-05,0
6.4639,-6.0258e-05,0
6.4644,-7.8553e-05,0
6.4649,-6.3279e-05,0
6.4655,-2.4338e-05,0
6.466,8.896e-06,0
6.4665,1.796e-05,0
6.467,4.5319e-06,0
6.4675,-4.3977e-05,0
6.4681,-0.00012673,0
6.4686,-0.00017507,0
6.4691,-0.000142,0
6.4696,-5.0019e-05,0
6.4701,4.213e-05,0
6.4707,8.9128e-05,0
6.4712,9.8695e-05,0
6.4717,0.00010105,0
6.4722,0.00012706,0
6.4727,0.00018866,0
6.4733,0.00027108,0
6.4738,0.00033956,0
6.4743,0.00035937,0
6.4748,0.00032949,0
6.4753,0.00028484,0
6.4758,0.00022274,0
6.4764,0.00011431,0
6.4769,-1.2924e-05,0
6.4774,-0.00010491,0
6.4779,-0.00013478,0
6.4784,-0.00011246,0
6.479,-8.2078e-05,0
6.4795,-8.6442e-05,0
6.48,-0.00010474,0
6.4805,-9.8024e-05,0
6.481,-6.63e-05,0
6.4816,-2.8534e-05,0
6.4821,1.4603e-05,0
6.4826,6.479e-05,0
6.4831,9.1981e-05,0
6.4836,7.3686e-05,0
6.4842,4.4144e-05,0
6.4847,4.9012e-05,0
6.4852,7.5029e-05,0
6.4857,7.4693e-05,0
6.4862,2.8199e-05,0
6.4867,-1.5946e-05,0
6.4873,-9.7353e-06,0
6.4878,1.1917e-05,0
6.4883,-4.1962e-06,0
6.4888,-5.6062e-05,0
6.4893,-9.8527e-05,0
6.4899,-0.00010373,0
6.4904,-8.7449e-05,0
6.4909,-5.7069e-05,0
6.4914,-1.0407e-05,0
6.4919,4.0787e-05,0
6.4925,7.5029e-05,0
6.493,7.8386e-05,0
6.4935,5.7908e-05,0
6.494,3.3402e-05,0
6.4945,1.0239e-05,0
6.4951,-7.5532e-06,0
6.4956,-7.8889e-06,0
6.4961,-1.8463e-06,0
6.4966,2.0142e-06,0
6.4971,6.8818e-06,0
6.4977,1.3092e-05,0
6.4982,1.3931e-05,0
6.4987,1.8967e-05,0
6.4992,3.5752e-05,0
6.4997,5.6901e-05,0
6.5003,7.9057e-05,0
6.5008,9.7856e-05,0
6.5013,9.9535e-05,0
6.5018,7.8889e-05,0
6.5023,6.7475e-05,0
6.5028,7.8218e-05,0
6.5034,8.1743e-05,0
6.5039,6.2272e-05,0
6.5044,3.7934e-05,0
6.5049,1.9974e-05,0
6.5054,-1.5106e-06,0
6.506,-3.6759e-05,0
6.5065,-7.7546e-05,0
6.507,-0.00010088,0
6.5075,-9.9535e-05,0
6.508,-8.7785e-05,0
6.5086,-8.0735e-05,0
6.5091,-8.0735e-05,0
6.5096,-7.9057e-05,0
6.5101,-7.1336e-05,0
6.5106,-5.4887e-05,0
6.5112,-2.6017e-05,0
6.5117,1.3596e-05,0
6.5122,5.539e-05,0
6.5127,8.51e-05,0
6.5132,9.1478e-05,0
6.5137,8.191e-05,0
6.5143,6.5965e-05,0
6.5148,4.062e-05,0
6.5153,1.6449e-05,0
6.5158,1.6785e-07,0
6.5163,-1.5946e-05,0
6.5169,-3.1052e-05,0
6.5174,-6.865e-05,0
6.5179,-0.00015593,0
6.5184,-0.00023616,0
6.5189,-0.00024858,0
6.5195,-0.00019135,0
6.52,-0.00010558,0
6.5205,-1.3596e-05,0
6.521,8.5771e-05,0
6.5215,0.00017624,0
6.5221,0.0002407,0
6.5226,0.00028652,0
6.5231,0.00032345,0
6.5236,0.00033486,0
6.5241,0.00029693,0
6.5247,0.00021804,0
6.5252,0.00012454,0
6.5257,4.3809e-05,0
6.5262,-4.8676e-06,0
6.5267,-2.0645e-05,0
6.5273,-1.796e-05,0
6.5278,-1.1414e-05,0
6.5283,-1.326e-05,0
6.5288,-2.6352e-05,0
6.5293,-4.3305e-05,0
6.5298,-5.539e-05,0
6.5304,-5.623e-05,0
6.5309,-3.3234e-05,0
6.5314,-2.5177e-06,0
6.5319,6.8818e-06,0
6.5324,-1.1414e-05,0
6.533,-2.9038e-05,0
6.5335,-2.8199e-05,0
6.534,-1.0071e-05,0
6.5345,1.5946e-05,0
6.535,4.2634e-05,0
6.5356,7.4189e-05,0
6.5361,0.00011128,0
6.5366,0.00014217,0
6.5371,0.00015862,0
6.5376,0.00017137,0
6.5382,0.00017624,0
6.5387,0.0001509,0
6.5392,9.7856e-05,0
6.5397,4.4144e-05,0
6.5402,9.5674e-06,0
6.5408,-4.3641e-06,0
6.5413,-9.7353e-06,0
6.5418,-1.7624e-05,0
6.5423,-3.2395e-05,0
6.5428,-5.8244e-05,0
6.5433,-9.2485e-05,0
6.5439,-0.00012354,0
6.5444,-0.00013629,0
6.5449,-0.00013344,0
6.5454,-0.00013243,0
6.5459,-0.00013915,0
6.5465,-0.00014217,0
6.547,-0.00012673,0
6.5475,-8.9296e-05,0
6.548,-3.6759e-05,0
6.5485,1.9806e-05,0
6.5491,6.5293e-05,0
6.5496,9.0135e-05,0
6.5501,8.9632e-05,0
6.5506,7.4022e-05,0
6.5511,6.7643e-05,0
6.5517,8.3421e-05,0
6.5522,0.000118,0
6.5527,0.00016432,0
6.5532,0.00020192,0
6.5537,0.00019907,0
6.5542,0.0001509,0
6.5548,8.3421e-05,0
6.5553,2.4338e-05,0
6.5558,-1.2253e-05,0
6.5563,-2.031e-05,0
6.5568,-1.4099e-05,0
6.5574,-2.1988e-05,0
6.5579,-4.8173e-05,0
6.5584,-6.8986e-05,0
6.5589,-6.8818e-05,0
6.5594,-5.5055e-05,0
6.56,-3.3906e-05,0
6.5605,6.8818e-06,0
6.561,6.7643e-05,0
6.5615,0.00013042,0
6.562,0.00018128,0
6.5626,0.00019487,0
6.5631,0.00015862,0
6.5636,0.00010188,0
6.5641,5.2705e-05,0
6.5646,1.0239e-05,0
6.5652,-2.9038e-05,0
6.5657,-5.2033e-05,0
6.5662,-5.6901e-05,0
6.5667,-5.539e-05,0
6.5672,-4.4144e-05,0
6.5678,-2.5345e-05,0
6.5683,-1.4939e-05,0
6.5688,-2.0813e-05,0
6.5693,-4.2466e-05,0
6.5698,-8.0064e-05,0
6.5703,-0.00011766,0
6.5709,-0.00015325,0
6.5714,-0.00019084,0
6.5719,-0.00019521,0
6.5724,-0.0001462,0
6.5729,-7.4693e-05,0
6.5735,-2.1653e-05,0
6.574,1.8463e-06,0
6.5745,1.3764e-05,0
6.575,3.6423e-05,0
6.5755,7.805e-05,0
6.5761,0.00012958,0
6.5766,0.00017305,0
6.5771,0.00019118,0
6.5776,0.00018329,0
6.5781,0.0001608,0
6.5787,0.00013277,0
6.5792,0.00011397,0
6.5797,0.00011531,0
6.5802,0.00012068,0
6.5807,0.00011313,0
6.5812,8.9632e-05,0
6.5818,6.1601e-05,0
6.5823,3.9445e-05,0
6.5828,1.9303e-05,0
6.5833,-1.3931e-05,0
6.5838,-6.0929e-05,0
6.5844,-0.00010658,0
6.5849,-0.0001321,0
6.5854,-0.00012941,0
6.5859,-0.00010893,0
6.5864,-8.7449e-05,0
6.587,-6.5293e-05,0
6.5875,-3.8102e-05,0
6.588,-8.3925e-06,0
6.5885,1.8296e-05,0
6.589,2.2324e-05,0
6.5896,6.5461e-06,0
6.5901,0,0
6.5906,2.417e-05,0
6.5911,6.5461e-05,0
6.5916,0.00010071,0
6.5922,0.0001086,0
6.5927,8.3085e-05,0
6.5932,3.5416e-05,0
6.5937,-5.7069e-06,0
6.5942,-1.9806e-05,0
6.5948,-9.0639e-06,0
6.5953,1.4267e-05,0
6.5958,3.4745e-05,0
6.5963,4.213e-05,0
6.5968,2.9877e-05,0
6.5973,6.5461e-06,0
6.5979,-1.0239e-05,0
6.5984,-6.5461e-06,0
6.5989,1.9135e-05,0
6.5994,5.304e-05,0
6.5999,7.7211e-05,0
6.6005,8.275e-05,0
6.601,8.6442e-05,0
6.6015,8.7785e-05,0
6.602,7.9057e-05,0
6.6025,7.7379e-05,0
6.6031,7.7043e-05,0
6.6036,5.8579e-05,0
6.6041,2.0645e-05,0
6.6046,-1.7624e-05,0
6.6051,-1.8799e-05,0
6.6057,1.7792e-05,0
6.6062,5.2873e-05,0
6.6067,6.9322e-05,0
6.6072,7.8721e-05,0
6.6077,9.0806e-05,0
6.6082,8.9799e-05,0
6.6088,7.8553e-05,0
6.6093,7.4693e-05,0
6.6098,8.4932e-05,0
6.6103,0.00010054,0
6.6108,9.601e-05,0
6.6114,4.7333e-05,0
6.6119,-2.6352e-05,0
6.6124,-8.3421e-05,0
6.6129,-0.00011498,0
6.6134,-0.00013512,0
6.614,-0.00014788,0
6.6145,-0.00013579,0
6.615,-9.5506e-05,0
6.6155,-6.3279e-05,0
6.616,-6.8986e-05,0
6.6166,-8.51e-05,0
6.6171,-6.6468e-05,0
6.6176,-1.2085e-05,0
6.6181,4.8173e-05,0
6.6186,8.6778e-05,0
6.6192,9.5171e-05,0
6.6197,8.51e-05,0
6.6202,8.4092e-05,0
6.6207,0.00010692,0
6.6212,0.00014821,0
6.6217,0.00018917,0
6.6223,0.00021468,0
6.6228,0.00020293,0
6.6233,0.00014351,0
6.6238,6.3783e-05,0
6.6243,-6.714e-07,0
6.6249,-3.7598e-05,0
6.6254,-5.623e-05,0
6.6259,-6.7979e-05,0
6.6264,-7.4693e-05,0
6.6269,-8.3757e-05,0
6.6275,-9.9702e-05,0
6.628,-0.00010239,0
6.6285,-8.1071e-05,0
6.629,-4.3137e-05,0
6.6295,-2.1653e-05,0
6.6301,-3.1556e-05,0
6.6306,-3.9109e-05,0
6.6311,-2.0981e-05,0
6.6316,1.8463e-06,0
6.6321,1.326e-05,0
6.6327,8.7282e-06,0
6.6332,-2.1149e-05,0
6.6337,-6.0594e-05,0
6.6342,-8.6442e-05,0
6.6347,-9.3324e-05,0
6.6353,-9.0806e-05,0
6.6358,-8.426e-05,0
6.6363,-6.6468e-05,0
6.6368,-3.2898e-05,0
6.6373,2.2995e-05,0
6.6378,0.00011968,0
6.6384,0.00025899,0
6.6389,0.00039193,0
6.6394,0.00042483,0
6.6399,0.00031875,0
6.6404,0.00014267,0
6.641,-1.2253e-05,0
6.6415,-0.00010188,0
6.642,-0.00012908,0
6.6425,-0.00012337,0
6.643,-0.00011431,0
6.6436,-9.8863e-05,0
6.6441,-7.0329e-05,0
6.6446,-5.304e-05,0
6.6451,-5.9754e-05,0
6.6456,-5.0187e-05,0
6.6462,5.0355e-07,0
6.6467,7.57e-05,0
6.6472,0.0001368,0
6.6477,0.00015291,0
6.6482,0.00013948,0
6.6487,0.00013747,0
6.6493,0.00015895,0
6.6498,0.00017675,0
6.6503,0.00016768,0
6.6508,0.00012236,0
6.6513,5.4887e-05,0
6.6519,-1.6785e-07,0
6.6524,-1.9806e-05,0
6.6529,-1.1078e-05,0
6.6534,1.2253e-05,0
6.6539,3.5416e-05,0
6.6545,4.2466e-05,0
6.655,3.7095e-05,0
6.6555,3.4745e-05,0
6.656,3.7766e-05,0
6.6565,3.6759e-05,0
6.6571,1.8296e-05,0
6.6576,-2.1988e-05,0
6.6581,-6.4622e-05,0
6.6586,-8.8457e-05,0
6.6591,-8.5603e-05,0
6.6597,-6.2104e-05,0
6.6602,-4.0284e-05,0
6.6607,-3.4073e-05,0
6.6612,-3.2059e-05,0
6.6617,-1.8967e-05,0
6.6623,1.2757e-05,0
6.6628,5.3544e-05,0
6.6633,8.9632e-05,0
6.6638,0.00011431,0
6.6643,0.00011632,0
6.6648,8.6778e-05,0
6.6654,3.6423e-05,0
6.6659,-4.0284e-06,0
6.6664,-6.5461e-06,0
6.6669,8.3925e-06,0
6.6674,4.3641e-06,0
6.668,-2.3835e-05,0
6.6685,-5.304e-05,0
6.669,-6.6972e-05,0
6.6695,-7.2007e-05,0
6.67,-7.2007e-05,0
6.6706,-5.8412e-05,0
6.6711,-3.0716e-05,0
6.6716,7.5532e-06,0
6.6721,3.4241e-05,0
6.6726,3.9445e-05,0
6.6732,4.2466e-05,0
6.6737,6.009e-05,0
6.6742,7.7043e-05,0
6.6747,7.2679e-05,0
6.6752,5.4215e-05,0
6.6757,3.6088e-05,0
6.6763,1.6281e-05,0
6.6768,1.5106e-06,0
6.6773,2.3499e-06,0
6.6778,8.5603e-06,0
6.6783,1.1246e-05,0
6.6789,1.3428e-05,0
6.6794,1.8631e-05,0
6.6799,2.4338e-05,0
6.6804,2.8031e-05,0
6.6809,2.266e-05,0
6.6815,1.3931e-05,0
6.682,2.0478e-05,0
6.6825,2.3331e-05,0
6.683,2.182e-06,0
6.6835,-2.6184e-05,0
6.6841,-4.3137e-05,0
6.6846,-4.7166e-05,0
6.6851,-4.0452e-05,0
6.6856,-2.501e-05,0
6.6861,-7.8889e-06,0
6.6867,8.5603e-06,0
6.6872,3.2059e-05,0
6.6877,6.244e-05,0
6.6882,8.6107e-05,0
6.6887,9.5842e-05,0
6.6893,8.896e-05,0
6.6898,7.3686e-05,0
6.6903,6.244e-05,0
6.6908,5.4383e-05,0
6.6913,4.9516e-05,0
6.6918,5.2873e-05,0
6.6924,5.8915e-05,0
6.6929,5.5726e-05,0
6.6934,4.0955e-05,0
6.6939,2.031e-05,0
6.6944,-8.3925e-07,0
6.695,-1.7456e-05,0
6.6955,-2.6352e-05,0
6.696,-2.9709e-05,0
6.6965,-3.9109e-05,0
6.697,-5.4047e-05,0
6.6976,-5.0858e-05,0
6.6981,-4.1962e-06,0
6.6986,6.1265e-05,0
6.6991,9.1478e-05,0
6.6996,6.8818e-05,0
6.7002,2.2995e-05,0
6.7007,-6.2104e-06,0
6.7012,-6.2104e-06,0
6.7017,8.7282e-06,0
6.7022,9.7353e-06,0
6.7027,-2.031e-05,0
6.7033,-5.9251e-05,0
6.7038,-8.4092e-05,0
6.7043,-9.752e-05,0
6.7048,-0.00010071,0
6.7053,-8.4764e-05,0
6.7059,-5.1362e-05,0
6.7064,-1.7121e-05,0
6.7069,7.8889e-06,0
6.7074,4.1123e-05,0
6.7079,0.00010239,0
6.7085,0.00017238,0
6.709,0.00021199,0
6.7095,0.00020511,0
6.71,0.00016567,0
6.7105,0.00011934,0
6.7111,7.9393e-05,0
6.7116,4.4816e-05,0
6.7121,1.3931e-05,0
6.7126,-1.6281e-05,0
6.7131,-4.0284e-05,0
6.7137,-5.1865e-05,0
6.7142,-5.3208e-05,0
6.7147,-5.6397e-05,0
6.7152,-7.7379e-05,0
6.7157,-0.00011699,0
6.7162,-0.00016097,0
6.7168,-0.00018531,0
6.7173,-0.00015778,0
6.7178,-7.5364e-05,0
6.7183,-1.5106e-06,0
6.7188,1.7624e-05,0
6.7194,5.0355e-07,0
6.7199,-2.0813e-05,0
6.7204,-2.5849e-05,0
6.7209,-1.8463e-06,0
6.7214,5.7908e-05,0
6.722,0.00014267,0
6.7225,0.00022055,0
6.723,0.00025328,0
6.7235,0.00023684,0
6.724,0.00020394,0
6.7246,0.00017574,0
6.7251,0.00014922,0
6.7256,0.00012874,0
6.7261,0.00011582,0
6.7266,0.00010726,0
6.7272,0.00010222,0
6.7277,9.2485e-05,0
6.7282,6.9154e-05,0
6.7287,3.508e-05,0
6.7292,2.8534e-06,0
6.7298,-1.7288e-05,0
6.7303,-2.7863e-05,0
6.7308,-2.652e-05,0
6.7313,-2.1988e-05,0
6.7318,-3.9277e-05,0
6.7323,-8.2414e-05,0
6.7329,-0.00011699,0
6.7334,-0.00010692,0
6.7339,-5.5558e-05,0
6.7344,-5.0355e-07,0
6.7349,3.3066e-05,0
6.7355,5.0187e-05,0
6.736,6.2943e-05,0
6.7365,7.9561e-05,0
6.737,8.5267e-05,0
6.7375,6.5797e-05,0
6.7381,3.592e-05,0
6.7386,1.0407e-05,0
6.7391,-1.9303e-05,0
6.7396,-8.6442e-05,0
6.7401,-0.00019286,0
6.7407,-0.00028249,0
6.7412,-0.00031119,0
6.7417,-0.00027712,0
6.7422,-0.00021669,0
6.7427,-0.00016466,0
6.7432,-0.00012404,0
6.7438,-7.5364e-05,0
6.7443,3.1891e-06,0
6.7448,0.00012673,0
6.7453,0.00029592,0
6.7458,0.00047451,0
6.7464,0.00058982,0
6.7469,0.00059603,0
6.7474,0.00050137,0
6.7479,0.00035349,0
6.7484,0.00022206,0
6.749,0.00014116,0
6.7495,9.6513e-05,0
6.75,6.244e-05,0
6.7505,3.8773e-05,0
6.751,2.7192e-05,0
6.7516,6.2104e-06,0
6.7521,-2.9709e-05,0
6.7526,-7.2007e-05,0
6.7531,-0.00010944,0
6.7536,-0.00013243,0
6.7542,-0.00013982,0
6.7547,-0.00012757,0
6.7552,-0.00010491,0
6.7557,-8.4764e-05,0
6.7562,-6.2943e-05,0
6.7568,-3.3066e-05,0
6.7573,-4.1962e-06,0
6.7578,2.266e-05,0
6.7583,4.8844e-05,0
6.7588,6.63e-05,0
6.7593,6.9657e-05,0
6.7599,6.1601e-05,0
6.7604,4.4816e-05,0
6.7609,3.0716e-05,0
6.7614,1.5442e-05,0
6.7619,-1.1246e-05,0
6.7625,-4.0787e-05,0
6.763,-6.4958e-05,0
6.7635,-8.3589e-05,0
6.764,-8.7449e-05,0
6.7645,-6.009e-05,0
6.7651,-1.7624e-05,0
6.7656,4.3641e-06,0
6.7661,3.1891e-06,0
6.7666,1.8463e-06,0
6.7671,8.3925e-07,0
6.7677,-1.1246e-05,0
6.7682,-2.9038e-05,0
6.7687,-4.0452e-05,0
6.7692,-4.7166e-05,0
6.7697,-5.4887e-05,0
6.7702,-6.63e-05,0
6.7708,-7.6204e-05,0
6.7713,-7.6371e-05,0
6.7718,-6.5965e-05,0
6.7723,-4.9851e-05,0
6.7728,-3.3738e-05,0
6.7734,-2.1149e-05,0
6.7739,-1.1078e-05,0
6.7744,-2.5177e-06,0
6.7749,5.8747e-06,0
6.7754,1.5274e-05,0
6.776,2.0645e-05,0
6.7765,2.0645e-05,0
6.777,1.9806e-05,0
6.7775,1.5946e-05,0
6.778,6.5461e-06,0
6.7786,-2.182e-06,0
6.7791,-2.6856e-06,0
6.7796,5.8747e-06,0
6.7801,1.2421e-05,0
6.7806,1.2924e-05,0
6.7812,1.0575e-05,0
6.7817,7.2175e-06,0
6.7822,2.3499e-06,0
6.7827,-1.091e-05,0
6.7832,-2.8367e-05,0
6.7838,-2.8031e-05,0
6.7843,-6.714e-06,0
6.7848,1.4435e-05,0
6.7853,2.1988e-05,0
6.7858,1.796e-05,0
6.7863,3.357e-06,0
6.7869,-1.6281e-05,0
6.7874,-2.9206e-05,0
6.7879,-2.6352e-05,0
6.7884,-9.3996e-06,0
6.7889,1.2253e-05,0
6.7895,2.8031e-05,0
6.79,3.2898e-05,0
6.7905,3.5752e-05,0
6.791,5.2873e-05,0
6.7915,8.7449e-05,0
6.7921,0.00013042,0
6.7926,0.00016768,0
6.7931,0.00018715,0
6.7936,0.00018061,0
6.7941,0.00015962,0
6.7947,0.00014284,0
6.7952,0.00011749,0
6.7957,5.7237e-05,0
6.7962,-1.7624e-05,0
6.7967,-5.8412e-05,0
6.7973,-4.8173e-05,0
6.7978,-6.8818e-06,0
6.7983,3.8605e-05,0
6.7988,7.0832e-05,0
6.7993,8.6778e-05,0
6.7998,8.8457e-05,0
6.8004,8.2078e-05,0
6.8009,7.57e-05,0
6.8014,8.1407e-05,0
6.8019,0.00010423,0
6.8024,0.00011884,0
6.803,9.8527e-05,0
6.8035,5.1698e-05,0
6.804,6.5461e-06,0
6.8045,-1.7624e-05,0
6.805,-2.1653e-05,0
6.8056,-1.8463e-05,0
6.8061,-1.5274e-05,0
6.8066,-1.4267e-05,0
6.8071,-1.4099e-05,0
6.8076,-1.561e-05,0
6.8082,-2.0813e-05,0
6.8087,-1.2924e-05,0
6.8092,3.9109e-05,0
6.8097,0.00010591,0
6.8102,0.00012102,0
6.8107,6.3615e-05,0
6.8113,-2.6688e-05,0
6.8118,-0.00010021,0
6.8123,-0.00013126,0
6.8128,-0.00012152,0
6.8133,-9.0303e-05,0
6.8139,-4.9851e-05,0
6.8144,1.5106e-06,0
6.8149,4.3809e-05,0
6.8154,3.9445e-05,0
6.8159,1.2085e-05,0
6.8165,8.5603e-06,0
6.817,3.0381e-05,0
6.8175,4.3473e-05,0
6.818,2.8367e-05,0
6.8185,-1.6785e-06,0
6.8191,-2.4842e-05,0
6.8196,-3.6927e-05,0
6.8201,-4.5151e-05,0
6.8206,-4.7837e-05,0
6.8211,-4.3305e-05,0
6.8217,-3.743e-05,0
6.8222,-3.0381e-05,0
6.8227,-1.1917e-05,0
6.8232,1.7792e-05,0
6.8237,5.6901e-05,0
6.8243,0.00011246,0
6.8248,0.00017406,0
6.8253,0.00021267,0
6.8258,0.00020696,0
6.8263,0.00015442,0
6.8268,8.3253e-05,0
6.8274,3.1724e-05,0
6.8279,7.0497e-06,0
6.8284,-4.1962e-06,0
6.8289,-3.6927e-06,0
6.8294,1.326e-05,0
6.83,3.6759e-05,0
6.8305,5.5894e-05,0
6.831,5.8076e-05,0
6.8315,4.8676e-05,0
6.832,5.0858e-05,0
6.8326,6.2608e-05,0
6.8331,6.8147e-05,0
6.8336,6.9993e-05,0
6.8341,7.5868e-05,0
6.8346,7.9896e-05,0
6.8352,7.57e-05,0
6.8357,5.3544e-05,0
6.8362,9.5674e-06,0
6.8367,-5.8412e-05,0
6.8372,-0.00013596,0
6.8377,-0.00018933,0
6.8383,-0.00020679,0
6.8388,-0.00020041,0
6.8393,-0.00018077,0
6.8398,-0.00015157,0
6.8403,-0.00011162,0
6.8409,-7.2175e-05,0
6.8414,-4.6159e-05,0
6.8419,-1.8128e-05,0
6.8424,3.3738e-05,0
6.8429,9.987e-05,0
6.8435,0.0001509,0
6.844,0.0001655,0
6.8445,0.00014553,0
6.845,0.00010994,0
6.8455,8.3085e-05,0
6.8461,8.2078e-05,0
6.8466,0.00010188,0
6.8471,0.00011196,0
6.8476,9.3156e-05,0
6.8481,4.448e-05,0
6.8487,-1.9806e-05,0
6.8492,-5.8747e-05,0
6.8497,-5.4719e-05,0
6.8502,-3.7934e-05,0
6.8507,-3.4241e-05,0
6.8513,-3.3234e-05,0
6.8518,-2.8367e-05,0
6.8523,-2.4338e-05,0
6.8528,-1.9638e-05,0
6.8533,-1.7288e-05,0
6.8538,-1.4939e-05,0
6.8544,1.0071e-06,0
6.8549,3.3402e-05,0
6.8554,5.8747e-05,0
6.8559,6.865e-05,0
6.8564,7.5029e-05,0
6.857,8.426e-05,0
6.8575,9.9031e-05,0
6.858,0.00011498,0
6.8585,0.00011229,0
6.859,8.7785e-05,0
6.8596,6.1097e-05,0
6.8601,4.3137e-05,0
6.8606,2.7527e-05,0
6.8611,1.4267e-05,0
6.8616,1.6785e-05,0
6.8622,3.1724e-05,0
6.8627,4.6159e-05,0
6.8632,5.1865e-05,0
6.8637,5.069e-05,0
6.8642,4.6159e-05,0
6.8647,4.0452e-05,0
6.8653,3.8102e-05,0
6.8658,3.9109e-05,0
6.8663,3.508e-05,0
6.8668,2.6352e-05,0
6.8673,2.0645e-05,0
6.8679,1.9806e-05,0
6.8684,2.2995e-05,0
6.8689,2.9038e-05,0
6.8694,3.122e-05,0
6.8699,2.3331e-05,0
6.8705,1.9638e-05,0
6.871,2.6352e-05,0
6.8715,3.0045e-05,0
6.872,1.5778e-05,0
6.8725,-1.561e-05,0
6.8731,-4.3305e-05,0
6.8736,-5.2705e-05,0
6.8741,-5.2369e-05,0
6.8746,-5.6062e-05,0
6.8751,-6.3615e-05,0
6.8757,-6.3615e-05,0
6.8762,-4.4984e-05,0
6.8767,-2.3499e-06,0
6.8772,5.5558e-05,0
6.8777,0.00010524,0
6.8783,0.00014015,0
6.8788,0.00015492,0
6.8793,0.00014519,0
6.8798,0.00011397,0
6.8803,6.4958e-05,0
6.8808,-2.182e-06,0
6.8814,-7.4022e-05,0
6.8819,-0.00012236,0
6.8824,-0.0001415,0
6.8829,-0.0001368,0
6.8834,-0.00011699,0
6.884,-9.0471e-05,0
6.8845,-6.4286e-05,0
6.885,-4.3137e-05,0
6.8855,-2.5345e-05,0
6.886,-1.0239e-05,0
6.8866,1.0575e-05,0
6.8871,3.7095e-05,0
6.8876,5.8747e-05,0
6.8881,6.3615e-05,0
6.8886,5.4887e-05,0
6.8892,4.1794e-05,0
6.8897,2.7527e-05,0
6.8902,1.6449e-05,0
6.8907,1.2924e-05,0
6.8912,1.0575e-05,0
6.8918,5.2033e-06,0
6.8923,-1.6785e-06,0
6.8928,-2.8534e-06,0
6.8933,1.3931e-05,0
6.8938,4.6662e-05,0
6.8943,7.5029e-05,0
6.8949,7.7043e-05,0
6.8954,5.7404e-05,0
6.8959,4.1962e-05,0
6.8964,4.448e-05,0
6.8969,5.4887e-05,0
6.8975,5.8915e-05,0
6.898,4.8676e-05,0
6.8985,2.9038e-05,0
6.899,1.0575e-05,0
6.8995,-1.8463e-06,0
6.9001,-1.0575e-05,0
6.9006,-3.1052e-05,0
6.9011,-5.6062e-05,0
6.9016,-6.9657e-05,0
6.9021,-7.2511e-05,0
6.9027,-6.6972e-05,0
6.9032,-4.683e-05,0
6.9037,-9.2317e-06,0
6.9042,3.4073e-05,0
6.9047,6.4622e-05,0
6.9052,8.4092e-05,0
6.9058,0.00011095,0
6.9063,0.00014754,0
6.9068,0.00017607,0
6.9073,0.0001796,0
6.9078,0.00014888,0
6.9084,0.00010088,0
6.9089,6.8315e-05,0
6.9094,7.2343e-05,0
6.9099,0.00010306,0
6.9104,0.0001326,0
6.911,0.00014183,0
6.9115,0.00012572,0
6.912,9.5171e-05,0
6.9125,7.4022e-05,0
6.913,7.5364e-05,0
6.9136,7.9225e-05,0
6.9141,5.6901e-05,0
6.9146,8.3925e-07,0
6.9151,-5.1865e-05,0
6.9156,-7.8218e-05,0
6.9162,-9.8695e-05,0
6.9167,-0.00012102,0
6.9172,-0.00013008,0
6.9177,-0.00012152,0
6.9182,-0.00011196,0
6.9188,-0.00010692,0
6.9193,-9.7185e-05,0
6.9198,-7.9393e-05,0
6.9203,-6.5629e-05,0
6.9208,-5.2201e-05,0
6.9213,-3.7263e-05,0
6.9219,-3.0884e-05,0
6.9224,-2.7695e-05,0
6.9229,-2.5345e-05,0
6.9234,-2.3331e-05,0
6.9239,-1.2589e-05,0
6.9245,2.7359e-05,0
6.925,9.4499e-05,0
6.9255,0.00015644,0
6.926,0.00018379,0
6.9265,0.00017305,0
6.9271,0.00013948,0
6.9276,9.2485e-05,0
6.9281,4.448e-05,0
6.9286,2.4674e-05,0
6.9291,4.2634e-05,0
6.9297,6.2272e-05,0
6.9302,4.7166e-05,0
6.9307,-5.0355e-07,0
6.9312,-5.4047e-05,0
6.9317,-9.3492e-05,0
6.9322,-0.00011296,0
6.9328,-0.00011632,0
6.9333,-0.00011498,0
6.9338,-0.00011531,0
6.9343,-0.00010692,0
6.9348,-7.8721e-05,0
6.9354,-3.743e-05,0
6.9359,-1.5106e-06,0
6.9364,2.7527e-05,0
6.9369,6.2943e-05,0
6.9374,9.5171e-05,0
6.938,9.4331e-05,0
6.9385,6.1601e-05,0
6.939,3.978e-05,0
6.9395,3.743e-05,0
6.94,3.1891e-05,0
6.9406,1.326e-05,0
6.9411,-1.3596e-05,0
6.9416,-4.1123e-05,0
6.9421,-6.6636e-05,0
6.9426,-8.7114e-05,0
6.9432,-9.5674e-05,0
6.9437,-9.0639e-05,0
6.9442,-7.335e-05,0
6.9447,-4.448e-05,0
6.9452,-1.6785e-06,0
6.9458,5.2873e-05,0
6.9463,0.00010877,0
6.9468,0.00015224,0
6.9473,0.00017876,0
6.9478,0.00020259,0
6.9483,0.00024657,0
6.9489,0.0002939,0
6.9494,0.00030515,0
6.9499,0.00027376,0
6.9504,0.00021703,0
6.9509,0.0001514,0
6.9515,9.3828e-05,0
6.952,5.623e-05,0
6.9525,3.8773e-05,0
6.953,3.8773e-05,0
6.9535,4.5487e-05,0
6.9541,3.8437e-05,0
6.9546,8.5603e-06,0
6.9551,-2.7695e-05,0
6.9556,-3.9277e-05,0
6.9561,-2.1988e-05,0
6.9567,-2.6856e-06,0
6.9572,-5.0355e-07,0
6.9577,-1.0071e-05,0
6.9582,-1.4267e-05,0
6.9587,-1.2757e-05,0
6.9592,-5.3712e-06,0
6.9598,7.8889e-06,0
6.9603,2.9374e-05,0
6.9608,5.5558e-05,0
6.9613,6.949e-05,0
6.9618,6.4622e-05,0
6.9624,4.8173e-05,0
6.9629,3.0213e-05,0
6.9634,2.5345e-05,0
6.9639,3.3738e-05,0
6.9644,2.7527e-05,0
6.965,-3.8605e-06,0
6.9655,-4.1794e-05,0
6.966,-7.2175e-05,0
6.9665,-9.7017e-05,0
6.967,-0.00011514,0
6.9676,-0.00011447,0
6.9681,-0.00010054,0
6.9686,-9.1646e-05,0
6.9691,-7.9057e-05,0
6.9696,-4.7837e-05,0
6.9702,-1.1078e-05,0
6.9707,1.6617e-05,0
6.9712,3.1724e-05,0
6.9717,4.062e-05,0
6.9722,4.8173e-05,0
6.9727,4.918e-05,0
6.9733,3.6423e-05,0
6.9738,1.0575e-05,0
6.9743,-1.2253e-05,0
6.9748,-2.3331e-05,0
6.9753,-2.9709e-05,0
6.9759,-3.0716e-05,0
6.9764,-3.3066e-05,0
6.9769,-4.2802e-05,0
6.9774,-4.9851e-05,0
6.9779,-4.1794e-05,0
6.9785,-2.3667e-05,0
6.979,1.8463e-06,0
6.9795,2.3163e-05,0
6.98,5.2033e-06,0
6.9805,-4.0787e-05,0
6.9811,-5.7908e-05,0
6.9816,-2.4674e-05,0
6.9821,3.3738e-05,0
6.9826,7.0832e-05,0
6.9831,6.0761e-05,0
6.9837,1.7624e-05,0
6.9842,-2.2995e-05,0
6.9847,-3.4073e-05,0
6.9852,-6.714e-06,0
6.9857,5.3208e-05,0
6.9863,0.00012505,0
6.9868,0.00017943,0
6.9873,0.00019152,0
6.9878,0.00016265,0
6.9883,0.00012203,0
6.9888,8.896e-05,0
6.9894,6.9154e-05,0
6.9899,5.9419e-05,0
6.9904,4.683e-05,0
6.9909,2.5849e-05,0
6.9914,4.5319e-06,0
6.992,-1.2589e-05,0
6.9925,-3.978e-05,0
6.993,-7.6371e-05,0
6.9935,-8.04e-05,0
6.994,-3.357e-05,0
6.9946,3.4409e-05,0
6.9951,7.9561e-05,0
6.9956,8.9128e-05,0
6.9961,7.9393e-05,0
6.9966,7.2007e-05,0
6.9972,8.661e-05,0
6.9977,0.00011464,0
6.9982,0.00012001,0
6.9987,9.3828e-05,0
6.9992,5.388e-05,0
6.9997,1.4603e-05,0
7.0003,-1.9974e-05,0
7.0008,-4.5319e-05,0
7.0013,-5.1194e-05,0
7.0018,-3.7095e-05,0
7.0023,-2.182e-05,0
7.0029,-2.0142e-05,0
7.0034,-3.2395e-05,0
7.0039,-3.1052e-05,0
7.0044,-5.3712e-06,0
7.0049,2.0981e-05,0
7.0055,1.5106e-05,0
7.006,-2.9709e-05,0
7.0065,-8.2582e-05,0
7.007,-0.0001039,0
7.0075,-7.5532e-05,0
7.0081,-4.3641e-06,0
7.0086,7.4357e-05,0
7.0091,0.00012673,0
7.0096,0.0001368,0
7.0101,0.0001138,0
7.0107,8.0903e-05,0
7.0112,6.5965e-05,0
7.0117,7.8218e-05,0
7.0122,9.9535e-05,0
7.0127,0.00011028,0
7.0133,9.9535e-05,0
7.0138,6.1433e-05,0
7.0143,1.0239e-05,0
7.0148,-2.6017e-05,0
7.0153,-4.1794e-05,0
7.0158,-5.623e-05,0
7.0164,-7.7714e-05,0
7.0169,-9.836e-05,0
7.0174,-0.0001133,0
7.0179,-0.00013042,0
7.0184,-0.00013931,0
7.019,-0.00012639,0
7.0195,-9.4163e-05,0
7.02,-6.2943e-05,0
7.0205,-4.3809e-05,0
7.021,-2.2156e-05,0
7.0216,2.3499e-05,0
7.0221,9.5674e-05,0
7.0226,0.00016986,0
7.0231,0.00021334,0
7.0236,0.00020931,0
7.0242,0.00017356,0
7.0247,0.00012639,0
7.0252,8.1407e-05,0
7.0257,4.683e-05,0
7.0262,2.5177e-05,0
7.0267,1.1582e-05,0
7.0273,-3.8605e-06,0
7.0278,-2.3163e-05,0
7.0283,-3.978e-05,0
7.0288,-5.5558e-05,0
7.0293,-6.5965e-05,0
7.0299,-5.8747e-05,0
7.0304,-2.7695e-05,0
7.0309,1.326e-05,0
7.0314,4.3977e-05,0
7.0319,5.2369e-05,0
7.0325,4.6326e-05,0
7.033,4.4816e-05,0
7.0335,5.0187e-05,0
7.034,5.2873e-05,0
7.0345,5.2873e-05,0
7.0351,5.5894e-05,0
7.0356,6.0929e-05,0
7.0361,6.6133e-05,0
7.0366,7.0329e-05,0
7.0371,7.3014e-05,0
7.0377,7.6036e-05,0
7.0382,7.57e-05,0
7.0387,6.1265e-05,0
7.0392,3.7095e-05,0
7.0397,2.7863e-05,0
7.0403,4.2466e-05,0
7.0408,6.5797e-05,0
7.0413,7.0329e-05,0
7.0418,3.8437e-05,0
7.0423,-1.2253e-05,0
7.0428,-6.4118e-05,0
7.0434,-0.00011666,0
7.0439,-0.00015593,0
7.0444,-0.00015509,0
7.0449,-0.00011296,0
7.0454,-5.6901e-05,0
7.046,-7.5532e-06,0
7.0465,3.8773e-05,0
7.047,8.0232e-05,0
7.0475,0.00010658,0
7.048,0.00011531,0
7.0486,0.00011229,0
7.0491,0.00010188,0
7.0496,9.5506e-05,0
7.0501,0.00010524,0
7.0506,0.00011363,0
7.0512,8.2414e-05,0
7.0517,5.0355e-07,0
7.0522,-9.7856e-05,0
7.0527,-0.00017288,0
7.0532,-0.00020444,0
7.0537,-0.00019655,0
7.0543,-0.00016248,0
7.0548,-0.00011867,0
7.0553,-8.4764e-05,0
7.0558,-0.00011431,0
7.0563,-0.00020293,0
7.0569,-0.00023264,0
7.0574,-0.00015795,0
7.0579,-3.3738e-05,0
7.0584,8.275e-05,0
7.0589,0.00014469,0
7.0595,0.00014116,0
7.06,0.0001227,0
7.0605,0.00014788,0
7.061,0.00021904,0
7.0615,0.00030028,0
7.0621,0.00036809,0
7.0626,0.00039797,0
7.0631,0.00036373,0
7.0636,0.00028568,0
7.0641,0.00021032,0
7.0647,0.0001514,0
7.0652,9.6513e-05,0
7.0657,4.8676e-05,0
7.0662,1.561e-05,0
7.0667,-4.1962e-06,0
7.0672,-2.4002e-05,0
7.0678,-4.5823e-05,0
7.0683,-6.4958e-05,0
7.0688,-8.0232e-05,0
7.0693,-8.5435e-05,0
7.0698,-7.8721e-05,0
7.0704,-7.5029e-05,0
7.0709,-9.5842e-05,0
7.0714,-0.00012454,0
7.0719,-0.00012438,0
7.0724,-9.5842e-05,0
7.073,-6.2104e-05,0
7.0735,-2.9374e-05,0
7.074,1.1414e-05,0
7.0745,6.6636e-05,0
7.075,0.00012471,0
7.0756,0.0001655,0
7.0761,0.00017842,0
7.0766,0.00016852,0
7.0771,0.00014553,0
7.0776,0.00010994,0
7.0782,5.7572e-05,0
7.0787,-1.1749e-05,0
7.0792,-8.4596e-05,0
7.0797,-0.00013764,0
7.0802,-0.00015979,0
7.0808,-0.00015392,0
7.0813,-0.00012303,0
7.0818,-7.2007e-05,0
7.0823,-1.2589e-05,0
7.0828,3.2731e-05,0
7.0833,4.448e-05,0
7.0839,3.2059e-05,0
7.0844,1.8296e-05,0
7.0849,1.0407e-05,0
7.0854,4.6998e-06,0
7.0859,1.8463e-06,0
7.0865,-1.6785e-07,0
7.087,-1.5946e-05,0
7.0875,-4.4312e-05,0
7.088,-6.1433e-05,0
7.0885,-5.539e-05,0
7.0891,-3.8941e-05,0
7.0896,-2.4842e-05,0
7.0901,-1.8967e-05,0
7.0906,-2.7695e-05,0
7.0911,-5.3544e-05,0
7.0917,-0.00010037,0
7.0922,-0.00015157,0
7.0927,-0.00016751,0
7.0932,-0.00013176,0
7.0937,-6.9154e-05,0
7.0942,-2.501e-05,0
7.0948,-2.182e-06,0
7.0953,3.5416e-05,0
7.0958,0.00010105,0
7.0963,0.00017104,0
7.0968,0.00021703,0
7.0974,0.00022408,0
7.0979,0.00019655,0
7.0984,0.00015828,0
7.0989,0.00013277,0
7.0994,0.00012857,0
7.1,0.00012807,0
7.1005,0.00011632,0
7.101,9.2821e-05,0
7.1015,7.3182e-05,0
7.102,8.7449e-05,0
7.1026,0.00014687,0
7.1031,0.00020528,0
7.1036,0.00022307,0
7.1041,0.00019319,0
7.1046,0.00013948,0
7.1052,9.2485e-05,0
7.1057,5.6565e-05,0
7.1062,5.539e-06,0
7.1067,-4.3305e-05,0
7.1072,-5.4719e-05,0
7.1078,-4.5823e-05,0
7.1083,-4.7333e-05,0
7.1088,-6.0761e-05,0
7.1093,-6.2608e-05,0
7.1098,-5.4719e-05,0
7.1103,-5.9251e-05,0
7.1109,-7.4189e-05,0
7.1114,-7.9393e-05,0
7.1119,-6.5293e-05,0
7.1124,-4.6326e-05,0
7.1129,-4.8341e-05,0
7.1135,-7.9225e-05,0
7.114,-0.00011901,0
7.1145,-0.00013864,0
7.115,-0.00013579,0
7.1155,-0.00014653,0
7.1161,-0.00019806,0
7.1166,-0.00025664,0
7.1171,-0.00028115,0
7.1176,-0.00025295,0
7.1181,-0.00016953,0
7.1187,-5.1194e-05,0
7.1192,5.9586e-05,0
7.1197,0.00012387,0
7.1202,0.00016097,0
7.1207,0.00021938,0
7.1212,0.00030196,0
7.1218,0.00036188,0
7.1223,0.00036272,0
7.1228,0.00031102,0
7.1233,0.0002313,0
7.1238,0.0001556,0
7.1244,0.00012001,0
7.1249,0.00013915,0
7.1254,0.00019387,0
7.1259,0.00023684,0
7.1264,0.00022274,0
7.127,0.0001331,0
7.1275,-1.4267e-05,0
7.128,-0.00013982,0
7.1285,-0.00016852,0
7.129,-0.00011867,0
7.1296,-4.8844e-05,0
7.1301,6.3783e-06,0
7.1306,4.4144e-05,0
7.1311,7.3014e-05,0
7.1316,9.3828e-05,0
7.1322,9.752e-05,0
7.1327,9.3828e-05,0
7.1332,0.00010373,0
7.1337,0.00013075,0
7.1342,0.00014519,0
7.1348,0.00012001,0
7.1353,6.7643e-05,0
7.1358,1.796e-05,0
7.1363,-1.7121e-05,0
7.1368,-5.5726e-05,0
7.1373,-0.00010591,0
7.1379,-0.00013646,0
7.1384,-0.00013713,0
7.1389,-0.00012589,0
7.1394,-0.00011783,0
7.1399,-0.00013797,0
7.1405,-0.0001989,0
7.141,-0.00025261,0
7.1415,-0.0002558,0
7.142,-0.00020931,0
7.1425,-0.00012119,0
7.1431,-1.8631e-05,0
7.1436,5.8915e-05,0
7.1441,9.987e-05,0
7.1446,0.00012001,0
7.1451,0.00014754,0
7.1457,0.00018564,0
7.1462,0.00021132,0
7.1467,0.00021569,0
7.1472,0.00020209,0
7.1477,0.00017003,0
7.1482,0.0001321,0
7.1488,0.00010256,0
7.1493,7.0665e-05,0
7.1498,3.0716e-05,0
7.1503,-1.6953e-05,0
7.1508,-8.0232e-05,0
7.1514,-0.00014234,0
7.1519,-0.00017809,0
7.1524,-0.00018195,0
7.1529,-0.00016298,0
7.1534,-0.00012522,0
7.154,-6.7979e-05,0
7.1545,-1.091e-05,0
7.155,2.3835e-05,0
7.1555,3.7095e-05,0
7.156,5.7237e-05,0
7.1566,8.3757e-05,0
7.1571,9.2821e-05,0
7.1576,7.8553e-05,0
7.1581,5.623e-05,0
7.1586,4.2802e-05,0
7.1592,4.683e-05,0
7.1597,5.8244e-05,0
7.1602,5.774e-05,0
7.1607,3.9277e-05,0
7.1612,1.6617e-05,0
7.1617,3.357e-07,0
7.1623,-1.5442e-05,0
7.1628,-3.0381e-05,0
7.1633,-3.7934e-05,0
7.1638,-3.5584e-05,0
7.1643,-3.0045e-05,0
7.1649,-3.1388e-05,0
7.1654,-3.3738e-05,0
7.1659,-2.1653e-05,0
7.1664,-3.0213e-06,0
7.1669,3.5248e-06,0
7.1675,-6.2104e-06,0
7.168,-1.2757e-05,0
7.1685,6.8818e-06,0
7.169,3.6088e-05,0
7.1695,4.4144e-05,0
7.1701,2.7359e-05,0
7.1706,0,0
7.1711,-2.652e-05,0
7.1716,-4.4816e-05,0
7.1721,-5.2033e-05,0
7.1727,-4.6998e-05,0
7.1732,-3.5416e-05,0
7.1737,-2.9374e-05,0
7.1742,-3.978e-05,0
7.1747,-6.1936e-05,0
7.1753,-7.0329e-05,0
7.1758,-4.6662e-05,0
7.1763,-8.3925e-07,0
7.1768,4.6159e-05,0
7.1773,8.4428e-05,0
7.1778,0.0001133,0
7.1784,0.00013008,0
7.1789,0.00014284,0
7.1794,0.00015761,0
7.1799,0.00015912,0
7.1804,0.00013445,0
7.181,9.8527e-05,0
7.1815,7.3686e-05,0
7.182,5.6565e-05,0
7.1825,2.9709e-05,0
7.183,6.714e-07,0
7.1836,-1.2253e-05,0
7.1841,-1.2421e-05,0
7.1846,-3.1052e-05,0
7.1851,-6.4958e-05,0
7.1856,-6.3447e-05,0
7.1862,-1.5442e-05,0
7.1867,4.5487e-05,0
7.1872,9.2485e-05,0
7.1877,0.00012035,0
7.1882,0.00012874,0
7.1887,0.00012572,0
7.1893,0.00011934,0
7.1898,0.00011162,0
7.1903,9.0806e-05,0
7.1908,5.069e-05,0
7.1913,-1.3764e-05,0
7.1919,-7.9728e-05,0
7.1924,-0.00011128,0
7.1929,-0.00011196,0
7.1934,-0.00010306,0
7.1939,-9.6178e-05,0
7.1945,-9.2821e-05,0
7.195,-7.1672e-05,0
7.1955,-2.3835e-05,0
7.196,3.4241e-05,0
7.1965,9.1142e-05,0
7.1971,0.00014284,0
7.1976,0.00017607,0
7.1981,0.00017943,0
7.1986,0.000166,0
7.1991,0.00017305,0
7.1997,0.00020696,0
7.2002,0.0002412,0
7.2007,0.00024825,0
7.2012,0.0002125,0
7.2017,0.00014318,0
7.2023,6.7308e-05,0
7.2028,7.8889e-06,0
7.2033,-2.5681e-05,0
7.2038,-3.2395e-05,0
7.2043,-2.1988e-05,0
7.2048,-1.2589e-05,0
7.2054,-1.091e-05,0
7.2059,-1.2589e-05,0
7.2064,-1.8967e-05,0
7.2069,-2.9709e-05,0
7.2074,-3.1052e-05,0
7.208,-2.1149e-05,0
7.2085,-2.7024e-05,0
7.209,-6.5965e-05,0
7.2095,-0.00012404,0
7.21,-0.0001613,0
7.2106,-0.00015459,0
7.2111,-0.0001227,0
7.2116,-9.4331e-05,0
7.2121,-7.0161e-05,0
7.2126,-3.6255e-05,0
7.2132,1.4099e-05,0
7.2137,7.0161e-05,0
7.2142,0.00012119,0
7.2147,0.00017473,0
7.2152,0.00020562,0
7.2157,0.00015459,0
7.2163,2.7359e-05,0
7.2168,-8.4428e-05,0
7.2173,-0.00013042,0
7.2178,-0.00012589,0
7.2183,-9.836e-05,0
7.2189,-6.0761e-05,0
7.2194,-2.0981e-05,0
7.2199,4.8676e-06,0
7.2204,9.9031e-06,0
7.2209,1.1246e-05,0
7.2215,3.0716e-05,0
7.222,6.2608e-05,0
7.2225,6.8315e-05,0
7.223,3.0045e-05,0
7.2235,-1.9806e-05,0
7.2241,-4.8173e-05,0
7.2246,-5.9922e-05,0
7.2251,-7.1168e-05,0
7.2256,-7.5029e-05,0
7.2261,-6.9322e-05,0
7.2267,-6.2608e-05,0
7.2272,-4.0452e-05,0
7.2277,1.1917e-05,0
7.2282,7.8721e-05,0
7.2287,0.00012505,0
7.2293,0.00013495,0
7.2298,0.0001274,0
7.2303,0.00011179,0
7.2308,8.2078e-05,0
7.2313,4.6494e-05,0
7.2318,2.9038e-05,0
7.2324,3.7095e-05,0
7.2329,5.3208e-05,0
7.2334,4.9012e-05,0
7.2339,1.4939e-05,0
7.2344,-2.3667e-05,0
7.235,-4.1123e-05,0
7.2355,-3.0716e-05,0
7.236,-1.0071e-06,0
7.2365,3.1556e-05,0
7.237,5.5894e-05,0
7.2376,8.4428e-05,0
7.2381,0.00012689,0
7.2386,0.00016768,0
7.2391,0.00018917,0
7.2396,0.00018782,0
7.2402,0.00016097,0
7.2407,0.00012018,0
7.2412,7.8721e-05,0
7.2417,3.9277e-05,0
7.2422,3.6927e-06,0
7.2428,-2.2156e-05,0
7.2433,-3.8437e-05,0
7.2438,-5.2537e-05,0
7.2443,-7.9225e-05,0
7.2448,-0.00010457,0
7.2453,-0.00011565,0
7.2459,-0.00013243,0
7.2464,-0.00016231,0
7.2469,-0.00018497,0
7.2474,-0.00018128,0
7.2479,-0.00015056,0
7.2485,-0.00010793,0
7.249,-7.4022e-05,0
7.2495,-4.4312e-05,0
7.25,-4.5319e-06,0
7.2505,2.9709e-05,0
7.2511,4.2466e-05,0
7.2516,6.8986e-05,0
7.2521,0.00012387,0
7.2526,0.00015795,0
7.2531,0.00014536,0
7.2537,0.00011498,0
7.2542,9.9199e-05,0
7.2547,0.00011464,0
7.2552,0.00014519,0
7.2557,0.00016533,0
7.2562,0.00017372,0
7.2568,0.00016802,0
7.2573,0.00013378,0
7.2578,8.3253e-05,0
7.2583,4.8844e-05,0
7.2588,2.7359e-05,0
7.2594,9.5674e-06,0
7.2599,-9.7353e-06,0
7.2604,-2.0645e-05,0
7.2609,-1.2924e-05,0
7.2614,3.0213e-06,0
7.262,-1.5106e-06,0
7.2625,-3.2563e-05,0
7.263,-6.7979e-05,0
7.2635,-9.9199e-05,0
7.264,-9.7017e-05,0
7.2646,-4.3641e-05,0
7.2651,7.8889e-06,0
7.2656,2.0142e-05,0
7.2661,5.8747e-06,0
7.2666,-1.5106e-06,0
7.2672,1.561e-05,0
7.2677,4.6159e-05,0
7.2682,7.0161e-05,0
7.2687,7.9057e-05,0
7.2692,8.0064e-05,0
7.2698,7.6707e-05,0
7.2703,7.5029e-05,0
7.2708,9.0471e-05,0
7.2713,0.00011397,0
7.2718,0.00012488,0
7.2723,0.0001133,0
7.2729,7.8721e-05,0
7.2734,3.3738e-05,0
7.2739,-2.3499e-06,0
7.2744,-1.796e-05,0
7.2749,-2.182e-05,0
7.2755,-3.7263e-05,0
7.276,-7.5029e-05,0
7.2765,-0.00011632,0
7.277,-0.00013848,0
7.2775,-0.00012152,0
7.2781,-6.8818e-05,0
7.2786,-8.5603e-06,0
7.2791,3.9948e-05,0
7.2796,7.1336e-05,0
7.2801,8.4428e-05,0
7.2807,8.2078e-05,0
7.2812,8.4092e-05,0
7.2817,9.3156e-05,0
7.2822,7.5029e-05,0
7.2827,1.7624e-05,0
7.2832,-3.8437e-05,0
7.2838,-6.3951e-05,0
7.2843,-5.9754e-05,0
7.2848,-3.6423e-05,0
7.2853,-1.7624e-05,0
7.2858,-1.0575e-05,0
7.2864,-1.3428e-05,0
7.2869,-3.0213e-05,0
7.2874,-4.5991e-05,0
7.2879,-5.2705e-05,0
7.2884,-5.3376e-05,0
7.289,-3.5752e-05,0
7.2895,8.7282e-06,0
7.29,8.7449e-05,0
7.2905,0.00017977,0
7.291,0.00023465,0
7.2916,0.00022055,0
7.2921,0.000166,0
7.2926,0.00011666,0
7.2931,7.2343e-05,0
7.2936,3.2731e-05,0
7.2942,2.1317e-05,0
7.2947,3.508e-05,0
7.2952,2.6688e-05,0
7.2957,-2.6352e-05,0
7.2962,-8.1743e-05,0
7.2968,-0.00010037,0
7.2973,-9.2149e-05,0
7.2978,-7.8386e-05,0
7.2983,-6.865e-05,0
7.2988,-6.63e-05,0
7.2993,-7.2343e-05,0
7.2999,-7.7714e-05,0
7.3004,-6.8315e-05,0
7.3009,-4.5655e-05,0
7.3014,-1.7456e-05,0
7.3019,1.7624e-05,0
7.3025,5.8579e-05,0
7.303,8.7785e-05,0
7.3035,9.7185e-05,0
7.304,0.00010726,0
7.3045,0.00013008,0
7.3051,0.00014653,0
7.3056,0.00013143,0
7.3061,8.8121e-05,0
7.3066,3.8941e-05,0
7.3071,-1.1749e-06,0
7.3077,-2.9709e-05,0
7.3082,-5.0523e-05,0
7.3087,-5.8915e-05,0
7.3092,-5.3544e-05,0
7.3097,-5.4215e-05,0
7.3102,-6.2608e-05,0
7.3108,-5.4887e-05,0
7.3113,-2.5681e-05,0
7.3118,-5.0355e-07,0
7.3123,7.5532e-06,0
7.3128,1.2253e-05,0
7.3134,2.0813e-05,0
7.3139,1.091e-05,0
7.3144,-3.9277e-05,0
7.3149,-9.4163e-05,0
7.3154,-0.00011196,0
7.316,-8.2078e-05,0
7.3165,-2.8702e-05,0
7.317,7.3854e-06,0
7.3175,2.0645e-05,0
7.318,3.3234e-05,0
7.3186,6.5461e-05,0
7.3191,0.00010994,0
7.3196,0.00014385,0
7.3201,0.00015795,0
7.3206,0.00015425,0
7.3212,0.00014217,0
7.3217,0.00013109,0
7.3222,0.00011464,0
7.3227,8.7953e-05,0
7.3232,5.1026e-05,0
7.3238,-2.6856e-06,0
7.3243,-5.6901e-05,0
7.3248,-7.1504e-05,0
7.3253,-1.8631e-05,0
7.3258,7.6875e-05,0
7.3263,0.00014519,0
7.3269,0.00014334,0
7.3274,9.3828e-05,0
7.3279,4.5991e-05,0
7.3284,2.6017e-05,0
7.3289,2.3667e-05,0
7.3295,1.8967e-05,0
7.33,4.1962e-06,0
7.3305,-6.0426e-06,0
7.331,-6.2104e-06,0
7.3315,-1.091e-05,0
7.3321,-1.7624e-05,0
7.3326,-7.8889e-06,0
7.3331,1.326e-05,0
7.3336,2.2324e-05,0
7.3341,8.5603e-06,0
7.3347,-1.1246e-05,0
7.3352,-1.6281e-05,0
7.3357,-6.2104e-06,0
7.3362,7.2175e-06,0
7.3367,1.5274e-05,0
7.3373,3.1052e-05,0
7.3378,6.4622e-05,0
7.3383,9.2485e-05,0
7.3388,9.1814e-05,0
7.3393,7.7043e-05,0
7.3398,6.0929e-05,0
7.3404,4.4984e-05,0
7.3409,2.6688e-05,0
7.3414,-8.896e-06,0
7.3419,-8.9967e-05,0
7.3424,-0.00018866,0
7.343,-0.00023935,0
7.3435,-0.00023314,0
7.344,-0.00020293,0
7.3445,-0.00016617,0
7.345,-0.00012454,0
7.3456,-8.7282e-05,0
7.3461,-4.8173e-05,0
7.3466,1.796e-05,0
7.3471,0.00011061,0
7.3476,0.00020058,0
7.3482,0.00024808,0
7.3487,0.00024489,0
7.3492,0.00022358,0
7.3497,0.00020192,0
7.3502,0.00017507,0
7.3507,0.00013747,0
7.3513,9.6513e-05,0
7.3518,6.1265e-05,0
7.3523,2.9709e-05,0
7.3528,-2.8534e-06,0
7.3533,-4.1794e-05,0
7.3539,-8.6275e-05,0
7.3544,-0.0001227,0
7.3549,-0.00013344,0
7.3554,-0.00011128,0
7.3559,-5.6565e-05,0
7.3565,2.6352e-05,0
7.357,0.00012874,0
7.3575,0.00021535,0
7.358,0.00025597,0
7.3585,0.00024204,0
7.3591,0.00019286,0
7.3596,0.00012303,0
7.3601,4.8676e-05,0
7.3606,-3.357e-06,0
7.3611,-2.8031e-05,0
7.3617,-3.5752e-05,0
7.3622,-3.3066e-05,0
7.3627,-3.9948e-05,0
7.3632,-7.6371e-05,0
7.3637,-0.00011968,0
7.3643,-0.00013193,0
7.3648,-0.00011128,0
7.3653,-8.4764e-05,0
7.3658,-6.6133e-05,0
7.3663,-4.8508e-05,0
7.3668,-2.4674e-05,0
7.3674,-3.5248e-06,0
7.3679,9.9031e-06,0
7.3684,1.5106e-05,0
7.3689,-8.3925e-07,0
7.3694,-1.9638e-05,0
7.37,-5.0355e-07,0
7.3705,5.153e-05,0
7.371,0.00010121,0
7.3715,0.00012253,0
7.372,0.00011263,0
7.3726,8.1071e-05,0
7.3731,5.3208e-05,0
7.3736,6.3447e-05,0
7.3741,0.00012337,0
7.3746,0.00020595,0
7.3752,0.00025295,0
7.3757,0.00022794,0
7.3762,0.0001613,0
7.3767,0.0001086,0
7.3772,8.5603e-05,0
7.3777,6.4286e-05,0
7.3783,1.9135e-05,0
7.3788,-5.0858e-05,0
7.3793,-0.00013327,0
7.3798,-0.00020175,0
7.3803,-0.0002459,0
7.3809,-0.00028367,0
7.3814,-0.00029474,0
7.3819,-0.00026252,0
7.3824,-0.00020545,0
7.3829,-0.0001185,0
7.3835,6.8818e-06,0
7.384,0.00014015,0
7.3845,0.00024422,0
7.385,0.00030968,0
7.3855,0.00033738,0
7.3861,0.00031405,0
7.3866,0.00024154,0
7.3871,0.00014653,0
7.3876,7.1336e-05,0
7.3881,3.6088e-05,0
7.3887,1.796e-05,0
7.3892,-6.8818e-06,0
7.3897,-3.4073e-05,0
7.3902,-4.683e-05,0
7.3907,-3.827e-05,0
7.3913,-1.4603e-05,0
7.3918,-1.0239e-05,0
7.3923,-5.0019e-05,0
7.3928,-0.00012219,0
7.3933,-0.00018614,0
7.3938,-0.0002172,0
7.3944,-0.00023449,0
7.3949,-0.00026168,0
7.3954,-0.00027695,0
7.3959,-0.00025849,0
7.3964,-0.00020981,0
7.397,-0.00013176,0
7.3975,-1.9471e-05,0
7.398,0.00010306,0
7.3985,0.00020226,0
7.399,0.00027578,0
7.3996,0.00032143,0
7.4001,0.0003362,0
7.4006,0.00032848,0
7.4011,0.0003033,0
7.4016,0.00025631,0
7.4022,0.00019554,0
7.4027,0.00013378,0
7.4032,8.04e-05,0
7.4037,4.3977e-05,0
7.4042,2.0645e-05,0
7.4047,1.6785e-07,0
7.4053,-2.1988e-05,0
7.4058,-4.5487e-05,0
7.4063,-5.8076e-05,0
7.4068,-5.0523e-05,0
7.4073,-3.0381e-05,0
7.4079,-1.2589e-05,0
7.4084,-7.8889e-06,0
7.4089,-1.2253e-05,0
7.4094,-2.0981e-05,0
7.4099,-3.3738e-05,0
7.4105,-4.0955e-05,0
7.411,-3.6759e-05,0
7.4115,-3.0549e-05,0
7.412,-2.7192e-05,0
7.4125,-2.0645e-05,0
7.4131,-5.8747e-06,0
7.4136,9.2317e-06,0
7.4141,1.9135e-05,0
7.4146,3.1388e-05,0
7.4151,4.7837e-05,0
7.4157,5.9754e-05,0
7.4162,6.2104e-05,0
7.4167,5.5894e-05,0
7.4172,4.6662e-05,0
7.4177,3.7095e-05,0
7.4182,2.3667e-05,0
7.4188,2.8534e-06,0
7.4193,-2.4674e-05,0
7.4198,-6.7308e-05,0
7.4203,-0.00012589,0
7.4208,-0.00016349,0
7.4214,-0.00015996,0
7.4219,-0.00012471,0
7.4224,-7.805e-05,0
7.4229,-3.5752e-05,0
7.4234,-3.357e-07,0
7.424,3.2563e-05,0
7.4245,6.1433e-05,0
7.425,8.3421e-05,0
7.4255,9.3828e-05,0
7.426,8.5603e-05,0
7.4266,6.1601e-05,0
7.4271,2.266e-05,0
7.4276,-2.8199e-05,0
7.4281,-6.5965e-05,0
7.4286,-6.5293e-05,0
7.4292,-2.8031e-05,0
7.4297,2.8702e-05,0
7.4302,9.1142e-05,0
7.4307,0.00015073,0
7.4312,0.00019017,0
7.4318,0.00020864,0
7.4323,0.00020931,0
7.4328,0.00019034,0
7.4333,0.00016265,0
7.4338,0.0001368,0
7.4343,0.00010658,0
7.4349,6.6972e-05,0
7.4354,3.1388e-05,0
7.4359,0,0
7.4364,-3.7263e-05,0
7.4369,-7.4189e-05,0
7.4375,-0.00010121,0
7.438,-0.00011733,0
7.4385,-0.00011833,0
7.439,-0.00010172,0
7.4395,-8.0064e-05,0
7.4401,-7.2679e-05,0
7.4406,-9.0135e-05,0
7.4411,-0.00010994,0
7.4416,-8.7449e-05,0
7.4421,-2.3331e-05,0
7.4427,3.3234e-05,0
7.4432,6.0929e-05,0
7.4437,7.6371e-05,0
7.4442,8.5771e-05,0
7.4447,9.5674e-05,0
7.4452,0.00011867,0
7.4458,0.00016483,0
7.4463,0.00022777,0
7.4468,0.00027041,0
7.4473,0.00025144,0
7.4478,0.00017154,0
7.4484,8.51e-05,0
7.4489,3.0716e-05,0
7.4494,7.0497e-06,0
7.4499,-2.182e-06,0
7.4504,-2.6856e-06,0
7.451,1.3428e-06,0
7.4515,7.8889e-06,0
7.452,1.5778e-05,0
7.4525,3.0045e-05,0
7.453,3.9445e-05,0
7.4536,2.501e-05,0
7.4541,-1.5106e-05,0
7.4546,-5.6901e-05,0
7.4551,-7.8218e-05,0
7.4556,-8.2078e-05,0
7.4562,-7.3518e-05,0
7.4567,-5.774e-05,0
7.4572,-5.1865e-05,0
7.4577,-5.5558e-05,0
7.4582,-4.7669e-05,0
7.4588,-2.031e-05,0
7.4593,1.7624e-05,0
7.4598,5.5055e-05,0
7.4603,7.57e-05,0
7.4608,6.9657e-05,0
7.4613,4.2466e-05,0
7.4619,1.3092e-05,0
7.4624,-3.0213e-06,0
7.4629,-3.5248e-06,0
7.4634,7.8889e-06,0
7.4639,1.8631e-05,0
7.4645,1.8463e-05,0
7.465,1.1582e-05,0
7.4655,4.5319e-06,0
7.466,-5.0355e-07,0
7.4665,-3.357e-06,0
7.4671,-4.6998e-06,0
7.4676,-1.1749e-06,0
7.4681,3.8605e-06,0
7.4686,-1.0071e-06,0
7.4691,-1.326e-05,0
7.4697,-2.1653e-05,0
7.4702,-1.7792e-05,0
7.4707,-3.0213e-06,0
7.4712,8.896e-06,0
7.4717,7.7211e-06,0
7.4722,1.0239e-05,0
7.4728,3.6591e-05,0
7.4733,6.6636e-05,0
7.4738,7.2343e-05,0
7.4743,5.2537e-05,0
7.4748,2.3667e-05,0
7.4754,-3.357e-07,0
7.4759,-9.7353e-06,0
7.4764,-3.8605e-06,0
7.4769,1.1246e-05,0
7.4774,2.6688e-05,0
7.478,3.4241e-05,0
7.4785,3.2563e-05,0
7.479,2.2995e-05,0
7.4795,1.0575e-05,0
7.48,3.1891e-06,0
7.4806,-3.357e-07,0
7.4811,-3.5248e-06,0
7.4816,-5.539e-06,0
7.4821,1.1749e-06,0
7.4826,2.501e-05,0
7.4832,5.9419e-05,0
7.4837,8.4428e-05,0
7.4842,8.5771e-05,0
7.4847,6.9657e-05,0
7.4852,5.4551e-05,0
7.4858,4.7501e-05,0
7.4863,3.5248e-05,0
7.4868,3.8605e-06,0
7.4873,-3.3234e-05,0
7.4878,-4.1123e-05,0
7.4883,-1.091e-05,0
7.4889,2.9374e-05,0
7.4894,4.6159e-05,0
7.4899,3.6423e-05,0
7.4904,1.4771e-05,0
7.4909,-6.2104e-06,0
7.4915,-1.2924e-05,0
7.492,1.5106e-06,0
7.4925,2.501e-05,0
7.493,4.2298e-05,0
7.4935,4.6159e-05,0
7.4941,3.1556e-05,0
7.4946,5.0355e-06,0
7.4951,-1.6953e-05,0
7.4956,-2.7024e-05,0
7.4961,-3.4409e-05,0
7.4967,-6.1265e-05,0
7.4972,-0.00010877,0
7.4977,-0.00013361,0
7.4982,-0.00012169,0
7.4987,-9.8527e-05,0
7.4992,-8.4092e-05,0
7.4998,-8.0232e-05,0
7.5003,-7.2511e-05,0
7.5008,-4.7501e-05,0
7.5013,-1.1582e-05,0
7.5018,2.6688e-05,0
7.5024,6.4622e-05,0
7.5029,0.00010709,0
7.5034,0.00015106,0
7.5039,0.00017624,0
7.5044,0.00018346,0
7.505,0.00018967,0
7.5055,0.00020092,0
7.506,0.00021636,0
7.5065,0.00023616,0
7.507,0.00024623,0
7.5076,0.00022844,0
7.5081,0.00018866,0
7.5086,0.00014687,0
7.5091,0.00010893,0
7.5096,7.6539e-05,0
7.5102,4.9516e-05,0
7.5107,1.4603e-05,0
7.5112,-2.6352e-05,0
7.5117,-5.539e-05,0
7.5122,-6.4958e-05,0
7.5127,-6.7308e-05,0
7.5133,-6.9322e-05,0
7.5138,-6.6468e-05,0
7.5143,-5.6565e-05,0
7.5148,-3.9445e-05,0
7.5153,-1.7288e-05,0
7.5159,1.3092e-05,0
7.5164,4.8173e-05,0
7.5169,7.4022e-05,0
7.5174,8.275e-05,0
7.5179,7.3686e-05,0
7.5185,5.5894e-05,0
7.519,4.0787e-05,0
7.5195,2.1988e-05,0
7.52,-5.8747e-06,0
7.5205,-3.508e-05,0
7.5211,-7.4357e-05,0
7.5216,-0.00012387,0
7.5221,-0.00015023,0
7.5226,-0.0001373,0
7.5231,-9.8863e-05,0
7.5237,-5.7572e-05,0
7.5242,-2.0645e-05,0
7.5247,4.3641e-06,0
7.5252,4.1962e-06,0
7.5257,-1.6281e-05,0
7.5263,-3.6591e-05,0
7.5268,-4.5823e-05,0
7.5273,-4.8844e-05,0
7.5278,-5.6565e-05,0
7.5283,-7.805e-05,0
7.5288,-0.00012253,0
7.5294,-0.00018749,0
7.5299,-0.00021753,0
7.5304,-0.00018379,0
7.5309,-0.00012622,0
7.5314,-8.1071e-05,0
7.532,-4.0787e-05,0
7.5325,1.9806e-05,0
7.533,9.6345e-05,0
7.5335,0.0001791,0
7.534,0.00028014,0
7.5346,0.000402,0
7.5351,0.00051345,0
7.5356,0.00054887,0
7.5361,0.0004819,0
7.5366,0.00036826,0
7.5372,0.00024741,0
7.5377,0.00013663,0
7.5382,6.4286e-05,0
7.5387,3.8102e-05,0
7.5392,3.6759e-05,0
7.5397,3.2059e-05,0
7.5403,6.5461e-06,0
7.5408,-4.3137e-05,0
7.5413,-9.2653e-05,0
7.5418,-0.00011598,0
7.5423,-0.00011296,0
7.5429,-0.00011817,0
7.5434,-0.00013881,0
7.5439,-0.00014905,0
7.5444,-0.0001326,0
7.5449,-0.00011514,0
7.5455,-0.00011414,0
7.546,-0.00012001,0
7.5465,-0.00013042,0
7.547,-0.00013361,0
7.5475,-0.00010105,0
7.5481,-2.6184e-05,0
7.5486,4.7501e-05,0
7.5491,7.6371e-05,0
7.5496,5.8915e-05,0
7.5501,2.3163e-05,0
7.5507,1.1749e-06,0
7.5512,4.8676e-06,0
7.5517,2.3835e-05,0
7.5522,4.9012e-05,0
7.5527,8.0903e-05,0
7.5533,0.00010994,0
7.5538,0.00012605,0
7.5543,0.0001279,0
7.5548,0.000118,0
7.5553,9.3828e-05,0
7.5558,6.5629e-05,0
7.5564,4.0452e-05,0
7.5569,1.1917e-05,0
7.5574,-2.5345e-05,0
7.5579,-6.8986e-05,0
7.5584,-0.00011162,0
7.559,-0.00012673,0
7.5595,-8.7617e-05,0
7.56,-2.5345e-05,0
7.5605,2.1149e-05,0
7.561,4.4816e-05,0
7.5616,4.8005e-05,0
7.5621,3.9109e-05,0
7.5626,2.4674e-05,0
7.5631,2.5177e-06,0
7.5636,-3.8102e-05,0
7.5642,-7.1e-05,0
7.5647,-6.244e-05,0
7.5652,-2.9709e-05,0
7.5657,-6.3783e-06,0
7.5662,1.4603e-05,0
7.5667,5.7237e-05,0
7.5673,0.0001091,0
7.5678,0.00015174,0
7.5683,0.00018514,0
7.5688,0.000213,0
7.5693,0.00022055,0
7.5699,0.000189,0
7.5704,0.00012505,0
7.5709,5.5558e-05,0
7.5714,3.357e-06,0
7.5719,-3.5416e-05,0
7.5725,-8.896e-05,0
7.573,-0.00013713,0
7.5735,-0.00014687,0
7.574,-0.00011968,0
7.5745,-7.5364e-05,0
7.5751,-2.9877e-05,0
7.5756,7.3854e-06,0
7.5761,3.4073e-05,0
7.5766,5.304e-05,0
7.5771,7.1e-05,0
7.5777,9.0806e-05,0
7.5782,0.00011061,0
7.5787,0.00011162,0
7.5792,7.9057e-05,0
7.5797,4.2802e-05,0
7.5803,2.8367e-05,0
7.5808,2.0981e-05,0
7.5813,2.5177e-06,0
7.5818,-1.9638e-05,0
7.5823,-3.3234e-05,0
7.5828,-3.1388e-05,0
7.5834,-1.2589e-05,0
7.5839,5.2033e-06,0
7.5844,7.8889e-06,0
7.5849,-8.0568e-06,0
7.5854,-3.9612e-05,0
7.586,-7.805e-05,0
7.5865,-0.00010994,0
7.587,-0.00012303,0
7.5875,-0.00011263,0
7.588,-8.4092e-05,0
7.5886,-5.3208e-05,0
7.5891,-4.1459e-05,0
7.5896,-4.6326e-05,0
7.5901,-4.9683e-05,0
7.5906,-3.4577e-05,0
7.5912,2.3499e-06,0
7.5917,5.0858e-05,0
7.5922,9.5506e-05,0
7.5927,0.00012605,0
7.5932,0.00013898,0
7.5938,0.00013915,0
7.5943,0.00013747,0
7.5948,0.00013982,0
7.5953,0.00013881,0
7.5958,0.00012203,0
7.5963,8.7785e-05,0
7.5969,4.7501e-05,0
7.5974,1.7288e-05,0
7.5979,-2.3499e-06,0
7.5984,-1.8296e-05,0
7.5989,-2.7863e-05,0
7.5995,-2.8367e-05,0
7.6,-2.0142e-05,0
7.6005,-3.0213e-06,0
7.601,2.5681e-05,0
7.6015,5.8915e-05,0
7.6021,8.2582e-05,0
7.6026,9.8527e-05,0
7.6031,0.00010155,0
7.6036,7.335e-05,0
7.6041,1.3092e-05,0
7.6047,-6.6972e-05,0
7.6052,-0.00014183,0
7.6057,-0.00017003,0
7.6062,-0.00013999,0
7.6067,-8.5435e-05,0
7.6072,-4.5991e-05,0
7.6078,-4.1459e-05,0
7.6083,-4.1962e-05,0
7.6088,-6.714e-07,0
7.6093,9.4499e-05,0
7.6098,0.00020931,0
7.6104,0.00028753,0
7.6109,0.00029659,0
7.6114,0.00024724,0
7.6119,0.00017742,0
7.6124,0.00011464,0
7.613,6.7979e-05,0
7.6135,3.0884e-05,0
7.614,1.6785e-06,0
7.6145,-2.1149e-05,0
7.615,-3.4241e-05,0
7.6156,-3.4241e-05,0
7.6161,-3.1388e-05,0
7.6166,-3.2395e-05,0
7.6171,-3.2395e-05,0
7.6176,-3.4577e-05,0
7.6182,-3.2395e-05,0
7.6187,-6.8818e-06,0
7.6192,2.2492e-05,0
7.6197,3.0549e-05,0
7.6202,1.3092e-05,0
7.6208,-1.3428e-05,0
7.6213,-2.5681e-05,0
7.6218,-1.5778e-05,0
7.6223,8.896e-06,0
7.6228,3.1724e-05,0
7.6233,4.1291e-05,0
7.6239,3.3738e-05,0
7.6244,5.539e-06,0
7.6249,-2.8031e-05,0
7.6254,-4.1794e-05,0
7.6259,-2.5849e-05,0
7.6265,1.091e-05,0
7.627,4.7333e-05,0
7.6275,6.009e-05,0
7.628,4.1962e-05,0
7.6285,1.3931e-05,0
7.6291,-2.8534e-06,0
7.6296,-6.2104e-06,0
7.6301,-4.1962e-06,0
7.6306,5.0355e-07,0
7.6311,7.2175e-06,0
7.6317,1.4939e-05,0
7.6322,1.9974e-05,0
7.6327,1.8128e-05,0
7.6332,8.7282e-06,0
7.6337,-2.7024e-05,0
7.6342,-7.2679e-05,0
7.6348,-9.2485e-05,0
7.6353,-8.2414e-05,0
7.6358,-6.5797e-05,0
7.6363,-7.8386e-05,0
7.6368,-0.00010843,0
7.6374,-0.00010994,0
7.6379,-7.3518e-05,0
7.6384,-2.7359e-05,0
7.6389,1.2589e-05,0
7.6394,4.8676e-05,0
7.64,7.7379e-05,0
7.6405,9.1814e-05,0
7.641,8.5435e-05,0
7.6415,8.1743e-05,0
7.642,0.00010793,0
7.6426,0.0001415,0
7.6431,0.0001462,0
7.6436,0.00013143,0
7.6441,0.00011666,0
7.6446,0.00010289,0
7.6452,9.1814e-05,0
7.6457,8.4428e-05,0
7.6462,8.4932e-05,0
7.6467,0.00010323,0
7.6472,0.00014586,0
7.6478,0.00018363,0
7.6483,0.00018682,0
7.6488,0.00016567,0
7.6493,0.00014553,0
7.6498,0.00012052,0
7.6503,7.2175e-05,0
7.6509,2.1653e-05,0
7.6514,-2.3499e-06,0
7.6519,-9.2317e-06,0
7.6524,-2.2492e-05,0
7.6529,-5.8412e-05,0
7.6535,-0.00010121,0
7.654,-0.00012001,0
7.6545,-9.6849e-05,0
7.655,-5.1865e-05,0
7.6555,-1.8967e-05,0
7.6561,-1.6785e-06,0
7.6566,1.8296e-05,0
7.6571,2.9374e-05,0
7.6576,1.2589e-05,0
7.6581,-1.8967e-05,0
7.6587,-4.2298e-05,0
7.6592,-5.0187e-05,0
7.6597,-4.8676e-05,0
7.6602,-4.1459e-05,0
7.6607,-2.2156e-05,0
7.6612,1.6953e-05,0
7.6618,6.1265e-05,0
7.6623,8.4932e-05,0
7.6628,7.4357e-05,0
7.6633,4.0787e-05,0
7.6638,5.8747e-06,0
7.6644,-1.8463e-05,0
7.6649,-3.4409e-05,0
7.6654,-4.6494e-05,0
7.6659,-4.8508e-05,0
7.6664,-3.508e-05,0
7.667,-1.8128e-05,0
7.6675,-9.5674e-06,0
7.668,-8.3925e-07,0
7.6685,1.5274e-05,0
7.669,3.3234e-05,0
7.6696,4.2802e-05,0
7.6701,4.5319e-05,0
7.6706,4.1794e-05,0
7.6711,3.2563e-05,0
7.6716,2.0645e-05,0
7.6722,7.5532e-06,0
7.6727,1.6785e-07,0
7.6732,0,0
7.6737,2.182e-06,0
7.6742,1.8463e-06,0
7.6748,-1.6785e-07,0
7.6753,-3.357e-07,0
7.6758,1.8463e-06,0
7.6763,3.6927e-06,0
7.6768,3.357e-07,0
7.6773,-9.0639e-06,0
7.6779,-2.4338e-05,0
7.6784,-3.7598e-05,0
7.6789,-4.5991e-05,0
7.6794,-5.7908e-05,0
7.6799,-8.5267e-05,0
7.6805,-0.00012673,0
7.681,-0.00018111,0
7.6815,-0.00025328,0
7.682,-0.00030465,0
7.6825,-0.00028417,0
7.6831,-0.00020159,0
7.6836,-0.00011179,0
7.6841,-4.5823e-05,0
7.6846,2.652e-05,0
7.6851,0.00013764,0
7.6857,0.00026957,0
7.6862,0.00039059,0
7.6867,0.00049197,0
7.6872,0.00056649,0
7.6877,0.00059066,0
7.6883,0.00053661,0
7.6888,0.00041442,0
7.6893,0.0002845,0
7.6898,0.00019521,0
7.6903,0.00014049,0
7.6908,9.6178e-05,0
7.6914,5.4047e-05,0
7.6919,1.8296e-05,0
7.6924,-1.4603e-05,0
7.6929,-6.0761e-05,0
7.6934,-9.836e-05,0
7.694,-9.6849e-05,0
7.6945,-8.04e-05,0
7.695,-8.0232e-05,0
7.6955,-9.1142e-05,0
7.696,-0.00010272,0
7.6966,-0.00010625,0
7.6971,-8.8792e-05,0
7.6976,-4.8676e-05,0
7.6981,-2.5177e-06,0
7.6986,2.9709e-05,0
7.6992,3.9109e-05,0
7.6997,3.978e-05,0
7.7002,3.8102e-05,0
7.7007,2.6017e-05,0
7.7012,-7.3854e-06,0
7.7017,-6.009e-05,0
7.7023,-0.00011028,0
7.7028,-0.00013814,0
7.7033,-0.00013764,0
7.7038,-0.00011917,0
7.7043,-9.3828e-05,0
7.7049,-6.3783e-05,0
7.7054,-3.5416e-05,0
7.7059,-1.4603e-05,0
7.7064,3.5248e-06,0
7.7069,3.0045e-05,0
7.7075,5.6062e-05,0
7.708,5.6565e-05,0
7.7085,3.0716e-05,0
7.709,-4.8676e-06,0
7.7095,-3.4409e-05,0
7.7101,-4.6998e-05,0
7.7106,-3.7766e-05,0
7.7111,-1.7624e-05,0
7.7116,-6.714e-07,0
7.7121,1.0071e-05,0
7.7127,1.5946e-05,0
7.7132,1.8631e-05,0
7.7137,1.0575e-05,0
7.7142,-3.1724e-05,0
7.7147,-8.5939e-05,0
7.7153,-0.00010558,0
7.7158,-7.6036e-05,0
7.7163,-3.6423e-05,0
7.7168,-3.508e-05,0
7.7173,-5.0523e-05,0
7.7178,-4.448e-05,0
7.7184,-8.2246e-06,0
7.7189,4.4144e-05,0
7.7194,9.8695e-05,0
7.7199,0.00014351,0
7.7204,0.00016231,0
7.721,0.00015358,0
7.7215,0.00013579,0
7.722,0.00012572,0
7.7225,0.00012605,0
7.723,0.00011531,0
7.7236,8.3757e-05,0
7.7241,5.2033e-05,0
7.7246,3.8102e-05,0
7.7251,3.8102e-05,0
7.7256,3.9948e-05,0
7.7262,4.0787e-05,0
7.7267,4.4144e-05,0
7.7272,4.918e-05,0
7.7277,5.1194e-05,0
7.7282,4.5487e-05,0
7.7287,2.4506e-05,0
7.7293,-1.8967e-05,0
7.7298,-6.7643e-05,0
7.7303,-9.5506e-05,0
7.7308,-9.9367e-05,0
7.7313,-9.3324e-05,0
7.7319,-8.896e-05,0
7.7324,-8.3421e-05,0
7.7329,-6.3951e-05,0
7.7334,-2.3835e-05,0
7.7339,3.5416e-05,0
7.7345,0.00010591,0
7.735,0.00015946,0
7.7355,0.00017675,0
7.736,0.00016365,0
7.7365,0.00012169,0
7.7371,5.774e-05,0
7.7376,-1.3092e-05,0
7.7381,-6.9322e-05,0
7.7386,-8.7953e-05,0
7.7391,-7.3686e-05,0
7.7397,-4.7837e-05,0
7.7402,-1.4939e-05,0
7.7407,4.1459e-05,0
7.7412,0.0001321,0
7.7417,0.00023415,0
7.7423,0.00029508,0
7.7428,0.00029659,0
7.7433,0.00027292,0
7.7438,0.00025631,0
7.7443,0.00023381,0
7.7448,0.00017507,0
7.7454,9.2821e-05,0
7.7459,2.4002e-05,0
7.7464,-1.8128e-05,0
7.7469,-4.3641e-05,0
7.7474,-6.244e-05,0
7.748,-7.5364e-05,0
7.7485,-8.2918e-05,0
7.749,-8.7114e-05,0
7.7495,-9.3492e-05,0
7.75,-0.00011296,0
7.7506,-0.00013646,0
7.7511,-0.00013864,0
7.7516,-0.00011531,0
7.7521,-9.3156e-05,0
7.7526,-8.1071e-05,0
7.7532,-6.4958e-05,0
7.7537,-4.3473e-05,0
7.7542,-2.1485e-05,0
7.7547,4.6998e-06,0
7.7552,3.8437e-05,0
7.7557,7.4189e-05,0
7.7563,9.7688e-05,0
7.7568,0.00010289,0
7.7573,8.8792e-05,0
7.7578,5.6565e-05,0
7.7583,1.1917e-05,0
7.7589,-3.1052e-05,0
7.7594,-5.9922e-05,0
7.7599,-6.8818e-05,0
7.7604,-6.0594e-05,0
7.7609,-3.7766e-05,0
7.7615,-5.7069e-06,0
7.762,2.4674e-05,0
7.7625,4.6159e-05,0
7.763,5.7572e-05,0
7.7635,6.4286e-05,0
7.7641,7.0832e-05,0
7.7646,6.714e-05,0
7.7651,5.1194e-05,0
7.7656,3.0549e-05,0
7.7661,7.0497e-06,0
7.7667,-1.8128e-05,0
7.7672,-3.7095e-05,0
7.7677,-5.1194e-05,0
7.7682,-7.6539e-05,0
7.7687,-0.00011296,0
7.7693,-0.00013545,0
7.7698,-0.00015442,0
7.7703,-0.00017893,0
7.7708,-0.0001707,0
7.7713,-0.00010759,0
7.7718,-2.4338e-05,0
7.7724,4.5151e-05,0
7.7729,9.5171e-05,0
7.7734,0.00013948,0
7.7739,0.00019655,0
7.7744,0.00026503,0
7.775,0.00031656,0
7.7755,0.00031304,0
7.776,0.00024154,0
7.7765,0.00012975,0
7.777,3.743e-05,0
7.7776,-1.7121e-05,0
7.7781,-4.0116e-05,0
7.7786,-2.8367e-05,0
7.7791,1.6785e-06,0
7.7796,2.6856e-05,0
7.7802,3.743e-05,0
7.7807,4.1123e-05,0
7.7812,4.7837e-05,0
7.7817,6.0594e-05,0
7.7822,7.5532e-05,0
7.7828,7.3686e-05,0
7.7833,5.5894e-05,0
7.7838,3.743e-05,0
7.7843,2.3331e-05,0
7.7848,1.0239e-05,0
7.7853,1.1917e-05,0
7.7859,2.6352e-05,0
7.7864,3.2059e-05,0
7.7869,2.4674e-05,0
7.7874,8.896e-06,0
7.7879,-1.9303e-05,0
7.7885,-8.3757e-05,0
7.789,-0.00014821,0
7.7895,-0.0001566,0
7.79,-0.00011095,0
7.7905,-4.2969e-05,0
7.7911,1.1917e-05,0
7.7916,2.0981e-05,0
7.7921,-6.2104e-06,0
7.7926,-3.1724e-05,0
7.7931,-2.501e-05,0
7.7937,1.9303e-05,0
7.7942,7.7043e-05,0
7.7947,0.00011246,0
7.7952,0.00010054,0
7.7957,6.1265e-05,0
7.7962,1.8631e-05,0
7.7968,-1.3596e-05,0
7.7973,-1.3596e-05,0
7.7978,1.0407e-05,0
7.7983,2.6688e-05,0
7.7988,2.3331e-05,0
7.7994,1.2421e-05,0
7.7999,8.896e-06,0
7.8004,1.1582e-05,0
7.8009,1.1582e-05,0
7.8014,1.7792e-05,0
7.802,4.1123e-05,0
7.8025,6.2943e-05,0
7.803,6.4118e-05,0
7.8035,4.7501e-05,0
7.804,2.7695e-05,0
7.8046,1.6617e-05,0
7.8051,1.1246e-05,0
7.8056,5.2033e-06,0
7.8061,7.8889e-06,0
7.8066,4.1459e-05,0
7.8072,8.4428e-05,0
7.8077,9.1814e-05,0
7.8082,5.4047e-05,0
7.8087,3.357e-06,0
7.8092,-2.501e-05,0
7.8098,-1.7456e-05,0
7.8103,1.4603e-05,0
7.8108,5.4551e-05,0
7.8113,7.7043e-05,0
7.8118,6.9825e-05,0
7.8123,5.1362e-05,0
7.8129,3.6088e-05,0
7.8134,2.8199e-05,0
7.8139,4.0787e-05,0
7.8144,6.7643e-05,0
7.8149,7.6371e-05,0
7.8155,5.8076e-05,0
7.816,2.4338e-05,0
7.8165,-2.8031e-05,0
7.817,-9.2485e-05,0
7.8175,-0.00013931,0
7.8181,-0.00015543,0
7.8186,-0.00014838,0
7.8191,-0.00013344,0
7.8196,-0.0001227,0
7.8201,-0.00010524,0
7.8207,-5.2033e-05,0
7.8212,3.4073e-05,0
7.8217,0.00012337,0
7.8222,0.00018866,0
7.8227,0.00020897,0
7.8232,0.00019387,0
7.8238,0.00016365,0
7.8243,0.00013008,0
7.8248,9.6513e-05,0
7.8253,6.7979e-05,0
7.8258,3.743e-05,0
7.8264,-4.0284e-06,0
7.8269,-5.9251e-05,0
7.8274,-0.00010994,0
7.8279,-0.00012757,0
7.8284,-0.00011162,0
7.829,-8.7617e-05,0
7.8295,-6.7811e-05,0
7.83,-4.3137e-05,0
7.8305,-1.0239e-05,0
7.831,2.4506e-05,0
7.8316,5.7237e-05,0
7.8321,8.9799e-05,0
7.8326,0.00012035,0
7.8331,0.00013915,0
7.8336,0.00013797,0
7.8342,0.00012001,0
7.8347,9.2317e-05,0
7.8352,6.4958e-05,0
7.8357,4.4648e-05,0
7.8362,3.0381e-05,0
7.8368,1.8463e-05,0
7.8373,6.5461e-06,0
7.8378,-3.1891e-06,0
7.8383,-6.3783e-06,0
7.8388,4.3641e-06,0
7.8393,1.9135e-05,0
7.8399,2.0142e-06,0
7.8404,-6.6133e-05,0
7.8409,-0.00015207,0
7.8414,-0.00021048,0
7.8419,-0.00022693,0
7.8425,-0.00021334,0
7.843,-0.00018262,0
7.8435,-0.00013881,0
7.844,-8.7449e-05,0
7.8445,-3.5752e-05,0
7.8451,2.4002e-05,0
7.8456,0.0001284,0
7.8461,0.00027175,0
7.8466,0.00034829,0
7.8471,0.00027779,0
7.8477,0.00013008,0
7.8482,1.5106e-05,0
7.8487,-2.7695e-05,0
7.8492,-1.796e-05,0
7.8497,1.2421e-05,0
7.8502,4.3473e-05,0
7.8508,7.1336e-05,0
7.8513,9.6178e-05,0
7.8518,0.00011095,0
7.8523,0.00013008,0
7.8528,0.00018245,0
7.8534,0.00024154,0
7.8539,0.00025161,0
7.8544,0.00020595,0
7.8549,0.00014217,0
7.8554,9.0303e-05,0
7.856,5.4215e-05,0
7.8565,2.6017e-05,0
7.857,-8.3925e-07,0
7.8575,-2.3331e-05,0
7.858,-3.3066e-05,0
7.8586,-3.4409e-05,0
7.8591,-4.1459e-05,0
7.8596,-6.0929e-05,0
7.8601,-8.2414e-05,0
7.8606,-9.5842e-05,0
7.8612,-0.00010457,0
7.8617,-0.0001185,0
7.8622,-0.00013008,0
7.8627,-0.00013915,0
7.8632,-0.00015644,0
7.8637,-0.00015392,0
7.8643,-0.00010793,0
7.8648,-3.3066e-05,0
7.8653,5.0523e-05,0
7.8658,0.00012438,0
7.8663,0.00016902,0
7.8669,0.00017356,0
7.8674,0.00014217,0
7.8679,9.7353e-05,0
7.8684,6.8315e-05,0
7.8689,6.7643e-05,0
7.8695,6.7979e-05,0
7.87,4.1627e-05,0
7.8705,-1.5106e-06,0
7.871,-2.9038e-05,0
7.8715,-2.501e-05,0
7.8721,-5.0355e-07,0
7.8726,2.1988e-05,0
7.8731,2.9709e-05,0
7.8736,2.9206e-05,0
7.8741,2.9374e-05,0
7.8747,3.2731e-05,0
7.8752,3.6423e-05,0
7.8757,3.8102e-05,0
7.8762,3.122e-05,0
7.8767,1.9471e-05,0
7.8773,1.3092e-05,0
7.8778,9.3996e-06,0
7.8783,6.5461e-06,0
7.8788,6.8818e-06,0
7.8793,3.6927e-06,0
7.8798,-3.8605e-06,0
7.8804,-6.2104e-06,0
7.8809,-1.1749e-06,0
7.8814,-1.8463e-06,0
7.8819,-1.796e-05,0
7.8824,-4.2802e-05,0
7.883,-5.5894e-05,0
7.8835,-4.5487e-05,0
7.884,-2.887e-05,0
7.8845,-2.3163e-05,0
7.885,-2.8367e-05,0
7.8856,-3.1724e-05,0
7.8861,-2.2492e-05,0
7.8866,-3.5248e-06,0
7.8871,1.9974e-05,0
7.8876,4.1627e-05,0
7.8882,5.1362e-05,0
7.8887,4.5487e-05,0
7.8892,2.3835e-05,0
7.8897,-1.5106e-06,0
7.8902,-1.9135e-05,0
7.8907,-3.2898e-05,0
7.8913,-4.5823e-05,0
7.8918,-4.918e-05,0
7.8923,-4.3137e-05,0
7.8928,-3.7934e-05,0
7.8933,-2.8534e-05,0
7.8939,-1.091e-05,0
7.8944,3.8605e-06,0
7.8949,1.7792e-05,0
7.8954,3.9109e-05,0
7.8959,5.7572e-05,0
7.8965,6.4958e-05,0
7.897,7.3686e-05,0
7.8975,7.805e-05,0
7.898,7.7546e-05,0
7.8985,9.9199e-05,0
7.8991,0.00013008,0
7.8996,0.00013462,0
7.9001,9.4499e-05,0
7.9006,2.417e-05,0
7.9011,-3.9445e-05,0
7.9017,-6.479e-05,0
7.9022,-4.4816e-05,0
7.9027,-1.1749e-06,0
7.9032,4.6494e-05,0
7.9037,8.4428e-05,0
7.9043,0.00010491,0
7.9048,0.00010054,0
7.9053,8.5771e-05,0
7.9058,8.6442e-05,0
7.9063,0.00010155,0
7.9068,0.00011363,0
7.9074,0.0001138,0
7.9079,9.4835e-05,0
7.9084,4.5151e-05,0
7.9089,-1.3428e-05,0
7.9094,-4.0116e-05,0
7.91,-3.7095e-05,0
7.9105,-2.8534e-05,0
7.911,-1.8967e-05,0
7.9115,-9.5674e-06,0
7.912,-5.8747e-06,0
7.9126,-1.0071e-05,0
7.9131,-1.0239e-05,0
7.9136,8.3925e-06,0
7.9141,4.1459e-05,0
7.9146,6.6133e-05,0
7.9152,5.9586e-05,0
7.9157,1.8967e-05,0
7.9162,-2.8031e-05,0
7.9167,-5.4551e-05,0
7.9172,-5.9251e-05,0
7.9177,-5.1194e-05,0
7.9183,-4.5151e-05,0
7.9188,-5.2705e-05,0
7.9193,-6.2272e-05,0
7.9198,-5.1194e-05,0
7.9203,-1.6617e-05,0
7.9209,2.9374e-05,0
7.9214,7.7714e-05,0
7.9219,0.00012505,0
7.9224,0.00016399,0
7.9229,0.00018581,0
7.9235,0.00017943,0
7.924,0.00014754,0
7.9245,0.0001279,0
7.925,0.00013109,0
7.9255,0.00011733,0
7.9261,6.2608e-05,0
7.9266,-9.3996e-06,0
7.9271,-6.0426e-05,0
7.9276,-7.4189e-05,0
7.9281,-6.4622e-05,0
7.9287,-5.8915e-05,0
7.9292,-5.9419e-05,0
7.9297,-5.4887e-05,0
7.9302,-4.5991e-05,0
7.9307,-4.4816e-05,0
7.9313,-4.9516e-05,0
7.9318,-6.3111e-05,0
7.9323,-9.9535e-05,0
7.9328,-0.00016802,0
7.9333,-0.00021703,0
7.9338,-0.00020175,0
7.9344,-0.00013445,0
7.9349,-5.2537e-05,0
7.9354,2.1317e-05,0
7.9359,9.4835e-05,0
7.9364,0.00017372,0
7.937,0.00023499,0
7.9375,0.00025681,0
7.938,0.00024926,0
7.9385,0.0002271,0
7.939,0.00019118,0
7.9396,0.0001509,0
7.9401,0.00011867,0
7.9406,9.3156e-05,0
7.9411,6.5629e-05,0
7.9416,3.7095e-05,0
7.9422,2.8534e-06,0
7.9427,-2.9709e-05,0
7.9432,-4.448e-05,0
7.9437,-4.2634e-05,0
7.9442,-5.0187e-05,0
7.9447,-8.0064e-05,0
7.9453,-0.00012001,0
7.9458,-0.00016298,0
7.9463,-0.00018883,0
7.9468,-0.00017255,0
7.9473,-0.00012723,0
7.9479,-9.2821e-05,0
7.9484,-8.426e-05,0
7.9489,-7.6371e-05,0
7.9494,-5.6397e-05,0
7.9499,-3.1388e-05,0
7.9505,-2.0142e-06,0
7.951,3.8437e-05,0
7.9515,8.3421e-05,0
7.952,0.00012052,0
7.9525,0.00014418,0
7.9531,0.00017037,0
7.9536,0.0002078,0
7.9541,0.00024959,0
7.9546,0.00027175,0
7.9551,0.00025698,0
7.9557,0.00021804,0
7.9562,0.00016986,0
7.9567,0.00012253,0
7.9572,7.7043e-05,0
7.9577,3.6759e-05,0
7.9582,1.1414e-05,0
7.9588,1.8463e-06,0
7.9593,-2.2324e-05,0
7.9598,-5.7908e-05,0
7.9603,-7.2175e-05,0
7.9608,-6.1265e-05,0
7.9614,-3.2898e-05,0
7.9619,1.2757e-05,0
7.9624,5.623e-05,0
7.9629,7.4357e-05,0
7.9634,6.8818e-05,0
7.964,5.4047e-05,0
7.9645,4.1459e-05,0
7.965,3.9109e-05,0
7.9655,4.9851e-05,0
7.966,6.5293e-05,0
7.9666,6.6636e-05,0
7.9671,4.7166e-05,0
7.9676,9.2317e-06,0
7.9681,-3.4913e-05,0
7.9686,-6.7643e-05,0
7.9692,-8.1575e-05,0
7.9697,-8.4932e-05,0
7.9702,-8.7785e-05,0
7.9707,-9.7353e-05,0
7.9712,-0.00010356,0
7.9718,-9.7185e-05,0
7.9723,-7.6707e-05,0
7.9728,-4.448e-05,0
7.9733,-1.7624e-05,0
7.9738,-9.2317e-06,0
7.9743,-1.2253e-05,0
7.9749,-9.2317e-06,0
7.9754,8.2246e-06,0
7.9759,3.978e-05,0
7.9764,6.1265e-05,0
7.9769,4.3809e-05,0
7.9775,-4.5319e-06,0
7.978,-6.3279e-05,0
7.9785,-0.00011783,0
7.979,-0.00015459,0
7.9795,-0.00019001,0
7.9801,-0.00023415,0
7.9806,-0.00025446,0
7.9811,-0.00022391,0
7.9816,-0.00013629,0
7.9821,-1.8967e-05,0
7.9827,7.9896e-05,0
7.9832,0.00014015,0
7.9837,0.00016735,0
7.9842,0.00018917,0
7.9847,0.00023734,0
7.9852,0.00029709,0
7.9858,0.00031875,0
7.9863,0.0002845,0
7.9868,0.00020931,0
7.9873,0.00012941,0
7.9878,7.6036e-05,0
7.9884,5.2873e-05,0
7.9889,5.1865e-05,0
7.9894,5.9586e-05,0
7.9899,5.5894e-05,0
7.9904,2.9206e-05,0
7.991,-7.2175e-06,0
7.9915,-3.3906e-05,0
7.992,-4.6494e-05,0
7.9925,-5.388e-05,0
7.993,-5.9922e-05,0
7.9936,-6.63e-05,0
7.9941,-6.9993e-05,0
7.9946,-6.1769e-05,0
7.9951,-4.4984e-05,0
7.9956,-1.6281e-05,0
7.9962,1.2421e-05,0
7.9967,1.4267e-05,0
7.9972,-8.2246e-06,0
7.9977,-3.7934e-05,0
7.9982,-6.3615e-05,0
7.9988,-5.4047e-05,0
7.9993,2.5177e-06,0
7.9998,7.9057e-05,0
8.0003,0.0001462,0
8.0008,0.00019588,0
8.0013,0.00022509,0
8.0019,0.00022206,0
8.0024,0.00019437,0
8.0029,0.00017507,0
8.0034,0.00017339,0
8.0039,0.0001697,0
8.0045,0.00014133,0
8.005,8.2078e-05,0
8.0055,1.7624e-05,0
8.006,-2.501e-05,0
8.0065,-4.3473e-05,0
8.0071,-5.1194e-05,0
8.0076,-6.3951e-05,0
8.0081,-8.9128e-05,0
8.0086,-0.00011464,0
8.0091,-0.00012505,0
8.0097,-0.00011733,0
8.0102,-9.6849e-05,0
8.0107,-6.8986e-05,0
8.0112,-3.9109e-05,0
8.0117,-7.5532e-06,0
8.0122,1.6617e-05,0
8.0128,1.4603e-05,0
8.0133,1.5106e-06,0
8.0138,7.2175e-06,0
8.0143,2.2324e-05,0
8.0148,1.7456e-05,0
8.0154,-1.6281e-05,0
8.0159,-4.918e-05,0
8.0164,-5.9922e-05,0
8.0169,-5.3544e-05,0
8.0174,-4.5319e-05,0
8.018,-3.8102e-05,0
8.0185,-1.7624e-05,0
8.019,2.3667e-05,0
8.0195,7.0161e-05,0
8.02,0.00010591,0
8.0206,0.00013596,0
8.0211,0.00016399,0
8.0216,0.00017339,0
8.0221,0.00014821,0
8.0226,0.00010793,0
8.0232,8.0064e-05,0
8.0237,5.9419e-05,0
8.0242,2.5849e-05,0
8.0247,-2.1317e-05,0
8.0252,-6.3951e-05,0
8.0258,-9.0471e-05,0
8.0263,-0.00010574,0
8.0268,-0.00011833,0
8.0273,-0.00013495,0
8.0278,-0.00014754,0
8.0283,-0.00013478,0
8.0289,-8.5603e-05,0
8.0294,1.6785e-07,0
8.0299,0.0001044,0
8.0304,0.00019101,0
8.0309,0.00024086,0
8.0315,0.00025496,0
8.032,0.00023885,0
8.0325,0.00020528,0
8.033,0.00016802,0
8.0335,0.00013646,0
8.0341,0.00011128,0
8.0346,8.6107e-05,0
8.0351,5.7572e-05,0
8.0356,2.7024e-05,0
8.0361,3.357e-06,0
8.0367,-1.9638e-05,0
8.0372,-4.4144e-05,0
8.0377,-5.1865e-05,0
8.0382,-4.5151e-05,0
8.0387,-4.3977e-05,0
8.0392,-4.9348e-05,0
8.0398,-5.153e-05,0
8.0403,-4.918e-05,0
8.0408,-4.6326e-05,0
8.0413,-5.0523e-05,0
8.0418,-6.1601e-05,0
8.0424,-6.3279e-05,0
8.0429,-4.5991e-05,0
8.0434,-2.6352e-05,0
8.0439,-1.8463e-05,0
8.0444,-1.3764e-05,0
8.045,-9.5674e-06,0
8.0455,-1.1246e-05,0
8.046,-1.3428e-05,0
8.0465,-3.1891e-06,0
8.047,1.0575e-05,0
8.0476,1.6281e-05,0
8.0481,1.4435e-05,0
8.0486,1.9638e-05,0
8.0491,4.0284e-05,0
8.0496,6.3951e-05,0
8.0502,7.3014e-05,0
8.0507,6.4958e-05,0
8.0512,4.7166e-05,0
8.0517,1.9974e-05,0
8.0522,-3.3234e-05,0
8.0527,-8.896e-05,0
8.0533,-0.00010759,0
8.0538,-8.7114e-05,0
8.0543,-5.0523e-05,0
8.0548,-1.6785e-05,0
8.0553,6.5461e-06,0
8.0559,2.0981e-05,0
8.0564,3.4913e-05,0
8.0569,4.5823e-05,0
8.0574,4.683e-05,0
8.0579,4.0116e-05,0
8.0585,2.8534e-05,0
8.059,1.9471e-05,0
8.0595,2.2828e-05,0
8.06,4.1459e-05,0
8.0605,6.6636e-05,0
8.0611,8.1071e-05,0
8.0616,7.1e-05,0
8.0621,4.213e-05,0
8.0626,1.6785e-06,0
8.0631,-4.1291e-05,0
8.0637,-6.0594e-05,0
8.0642,-4.5487e-05,0
8.0647,-1.6281e-05,0
8.0652,-2.3499e-06,0
8.0657,-7.5532e-06,0
8.0663,-6.5461e-06,0
8.0668,1.9974e-05,0
8.0673,6.2943e-05,0
8.0678,0.00010675,0
8.0683,0.00015526,0
8.0688,0.00021703,0
8.0694,0.00027024,0
8.0699,0.00027208,0
8.0704,0.00021384,0
8.0709,0.00013143,0
8.0714,6.1097e-05,0
8.072,8.5603e-06,0
8.0725,-3.7095e-05,0
8.073,-7.5868e-05,0
8.0735,-9.3828e-05,0
8.074,-8.7617e-05,0
8.0746,-6.4118e-05,0
8.0751,-2.031e-05,0
8.0756,3.7095e-05,0
8.0761,6.63e-05,0
8.0766,5.8244e-05,0
8.0772,3.2898e-05,0
8.0777,1.6617e-05,0
8.0782,2.3835e-05,0
8.0787,4.5487e-05,0
8.0792,5.8244e-05,0
8.0798,5.3376e-05,0
8.0803,5.623e-05,0
8.0808,8.6442e-05,0
8.0813,0.00012605,0
8.0818,0.00013646,0
8.0823,0.00010893,0
8.0829,7.9057e-05,0
8.0834,6.5293e-05,0
8.0839,4.2802e-05,0
8.0844,3.5248e-06,0
8.0849,-4.0787e-05,0
8.0855,-8.7114e-05,0
8.086,-0.00012471,0
8.0865,-0.00013613,0
8.087,-0.00011783,0
8.0875,-8.0735e-05,0
8.0881,-4.0116e-05,0
8.0886,-1.5442e-05,0
8.0891,-9.3996e-06,0
8.0896,-1.0575e-05,0
8.0901,-1.1414e-05,0
8.0907,-1.1917e-05,0
8.0912,-1.1917e-05,0
8.0917,-1.0239e-05,0
8.0922,-1.2253e-05,0
8.0927,-2.2324e-05,0
8.0932,-3.9445e-05,0
8.0938,-5.6733e-05,0
8.0943,-6.5629e-05,0
8.0948,-6.5629e-05,0
8.0953,-6.1601e-05,0
8.0958,-5.3208e-05,0
8.0964,-4.2298e-05,0
8.0969,-3.5752e-05,0
8.0974,-3.7766e-05,0
8.0979,-4.6494e-05,0
8.0984,-5.069e-05,0
8.099,-4.8005e-05,0
8.0995,-4.6494e-05,0
8.1,-4.6494e-05,0
8.1005,-3.3738e-05,0
8.101,3.5248e-06,0
8.1016,5.3544e-05,0
8.1021,9.1814e-05,0
8.1026,0.00010927,0
8.1031,0.0001227,0
8.1036,0.00014754,0
8.1042,0.0001707,0
8.1047,0.0001707,0
8.1052,0.00015258,0
8.1057,0.00013411,0
8.1062,0.00012119,0
8.1067,0.0001086,0
8.1073,9.7185e-05,0
8.1078,8.6946e-05,0
8.1083,7.335e-05,0
8.1088,4.8173e-05,0
8.1093,1.561e-05,0
8.1099,-1.0407e-05,0
8.1104,-2.0478e-05,0
8.1109,-1.5778e-05,0
8.1114,-3.1891e-06,0
8.1119,1.1749e-06,0
8.1125,-8.5603e-06,0
8.113,-1.8967e-05,0
8.1135,-7.2175e-06,0
8.114,3.3906e-05,0
8.1145,6.7308e-05,0
8.1151,5.4383e-05,0
8.1156,7.5532e-06,0
8.1161,-3.9612e-05,0
8.1166,-6.6133e-05,0
8.1171,-7.3686e-05,0
8.1177,-6.8818e-05,0
8.1182,-5.8244e-05,0
8.1187,-4.0116e-05,0
8.1192,-1.3764e-05,0
8.1197,2.1317e-05,0
8.1203,6.1265e-05,0
8.1208,9.8695e-05,0
8.1213,0.00012639,0
8.1218,0.00013445,0
8.1223,0.00012186,0
8.1228,9.987e-05,0
8.1234,8.1071e-05,0
8.1239,6.7979e-05,0
8.1244,5.4215e-05,0
8.1249,3.7934e-05,0
8.1254,2.5345e-05,0
8.126,9.5674e-06,0
8.1265,-2.0645e-05,0
8.127,-6.3951e-05,0
8.1275,-0.00010793,0
8.128,-0.0001368,0
8.1286,-0.00014334,0
8.1291,-0.0001227,0
8.1296,-7.6371e-05,0
8.1301,-1.1749e-06,0
8.1306,9.3492e-05,0
8.1312,0.00017775,0
8.1317,0.00022811,0
8.1322,0.0002323,0
8.1327,0.00019185,0
8.1332,0.00013143,0
8.1337,8.51e-05,0
8.1343,5.8915e-05,0
8.1348,4.2802e-05,0
8.1353,3.1388e-05,0
8.1358,1.9135e-05,0
8.1363,7.5532e-06,0
8.1369,5.0355e-07,0
8.1374,-4.1962e-06,0
8.1379,-9.5674e-06,0
8.1384,-2.4674e-05,0
8.1389,-4.918e-05,0
8.1395,-7.3014e-05,0
8.14,-8.6442e-05,0
8.1405,-8.4764e-05,0
8.141,-7.1672e-05,0
8.1415,-5.1026e-05,0
8.1421,-2.2995e-05,0
8.1426,2.8534e-06,0
8.1431,1.9303e-05,0
8.1436,1.7288e-05,0
8.1441,-1.5106e-06,0
8.1447,-2.2324e-05,0
8.1452,-5.774e-05,0
8.1457,-0.00012236,0
8.1462,-0.00018195,0
8.1467,-0.0002083,0
8.1472,-0.00019806,0
8.1478,-0.00016013,0
8.1483,-0.00010541,0
8.1488,-3.4745e-05,0
8.1493,5.0858e-05,0
8.1498,0.00014301,0
8.1504,0.0002271,0
8.1509,0.00029122,0
8.1514,0.00032177,0
8.1519,0.000307,0
8.1524,0.00026235,0
8.153,0.00021602,0
8.1535,0.00018749,0
8.154,0.00016365,0
8.1545,0.00011733,0
8.155,4.3641e-05,0
8.1556,-2.7359e-05,0
8.1561,-6.8986e-05,0
8.1566,-8.1575e-05,0
8.1571,-7.4189e-05,0
8.1576,-6.0929e-05,0
8.1582,-5.7069e-05,0
8.1587,-6.4622e-05,0
8.1592,-8.1575e-05,0
8.1597,-9.2317e-05,0
8.1602,-7.1e-05,0
8.1608,5.7069e-06,0
8.1613,0.00011363,0
8.1618,0.00018883,0
8.1623,0.00020125,0
8.1628,0.00015543,0
8.1633,8.04e-05,0
8.1639,2.8534e-05,0
8.1644,2.0981e-05,0
8.1649,2.6688e-05,0
8.1654,3.0716e-05,0
8.1659,4.8508e-05,0
8.1665,7.9728e-05,0
8.167,9.1142e-05,0
8.1675,5.8244e-05,0
8.168,2.8534e-06,0
8.1685,-3.6088e-05,0
8.1691,-5.4047e-05,0
8.1696,-5.5894e-05,0
8.1701,-4.1123e-05,0
8.1706,-2.8367e-05,0
8.1711,-3.6088e-05,0
8.1717,-5.9586e-05,0
8.1722,-7.8386e-05,0
8.1727,-7.2007e-05,0
8.1732,-4.5655e-05,0
8.1737,-9.0639e-06,0
8.1743,3.4073e-05,0
8.1748,5.4215e-05,0
8.1753,2.3835e-05,0
8.1758,-3.8102e-05,0
8.1763,-9.8192e-05,0
8.1768,-0.00015325,0
8.1774,-0.00019001,0
8.1779,-0.00018144,0
8.1784,-0.00013696,0
8.1789,-8.3757e-05,0
8.1794,-3.3906e-05,0
8.18,1.0239e-05,0
8.1805,4.683e-05,0
8.181,7.8553e-05,0
8.1815,0.00010961,0
8.182,0.00013361,0
8.1826,0.00013126,0
8.1831,0.00010021,0
8.1836,5.8244e-05,0
8.1841,1.1582e-05,0
8.1846,-3.6423e-05,0
8.1852,-6.8986e-05,0
8.1857,-7.1672e-05,0
8.1862,-5.2537e-05,0
8.1867,-3.2395e-05,0
8.1872,-6.5461e-06,0
8.1877,4.0955e-05,0
8.1883,0.00011229,0
8.1888,0.00019185,0
8.1893,0.00025496,0
8.1898,0.00027225,0
8.1903,0.00023247,0
8.1909,0.00017171,0
8.1914,0.00014821,0
8.1919,0.00019521,0
8.1924,0.00026033,0
8.1929,0.00026369,0
8.1935,0.00019403,0
8.194,0.00010239,0
8.1945,3.2395e-05,0
8.195,-7.2175e-06,0
8.1955,-2.3667e-05,0
8.1961,-2.4002e-05,0
8.1966,-1.4939e-05,0
8.1971,-8.2246e-06,0
8.1976,-1.3931e-05,0
8.1981,-3.1052e-05,0
8.1987,-4.3809e-05,0
8.1992,-4.1123e-05,0
8.1997,-5.5894e-05,0
8.2002,-9.5171e-05,0
8.2007,-0.00011498,0
8.2012,-9.6178e-05,0
8.2018,-6.5965e-05,0
8.2023,-5.5894e-05,0
8.2028,-6.865e-05,0
8.2033,-8.3421e-05,0
8.2038,-8.1743e-05,0
8.2044,-6.6636e-05,0
8.2049,-4.4816e-05,0
8.2054,-1.4267e-05,0
8.2059,2.7863e-05,0
8.2064,5.4215e-05,0
8.207,4.5319e-05,0
8.2075,1.6449e-05,0
8.208,-7.8889e-06,0
8.2085,-1.8296e-05,0
8.209,-3.0716e-05,0
8.2096,-6.3279e-05,0
8.2101,-9.5842e-05,0
8.2106,-9.7856e-05,0
8.2111,-6.63e-05,0
8.2116,-2.3331e-05,0
8.2122,1.2253e-05,0
8.2127,3.8605e-05,0
8.2132,5.7237e-05,0
8.2137,6.63e-05,0
8.2142,8.7785e-05,0
8.2148,0.00014301,0
8.2153,0.0001942,0
8.2158,0.00019034,0
8.2163,0.00012303,0
8.2168,2.6184e-05,0
8.2173,-5.0523e-05,0
8.2179,-8.6275e-05,0
8.2184,-9.3324e-05,0
8.2189,-9.2149e-05,0
8.2194,-8.275e-05,0
8.2199,-5.8915e-05,0
8.2205,-2.5345e-05,0
8.221,1.3931e-05,0
8.2215,6.1265e-05,0
8.222,0.00011666,0
8.2225,0.000165,0
8.2231,0.00018715,0
8.2236,0.00017372,0
8.2241,0.00012975,0
8.2246,7.6539e-05,0
8.2251,3.8941e-05,0
8.2257,2.266e-05,0
8.2262,1.4435e-05,0
8.2267,5.0355e-07,0
8.2272,3.8605e-06,0
8.2277,4.3809e-05,0
8.2283,8.5435e-05,0
8.2288,8.4932e-05,0
8.2293,3.0381e-05,0
8.2298,-4.9012e-05,0
8.2303,-0.00010994,0
8.2308,-0.00013059,0
8.2314,-0.00011028,0
8.2319,-5.6901e-05,0
8.2324,1.1414e-05,0
8.2329,7.1839e-05,0
8.2334,9.8527e-05,0
8.234,8.275e-05,0
8.2345,4.9012e-05,0
8.235,1.8128e-05,0
8.2355,-1.8967e-05,0
8.236,-7.4357e-05,0
8.2366,-0.00013445,0
8.2371,-0.00015425,0
8.2376,-0.00011279,0
8.2381,-3.8102e-05,0
8.2386,3.2059e-05,0
8.2392,7.4189e-05,0
8.2397,9.0806e-05,0
8.2402,0.00010172,0
8.2407,0.00012102,0
8.2412,0.00014536,0
8.2417,0.00015459,0
8.2423,0.00014351,0
8.2428,0.0001086,0
8.2433,3.3234e-05,0
8.2438,-5.5558e-05,0
8.2443,-0.00010272,0
8.2449,-0.00010054,0
8.2454,-7.5364e-05,0
8.2459,-4.7837e-05,0
8.2464,-2.4674e-05,0
8.2469,4.8676e-06,0
8.2475,4.8173e-05,0
8.248,9.6849e-05,0
8.2485,0.0001368,0
8.249,0.00016399,0
8.2495,0.00018379,0
8.2501,0.0001843,0
8.2506,0.00014284,0
8.2511,6.4286e-05,0
8.2516,-2.1653e-05,0
8.2521,-8.6275e-05,0
8.2527,-0.00011313,0
8.2532,-0.00010054,0
8.2537,-7.1672e-05,0
8.2542,-4.918e-05,0
8.2547,-3.6759e-05,0
8.2553,-2.4338e-05,0
8.2558,-3.357e-06,0
8.2563,2.4338e-05,0
8.2568,5.5558e-05,0
8.2573,7.7379e-05,0
8.2578,7.9728e-05,0
8.2584,4.9348e-05,0
8.2589,-2.0813e-05,0
8.2594,-8.0064e-05,0
8.2599,-6.7979e-05,0
8.2604,5.8747e-06,0
8.261,7.7714e-05,0
8.2615,0.00010457,0
8.262,8.8457e-05,0
8.2625,6.4622e-05,0
8.263,5.8915e-05,0
8.2636,4.3473e-05,0
8.2641,-5.7069e-06,0
8.2646,-6.0258e-05,0
8.2651,-9.836e-05,0
8.2656,-0.00012454,0
8.2662,-0.00014687,0
8.2667,-0.00015476,0
8.2672,-0.00012001,0
8.2677,-4.918e-05,0
8.2682,2.2995e-05,0
8.2688,7.6707e-05,0
8.2693,0.00011968,0
8.2698,0.00016214,0
8.2703,0.00019924,0
8.2708,0.00021518,0
8.2713,0.00020662,0
8.2719,0.00018598,0
8.2724,0.00015962,0
8.2729,0.00012068,0
8.2734,7.5029e-05,0
8.2739,4.7837e-05,0
8.2745,4.2298e-05,0
8.275,3.6423e-05,0
8.2755,2.1317e-05,0
8.276,7.7211e-06,0
8.2765,-1.6785e-07,0
8.2771,-2.8534e-06,0
8.2776,-3.1891e-06,0
8.2781,-3.8605e-06,0
8.2786,1.1749e-06,0
8.2791,1.2589e-05,0
8.2797,1.8631e-05,0
8.2802,6.2104e-06,0
8.2807,-2.2492e-05,0
8.2812,-5.3208e-05,0
8.2817,-7.9057e-05,0
8.2822,-0.00010961,0
8.2828,-0.00013713,0
8.2833,-0.00014586,0
8.2838,-0.00013579,0
8.2843,-0.00010809,0
8.2848,-6.1265e-05,0
8.2854,-5.2033e-06,0
8.2859,4.1291e-05,0
8.2864,6.6972e-05,0
8.2869,7.0329e-05,0
8.2874,6.4286e-05,0
8.288,6.0929e-05,0
8.2885,6.6804e-05,0
8.289,7.4022e-05,0
8.2895,7.2007e-05,0
8.29,6.2943e-05,0
8.2906,5.3712e-05,0
8.2911,4.6326e-05,0
8.2916,4.0787e-05,0
8.2921,2.7527e-05,0
8.2926,1.1749e-06,0
8.2932,-2.9206e-05,0
8.2937,-5.4551e-05,0
8.2942,-7.0161e-05,0
8.2947,-6.6972e-05,0
8.2952,-5.8076e-05,0
8.2957,-7.8386e-05,0
8.2963,-0.00013042,0
8.2968,-0.00015996,0
8.2973,-0.0001274,0
8.2978,-4.3809e-05,0
8.2983,6.4958e-05,0
8.2989,0.00017037,0
8.2994,0.00023616,0
8.2999,0.00024154,0
8.3004,0.00019924,0
8.3009,0.00014083,0
8.3015,0.00010524,0
8.302,0.00010591,0
8.3025,0.0001279,0
8.303,0.00014351,0
8.3035,0.00015157,0
8.3041,0.00015946,0
8.3046,0.00014284,0
8.3051,7.9057e-05,0
8.3056,3.1891e-06,0
8.3061,-3.122e-05,0
8.3067,-2.8031e-05,0
8.3072,-2.8534e-05,0
8.3077,-4.6494e-05,0
8.3082,-7.0329e-05,0
8.3087,-9.5674e-05,0
8.3093,-0.00011917,0
8.3098,-0.00012908,0
8.3103,-0.00012169,0
8.3108,-0.00010121,0
8.3113,-7.1672e-05,0
8.3118,-4.213e-05,0
8.3124,-2.3163e-05,0
8.3129,-1.7624e-05,0
8.3134,-2.2324e-05,0
8.3139,-4.2634e-05,0
8.3144,-7.2007e-05,0
8.315,-7.4861e-05,0
8.3155,-5.1026e-05,0
8.316,-1.7624e-05,0
8.3165,1.8631e-05,0
8.317,4.0787e-05,0
8.3176,4.2802e-05,0
8.3181,4.9851e-05,0
8.3186,6.5965e-05,0
8.3191,7.7211e-05,0
8.3196,8.9128e-05,0
8.3202,0.00010759,0
8.3207,0.00012471,0
8.3212,0.00013394,0
8.3217,0.00013713,0
8.3222,0.00013512,0
8.3227,0.00013814,0
8.3233,0.00014939,0
8.3238,0.00015543,0
8.3243,0.00013881,0
8.3248,0.00011464,0
8.3253,0.00010977,0
8.3259,0.00011901,0
8.3264,0.00011565,0
8.3269,9.1478e-05,0
8.3274,5.4047e-05,0
8.3279,1.7288e-05,0
8.3285,-1.326e-05,0
8.329,-3.3066e-05,0
8.3295,-2.9206e-05,0
8.33,-9.0639e-06,0
8.3305,-2.182e-06,0
8.3311,-2.1653e-05,0
8.3316,-4.7166e-05,0
8.3321,-5.3544e-05,0
8.3326,-3.5584e-05,0
8.3331,1.6785e-07,0
8.3337,4.5487e-05,0
8.3342,8.5771e-05,0
8.3347,0.0001039,0
8.3352,8.5603e-05,0
8.3357,4.1291e-05,0
8.3362,1.0071e-05,0
8.3368,8.3925e-06,0
8.3373,1.2589e-05,0
8.3378,-1.6785e-07,0
8.3383,-3.1052e-05,0
8.3388,-5.6062e-05,0
8.3394,-4.9516e-05,0
8.3399,-3.0549e-05,0
8.3404,-2.6352e-05,0
8.3409,-3.9948e-05,0
8.3414,-6.63e-05,0
8.342,-9.2485e-05,0
8.3425,-0.00010793,0
8.343,-0.00011061,0
8.3435,-9.9535e-05,0
8.344,-7.9393e-05,0
8.3446,-6.244e-05,0
8.3451,-5.9922e-05,0
8.3456,-7.5364e-05,0
8.3461,-9.7017e-05,0
8.3466,-0.00010491,0
8.3472,-9.4835e-05,0
8.3477,-7.0832e-05,0
8.3482,-4.0787e-05,0
8.3487,-1.561e-05,0
8.3492,2.5177e-06,0
8.3498,2.2995e-05,0
8.3503,5.4215e-05,0
8.3508,8.7785e-05,0
8.3513,0.00011263,0
8.3518,0.00012387,0
8.3523,0.00012337,0
8.3529,0.00011397,0
8.3534,0.00010004,0
8.3539,8.4932e-05,0
8.3544,6.6133e-05,0
8.3549,4.8173e-05,0
8.3555,3.1052e-05,0
8.356,1.4435e-05,0
8.3565,-4.1962e-06,0
8.357,-3.0213e-05,0
8.3575,-6.4958e-05,0
8.3581,-0.00010373,0
8.3586,-0.00012924,0
8.3591,-0.00012992,0
8.3596,-0.00010423,0
8.3601,-5.7237e-05,0
8.3607,-1.8463e-06,0
8.3612,5.0523e-05,0
8.3617,0.00010105,0
8.3622,0.00016248,0
8.3627,0.00022777,0
8.3633,0.00027007,0
8.3638,0.00027695,0
8.3643,0.00025866,0
8.3648,0.00022676,0
8.3653,0.00018312,0
8.3658,0.00013294,0
8.3664,8.426e-05,0
8.3669,4.8005e-05,0
8.3674,2.501e-05,0
8.3679,9.2317e-06,0
8.3684,-6.2104e-06,0
8.369,-1.9303e-05,0
8.3695,-2.8367e-05,0
8.37,-5.388e-05,0
8.3705,-0.00012136,0
8.371,-0.00022542,0
8.3716,-0.00029659,0
8.3721,-0.00027913,0
8.3726,-0.00019571,0
8.3731,-8.9799e-05,0
8.3736,1.0071e-06,0
8.3742,5.7237e-05,0
8.3747,8.6946e-05,0
8.3752,0.00011246,0
8.3757,0.00015341,0
8.3762,0.00020662,0
8.3767,0.00025966,0
8.3773,0.0002845,0
8.3778,0.00025849,0
8.3783,0.00020293,0
8.3788,0.00015459,0
8.3793,0.00012471,0
8.3799,9.0135e-05,0
8.3804,4.3473e-05,0
8.3809,1.1749e-06,1
8.3814,-2.1653e-05,1
8.3819,-2.3331e-05,1
8.3825,-1.3596e-05,1
8.383,-1.1749e-06,1
8.3835,6.5461e-06,1
8.384,9.9031e-06,1
8.3845,1.5946e-05,1
8.3851,1.9303e-05,1
8.3856,1.2421e-05,1
8.3861,-1.5106e-06,1
8.3866,-1.8967e-05,1
8.3871,-2.3163e-05,1
8.3877,-9.7353e-06,1
8.3882,8.3925e-07,1
8.3887,-2.0981e-05,1
8.3892,-9.3828e-05,1
8.3897,-0.00018144,1
8.3902,-0.00021401,1
8.3908,-0.0001791,1
8.3913,-0.00011145,1
8.3918,-3.8773e-05,1
8.3923,2.6017e-05,1
8.3928,7.5029e-05,1
8.3934,0.00011162,1
8.3939,0.00014536,1
8.3944,0.00018296,1
8.3949,0.00021787,1
8.3954,0.00022676,1
8.396,0.0001989,1
8.3965,0.00014385,1
8.397,8.2078e-05,1
8.3975,3.3402e-05,1
8.398,2.3499e-06,1
8.3986,-2.1149e-05,1
8.3991,-5.0858e-05,1
8.3996,-0.00010726,1
8.4001,-0.00018363,1
8.4006,-0.00024942,1
8.4012,-0.00028685,1
8.4017,-0.00028249,1
8.4022,-0.00024204,1
8.4027,-0.00019504,1
8.4032,-0.00014267,1
8.4038,-6.3279e-05,1
8.4043,4.6494e-05,1
8.4048,0.00016013,1
8.4053,0.00023868,1
8.4058,0.00027041,1
8.4063,0.0002751,1
8.4069,0.00025328,1
8.4074,0.00018917,1
8.4079,8.9967e-05,1
8.4084,-8.896e-06,1
8.4089,-7.1672e-05,1
8.4095,-9.6513e-05,1
8.41,-0.00010222,1
8.4105,-0.00010155,1
8.411,-9.3156e-05,1
8.4115,-7.2679e-05,1
8.4121,-3.5416e-05,1
8.4126,3.4073e-05,1
8.4131,0.00013512,1
8.4136,0.00021115,1
8.4141,0.00020595,1
8.4147,0.00012874,1
8.4152,4.448e-05,1
8.4157,-9.0639e-06,1
8.4162,-4.2634e-05,1
8.4167,-6.5965e-05,1
8.4172,-6.4286e-05,1
8.4178,-2.7024e-05,1
8.4183,2.2828e-05,1
8.4188,5.0355e-05,1
8.4193,5.3544e-05,1
8.4198,5.3376e-05,1
8.4204,2.8367e-05,1
8.4209,-4.4648e-05,1
8.4214,-0.00011313,1
8.4219,-0.00011565,1
8.4224,-6.1433e-05,1
8.423,4.1962e-06,1
8.4235,4.2802e-05,1
8.424,4.9683e-05,1
8.4245,4.8173e-05,1
8.425,5.623e-05,1
8.4256,8.0903e-05,1
8.4261,0.0001378,1
8.4266,0.000213,1
8.4271,0.00025765,1
8.4276,0.00024154,1
8.4282,0.0001744,1
8.4287,0.00010356,1
8.4292,6.9657e-05,1
8.4297,6.7979e-05,1
8.4302,6.7979e-05,1
8.4307,4.918e-05,1
8.4313,1.5274e-05,1
8.4318,-1.9806e-05,1
8.4323,-4.1123e-05,1
8.4328,-4.6159e-05,1
8.4333,-4.2802e-05,1
8.4339,-4.4312e-05,1
8.4344,-6.1097e-05,1
8.4349,-0.00010759,1
8.4354,-0.00018782,1
8.4359,-0.00024758,1
8.4365,-0.00023969,1
8.437,-0.00018581,1
8.4375,-0.00012505,1
8.438,-7.9057e-05,1
8.4385,-4.5151e-05,1
8.4391,-1.4603e-05,1
8.4396,2.1653e-05,1
8.4401,6.8315e-05,1
8.4406,0.00012874,1
8.4411,0.00019185,1
8.4417,0.00023482,1
8.4422,0.00024472,1
8.4427,0.00023297,1
8.4432,0.00021048,1
8.4437,0.00018178,1
8.4443,0.00015526,1
8.4448,0.00013478,1
8.4453,0.00011162,1
8.4458,8.4428e-05,1
8.4463,5.8915e-05,1
8.4468,4.2802e-05,1
8.4474,4.2466e-05,1
8.4479,4.2634e-05,1
8.4484,2.8367e-05,1
8.4489,-1.3764e-05,1
8.4494,-7.0665e-05,1
8.45,-0.00010574,1
8.4505,-0.00010642,1
8.451,-9.2988e-05,1
8.4515,-8.7785e-05,1
8.452,-8.9967e-05,1
8.4526,-8.1407e-05,1
8.4531,-4.3473e-05,1
8.4536,2.182e-06,1
8.4541,2.8702e-05,1
8.4546,2.8702e-05,1
8.4552,6.0426e-06,1
8.4557,-2.7359e-05,1
8.4562,-6.0426e-05,1
8.4567,-7.335e-05,1
8.4572,-6.1601e-05,1
8.4578,-4.1794e-05,1
8.4583,-1.9974e-05,1
8.4588,4.3641e-06,1
8.4593,2.1317e-05,1
8.4598,3.5248e-05,1
8.4603,6.1601e-05,1
8.4609,9.3828e-05,1
8.4614,0.00011733,1
8.4619,0.00012102,1
8.4624,0.00010658,1
8.4629,8.7449e-05,1
8.4635,7.8386e-05,1
8.464,7.7714e-05,1
8.4645,7.9561e-05,1
8.465,7.9728e-05,1
8.4655,6.3111e-05,1
8.4661,1.1078e-05,1
8.4666,-6.6636e-05,1
8.4671,-0.00012941,1
8.4676,-0.00016147,1
8.4681,-0.00017574,1
8.4687,-0.0001895,1
8.4692,-0.00019622,1
8.4697,-0.00018413,1
8.4702,-0.0001514,1
8.4707,-9.3828e-05,1
8.4713,-1.0407e-05,1
8.4718,6.9657e-05,1
8.4723,0.00010256,1
8.4728,9.8527e-05,1
8.4733,0.00010155,1
8.4738,0.0001232,1
8.4744,0.00013713,1
8.4749,0.00012673,1
8.4754,0.00011431,1
8.4759,0.00011666,1
8.4764,0.00012605,1
8.477,0.0001368,1
8.4775,0.00014183,1
8.478,0.00014133,1
8.4785,0.00013411,1
8.479,0.00010323,1
8.4796,6.1769e-05,1
8.4801,4.1962e-05,1
8.4806,4.1794e-05,1
8.4811,4.1291e-05,1
8.4816,3.2898e-05,1
8.4822,1.8463e-05,1
8.4827,-8.3925e-07,1
8.4832,-1.9974e-05,1
8.4837,-3.2059e-05,1
8.4842,-3.6591e-05,1
8.4848,-2.8031e-05,1
8.4853,-3.0213e-06,1
8.4858,3.0381e-05,1
8.4863,5.6901e-05,1
8.4868,6.7308e-05,1
8.4873,6.6133e-05,1
8.4879,5.8579e-05,1
8.4884,4.2466e-05,1
8.4889,2.7863e-05,1
8.4894,3.3402e-05,1
8.4899,5.2033e-05,1
8.4905,5.623e-05,1
8.491,3.0045e-05,1
8.4915,-2.2995e-05,1
8.492,-9.6849e-05,1
8.4925,-0.00017037,1
8.4931,-0.00019168,1
8.4936,-0.00015929,1
8.4941,-0.0001086,1
8.4946,-6.5293e-05,1
8.4951,-3.592e-05,1
8.4957,-1.8128e-05,1
8.4962,2.5177e-06,1
8.4967,3.7766e-05,1
8.4972,7.2511e-05,1
8.4977,8.9632e-05,1
8.4983,9.2485e-05,1
8.4988,8.2582e-05,1
8.4993,6.4286e-05,1
8.4998,5.8747e-05,1
8.5003,6.7308e-05,1
8.5008,5.7572e-05,1
8.5014,-1.091e-05,1
8.5019,-0.00010037,1
8.5024,-0.00014183,1
8.5029,-0.00012706,1
8.5034,-9.0135e-05,1
8.504,-5.4215e-05,1
8.5045,-1.5778e-05,1
8.505,3.6591e-05,1
8.5055,9.1981e-05,1
8.506,0.00012757,1
8.5066,0.00014469,1
8.5071,0.00015358,1
8.5076,0.00015627,1
8.5081,0.00013881,1
8.5086,8.5771e-05,1
8.5092,1.4435e-05,1
8.5097,-4.6326e-05,1
8.5102,-8.51e-05,1
8.5107,-0.00010541,1
8.5112,-0.00011313,1
8.5117,-0.00010893,1
8.5123,-8.0903e-05,1
8.5128,-3.1724e-05,1
8.5133,2.1317e-05,1
8.5138,6.63e-05,1
8.5143,0.00010105,1
8.5149,0.00013462,1
8.5154,0.00017473,1
8.5159,0.0002083,1
8.5164,0.00021787,1
8.5169,0.00019319,1
8.5175,0.00015492,1
8.518,0.00012824,1
8.5185,0.00010591,1
8.519,8.1071e-05,1
8.5195,5.6565e-05,1
8.5201,3.8773e-05,1
8.5206,2.8031e-05,1
8.5211,1.326e-05,1
8.5216,-1.6281e-05,1
8.5221,-5.2201e-05,1
8.5227,-7.2511e-05,1
8.5232,-7.4693e-05,1
8.5237,-7.0161e-05,1
8.5242,-5.9754e-05,1
8.5247,-4.3641e-05,1
8.5252,-2.1317e-05,1
8.5258,3.5248e-06,1
8.5263,1.9974e-05,1
8.5268,3.0549e-05,1
8.5273,4.2802e-05,1
8.5278,5.623e-05,1
8.5284,7.0329e-05,1
8.5289,6.8315e-05,1
8.5294,4.1962e-05,1
8.5299,3.8605e-06,1
8.5304,-3.3738e-05,1
8.531,-6.5126e-05,1
8.5315,-8.9464e-05,1
8.532,-0.00012186,1
8.5325,-0.0001801,1
8.533,-0.00022055,1
8.5336,-0.00019118,1
8.5341,-9.7688e-05,1
8.5346,8.7282e-06,1
8.5351,8.3925e-05,1
8.5356,0.00012958,1
8.5362,0.00015811,1
8.5367,0.00016315,1
8.5372,0.00013948,1
8.5377,0.00010658,1
8.5382,8.7785e-05,1
8.5388,7.6707e-05,1
8.5393,5.7237e-05,1
8.5398,3.2059e-05,1
8.5403,1.0575e-05,1
8.5408,-2.5177e-06,1
8.5413,-9.0639e-06,1
8.5419,-1.1917e-05,1
8.5424,-6.3783e-06,1
8.5429,5.2033e-06,1
8.5434,1.6281e-05,1
8.5439,2.2492e-05,1
8.5445,1.7624e-05,1
8.545,6.5461e-06,1
8.5455,1.6785e-06,1
8.546,1.1078e-05,1
8.5465,3.2395e-05,1
8.5471,6.1936e-05,1
8.5476,8.8121e-05,1
8.5481,8.4932e-05,1
8.5486,6.1769e-05,1
8.5491,5.2537e-05,1
8.5497,6.5629e-05,1
8.5502,8.2918e-05,1
8.5507,8.275e-05,1
8.5512,6.4286e-05,1
8.5517,3.5416e-05,1
8.5523,2.182e-06,1
8.5528,-2.7024e-05,1
8.5533,-4.5823e-05,1
8.5538,-4.8508e-05,1
8.5543,-3.4409e-05,1
8.5548,-1.5778e-05,1
8.5554,-5.8747e-06,1
8.5559,-5.7069e-06,1
8.5564,-5.539e-06,1
8.5569,2.182e-06,1
8.5574,1.3764e-05,1
8.558,2.5177e-05,1
8.5585,4.1459e-05,1
8.559,6.0929e-05,1
8.5595,7.0665e-05,1
8.56,5.8747e-05,1
8.5606,2.3835e-05,1
8.5611,-1.6281e-05,1
8.5616,-4.2466e-05,1
8.5621,-5.388e-05,1
8.5626,-5.3544e-05,1
8.5632,-3.8605e-05,1
8.5637,-7.3854e-06,1
8.5642,2.0813e-05,1
8.5647,2.7359e-05,1
8.5652,2.2492e-05,1
8.5657,2.7695e-05,1
8.5663,3.8773e-05,1
8.5668,3.978e-05,1
8.5673,2.182e-05,1
8.5678,3.6927e-06,1
8.5683,1.561e-05,1
8.5689,4.3977e-05,1
8.5694,5.5558e-05,1
8.5699,4.1459e-05,1
8.5704,1.326e-05,1
8.5709,-1.8631e-05,1
8.5715,-4.3137e-05,1
8.572,-5.1865e-05,1
8.5725,-4.7501e-05,1
8.573,-3.6927e-05,1
8.5735,-2.7863e-05,1
8.5741,-2.3331e-05,1
8.5746,-1.9974e-05,1
8.5751,-1.4267e-05,1
8.5756,-7.5532e-06,1
8.5761,-1.3092e-05,1
8.5767,-2.4842e-05,1
8.5772,-1.8967e-05,1
8.5777,-1.0239e-05,1
8.5782,-7.3854e-06,1
8.5787,1.091e-05,1
8.5793,4.0452e-05,1
8.5798,5.7404e-05,1
8.5803,5.153e-05,1
8.5808,2.9877e-05,1
8.5813,6.5461e-06,1
8.5818,-5.539e-06,1
8.5824,3.357e-07,1
8.5829,2.1988e-05,1
8.5834,5.0858e-05,1
8.5839,8.5771e-05,1
8.5844,0.00013378,1
8.585,0.00018564,1
8.5855,0.00020595,1
8.586,0.00016936,1
8.5865,0.00010172,1
8.587,5.3208e-05,1
8.5876,2.4674e-05,1
8.5881,-2.8534e-06,1
8.5886,-2.887e-05,1
8.5891,-3.508e-05,1
8.5896,-1.6953e-05,1
8.5902,1.3596e-05,1
8.5907,4.8508e-05,1
8.5912,8.6778e-05,1
8.5917,0.0001284,1
8.5922,0.00016768,1
8.5928,0.00018514,1
8.5933,0.00016869,1
8.5938,0.00012824,1
8.5943,8.0064e-05,1
8.5948,4.3641e-05,1
8.5953,2.3667e-05,1
8.5959,9.2317e-06,1
8.5964,-6.8818e-06,1
8.5969,-2.8199e-05,1
8.5974,-5.4551e-05,1
8.5979,-8.6107e-05,1
8.5985,-0.00011514,1
8.599,-0.00013428,1
8.5995,-0.00014922,1
8.6,-0.00015157,1
8.6005,-0.00013512,1
8.6011,-0.00011061,1
8.6016,-8.6946e-05,1
8.6021,-5.6901e-05,1
8.6026,-3.5248e-06,1
8.6031,7.2175e-05,1
8.6037,0.00013814,1
8.6042,0.00016701,1
8.6047,0.00015409,1
8.6052,0.00011531,1
8.6057,7.2679e-05,1
8.6062,4.4144e-05,1
8.6068,3.4073e-05,1
8.6073,2.9038e-05,1
8.6078,2.3331e-05,1
8.6083,2.266e-05,1
8.6088,3.5416e-05,1
8.6094,6.2608e-05,1
8.6099,9.0471e-05,1
8.6104,9.6513e-05,1
8.6109,6.0258e-05,1
8.6114,-2.9206e-05,1
8.612,-0.0001331,1
8.6125,-0.00020276,1
8.613,-0.00020662,1
8.6135,-0.00015862,1
8.614,-9.2821e-05,1
8.6146,-3.1388e-05,1
8.6151,1.8631e-05,1
8.6156,5.6062e-05,1
8.6161,8.1743e-05,1
8.6166,0.00010323,1
8.6172,0.00012874,1
8.6177,0.00014922,1
8.6182,0.00013881,1
8.6187,9.8863e-05,1
8.6192,6.6972e-05,1
8.6197,7.4861e-05,1
8.6203,9.987e-05,1
8.6208,0.00010172,1
8.6213,7.4022e-05,1
8.6218,3.4073e-05,1
8.6223,-5.0355e-07,1
8.6229,-2.2156e-05,1
8.6234,-3.2059e-05,1
8.6239,-3.2563e-05,1
8.6244,-2.3331e-05,1
8.6249,-9.2317e-06,1
8.6255,-5.7069e-06,1
8.626,-2.0813e-05,1
8.6265,-4.213e-05,1
8.627,-5.153e-05,1
8.6275,-5.1194e-05,1
8.6281,-5.0019e-05,1
8.6286,-4.918e-05,1
8.6291,-4.1794e-05,1
8.6296,-2.9206e-05,1
8.6301,-1.5946e-05,1
8.6307,-1.1749e-06,1
8.6312,1.6953e-05,1
8.6317,3.357e-05,1
8.6322,4.9851e-05,1
8.6327,6.0929e-05,1
8.6333,6.0258e-05,1
8.6338,4.5151e-05,1
8.6343,2.0813e-05,1
8.6348,-2.182e-06,1
8.6353,-1.7288e-05,1
8.6358,-3.4409e-05,1
8.6364,-5.9586e-05,1
8.6369,-7.4357e-05,1
8.6374,-6.9993e-05,1
8.6379,-2.0981e-05,1
8.6384,0.00020864,1
8.639,0.0004829,1
8.6395,0.00057555,1
8.64,0.00051714,1
8.6405,0.00044228,1
8.641,0.00040099,1
8.6416,0.00037447,1
8.6421,0.00034762,1
8.6426,0.00031807,1
8.6431,0.00027443,1
8.6436,0.00021451,1
8.6442,0.00015946,1
8.6447,0.00012639,1
8.6452,0.00010893,1
8.6457,9.366e-05,1
8.6462,7.0497e-05,1
8.6468,3.8773e-05,1
8.6473,1.2253e-05,1
8.6478,-1.5106e-06,1
8.6483,-1.5106e-06,1
8.6488,1.3428e-06,1
8.6493,-5.539e-06,1
8.6499,-3.0045e-05,1
8.6504,-5.7908e-05,1
8.6509,-6.4958e-05,1
8.6514,-5.5055e-05,1
8.6519,-5.5222e-05,1
8.6525,-8.7449e-05,1
8.653,-0.00014788,1
8.6535,-0.00021535,1
8.654,-0.0002694,1
8.6545,-0.00029474,1
8.6551,-0.00029239,1
8.6556,-0.00027662,1
8.6561,-0.00025396,1
8.6566,-0.0002271,1
8.6571,-0.00020478,1
8.6577,-0.00019319,1
8.6582,-0.0001801,1
8.6587,-0.00016046,1
8.6592,-0.00014015,1
8.6597,-0.00012689,1
8.6602,-0.0001227,1
8.6608,-0.00012673,1
8.6613,-0.00012706,1
8.6618,-0.00011011,1
8.6623,-8.9799e-05,1
8.6628,-8.4932e-05,1
8.6634,-9.1814e-05,1
8.6639,-9.5842e-05,1
8.6644,-8.6275e-05,1
8.6649,-7.0497e-05,1
8.6654,-6.5629e-05,1
8.666,-6.3615e-05,1
8.6665,-4.5487e-05,1
8.667,-1.9974e-05,1
8.6675,0,1
8.668,4.5319e-06,1
8.6686,-1.2589e-05,1
8.6691,-2.7695e-05,1
8.6696,-3.0213e-05,1
8.6701,-3.978e-05,1
8.6706,-6.9657e-05,1
8.6712,-0.00010138,1
8.6717,-0.00011481,1
8.6722,-0.00010977,1
8.6727,-9.7017e-05,1
8.6732,-8.3757e-05,1
8.6738,-6.9993e-05,1
8.6743,-5.8244e-05,1
8.6748,-4.8005e-05,1
8.6753,-3.6423e-05,1
8.6758,-2.7695e-05,1
8.6763,-2.9038e-05,1
8.6769,-3.7766e-05,1
8.6774,-3.1052e-05,1
8.6779,-1.6785e-07,1
8.6784,3.6591e-05,1
8.6789,6.0594e-05,1
8.6795,7.2175e-05,1
8.68,8.3757e-05,1
8.6805,0.00010088,1
8.681,0.00011061,1
8.6815,0.00010105,1
8.6821,7.5868e-05,1
8.6826,5.153e-05,1
8.6831,4.0116e-05,1
8.6836,4.1291e-05,1
8.6841,5.2201e-05,1
8.6847,7.4189e-05,1
8.6852,0.00010138,1
8.6857,0.00011984,1
8.6862,0.00013478,1
8.6867,0.00015962,1
8.6873,0.00017977,1
8.6878,0.00018329,1
8.6883,0.00016567,1
8.6888,0.00013579,1
8.6893,0.00010944,1
8.6898,9.7856e-05,1
8.6904,9.2149e-05,1
8.6909,8.04e-05,1
8.6914,6.479e-05,1
8.6919,5.4887e-05,1
8.6924,5.2537e-05,1
8.693,5.153e-05,1
8.6935,4.3977e-05,1
8.694,2.8031e-05,1
8.6945,1.7288e-05,1
8.695,3.2227e-05,1
8.6956,7.0497e-05,1
8.6961,0.00011179,1
8.6966,0.00013478,1
8.6971,0.00012605,1
8.6976,9.7185e-05,1
8.6982,6.9993e-05,1
8.6987,4.8173e-05,1
8.6992,2.9038e-05,1
8.6997,1.4267e-05,1
8.7002,5.8747e-06,1
8.7007,6.0426e-06,1
8.7013,1.5274e-05,1
8.7018,2.9877e-05,1
8.7023,3.5416e-05,1
8.7028,1.5442e-05,1
8.7033,-2.0813e-05,1
8.7039,-4.7837e-05,1
8.7044,-4.3977e-05,1
8.7049,-1.6953e-05,1
8.7054,7.8889e-06,1
8.7059,1.2085e-05,1
8.7065,3.357e-06,1
8.707,-4.5319e-06,1
8.7075,-3.8605e-06,1
8.708,8.2246e-06,1
8.7085,4.1291e-05,1
8.7091,9.2317e-05,1
8.7096,0.0001279,1
8.7101,0.00012068,1
8.7106,8.275e-05,1
8.7111,4.7333e-05,1
8.7117,2.887e-05,1
8.7122,2.7863e-05,1
8.7127,4.4144e-05,1
8.7132,6.9657e-05,1
8.7137,9.3324e-05,1
8.7143,0.00010826,1
8.7148,0.0001133,1
8.7153,0.00010726,1
8.7158,9.6178e-05,1
8.7163,8.51e-05,1
8.7168,7.9057e-05,1
8.7174,7.6036e-05,1
8.7179,6.9657e-05,1
8.7184,5.2873e-05,1
8.7189,2.7359e-05,1
8.7194,4.0284e-06,1
8.72,-1.2924e-05,1
8.7205,-3.2395e-05,1
8.721,-5.5894e-05,1
8.7215,-6.9322e-05,1
8.722,-6.5965e-05,1
8.7226,-5.8915e-05,1
8.7231,-6.0929e-05,1
8.7236,-7.3014e-05,1
8.7241,-7.5029e-05,1
8.7246,-5.2201e-05,1
8.7252,-1.6617e-05,1
8.7257,2.266e-05,1
8.7262,6.5965e-05,1
8.7267,0.00010642,1
8.7272,0.00013008,1
8.7278,0.00012236,1
8.7283,8.1743e-05,1
8.7288,2.4002e-05,1
8.7293,-2.5345e-05,1
8.7298,-4.8676e-05,1
8.7303,-4.8508e-05,1
8.7309,-3.7766e-05,1
8.7314,-2.1653e-05,1
8.7319,-4.8676e-06,1
8.7324,1.8463e-06,1
8.7329,-1.1414e-05,1
8.7335,-3.9445e-05,1
8.734,-5.7572e-05,1
8.7345,-4.8508e-05,1
8.735,-1.6953e-05,1
8.7355,1.1749e-06,1
8.7361,-7.8889e-06,1
8.7366,-2.7863e-05,1
8.7371,-4.3137e-05,1
8.7376,-4.3977e-05,1
8.7381,-3.6255e-05,1
8.7387,-3.3738e-05,1
8.7392,-3.357e-05,1
8.7397,-2.0142e-05,1
8.7402,1.7288e-05,1
8.7407,6.9993e-05,1
8.7413,0.00011934,1
8.7418,0.00015727,1
8.7423,0.00018044,1
8.7428,0.00017675,1
8.7433,0.00015291,1
8.7438,0.00011867,1
8.7444,7.7714e-05,1
8.7449,4.5151e-05,1
8.7454,2.4842e-05,1
8.7459,1.0575e-05,1
8.7464,1.3428e-06,1
8.747,-1.6785e-07,1
8.7475,-5.0355e-07,1
8.748,-8.5603e-06,1
8.7485,-2.7863e-05,1
8.749,-4.9012e-05,1
8.7496,-5.6901e-05,1
8.7501,-5.4215e-05,1
8.7506,-4.5655e-05,1
8.7511,-4.0116e-05,1
8.7516,-3.5248e-05,1
8.7522,-1.7288e-05,1
8.7527,9.9031e-06,1
8.7532,2.9038e-05,1
8.7537,3.2563e-05,1
8.7542,1.9974e-05,1
8.7547,1.3428e-06,1
8.7553,-4.1962e-06,1
8.7558,1.326e-05,1
8.7563,5.2201e-05,1
8.7568,9.6513e-05,1
8.7573,0.0001274,1
8.7579,0.00013764,1
8.7584,0.00012773,1
8.7589,0.00010239,1
8.7594,7.5029e-05,1
8.7599,6.63e-05,1
8.7605,8.275e-05,1
8.761,0.00010994,1
8.7615,0.00013243,1
8.762,0.00014183,1
8.7625,0.00013579,1
8.7631,0.00012505,1
8.7636,0.00011666,1
8.7641,0.00010121,1
8.7646,8.04e-05,1
8.7651,6.0929e-05,1
8.7657,3.5248e-05,1
8.7662,-3.8605e-06,1
8.7667,-4.3305e-05,1
8.7672,-7.2007e-05,1
8.7677,-8.9632e-05,1
8.7683,-9.7017e-05,1
8.7688,-9.0471e-05,1
8.7693,-7.2343e-05,1
8.7698,-5.153e-05,1
8.7703,-3.3738e-05,1
8.7708,-2.7024e-05,1
8.7714,-3.4241e-05,1
8.7719,-4.8844e-05,1
8.7724,-5.9922e-05,1
8.7729,-6.3615e-05,1
8.7734,-7.0832e-05,1
8.774,-8.3421e-05,1
8.7745,-8.4092e-05,1
8.775,-6.7979e-05,1
8.7755,-5.0523e-05,1
8.776,-3.5752e-05,1
8.7766,-2.7863e-05,1
8.7771,-3.4577e-05,1
8.7776,-5.3208e-05,1
8.7781,-7.2175e-05,1
8.7786,-7.9393e-05,1
8.7792,-7.1504e-05,1
8.7797,-4.8508e-05,1
8.7802,-1.8967e-05,1
8.7807,5.2033e-06,1
8.7812,4.5487e-05,1
8.7818,0.00010457,1
8.7823,0.000165,1
8.7828,0.0002078,1
8.7833,0.00023012,1
8.7838,0.00023784,1
8.7843,0.00021703,1
8.7849,0.00016097,1
8.7854,9.0303e-05,1
8.7859,3.5248e-05,1
8.7864,3.1891e-06,1
8.7869,-2.031e-05,1
8.7875,-4.3137e-05,1
8.788,-6.7308e-05,1
8.7885,-0.00010491,1
8.789,-0.00014569,1
8.7895,-0.0001655,1
8.7901,-0.00016181,1
8.7906,-0.00014586,1
8.7911,-0.00010138,1
8.7916,-3.3066e-05,1
8.7921,2.0813e-05,1
8.7927,5.2705e-05,1
8.7932,8.6442e-05,1
8.7937,0.00013294,1
8.7942,0.00017943,1
8.7947,0.00020226,1
8.7952,0.00020125,1
8.7958,0.00019185,1
8.7963,0.00018312,1
8.7968,0.00016768,1
8.7973,0.00013948,1
8.7978,0.0001086,1
8.7984,8.8457e-05,1
8.7989,7.335e-05,1
8.7994,4.9851e-05,1
8.7999,2.501e-05,1
8.8004,2.5177e-06,1
8.801,-1.9471e-05,1
8.8015,-3.8605e-05,1
8.802,-5.5222e-05,1
8.8025,-6.8147e-05,1
8.803,-6.8818e-05,1
8.8036,-5.5894e-05,1
8.8041,-4.0787e-05,1
8.8046,-3.2395e-05,1
8.8051,-2.5681e-05,1
8.8056,-1.6953e-05,1
8.8062,-6.8818e-06,1
8.8067,5.2033e-06,1
8.8072,1.8631e-05,1
8.8077,3.7263e-05,1
8.8082,5.2873e-05,1
8.8087,5.0187e-05,1
8.8093,2.7695e-05,1
8.8098,-4.8676e-06,1
8.8103,-2.9709e-05,1
8.8108,-3.3738e-05,1
8.8113,-1.4435e-05,1
8.8119,1.9638e-05,1
8.8124,4.5151e-05,1
8.8129,4.0452e-05,1
8.8134,1.5778e-05,1
8.8139,-3.357e-07,1
8.8145,-1.2421e-05,1
8.815,-1.2421e-05,1
8.8155,2.182e-06,1
8.816,1.4099e-05,1
8.8165,2.3163e-05,1
8.8171,2.8031e-05,1
8.8176,2.5177e-05,1
8.8181,2.1317e-05,1
8.8186,3.2731e-05,1
8.8191,6.3279e-05,1
8.8197,9.3828e-05,1
8.8202,0.00010121,1
8.8207,8.6778e-05,1
8.8212,6.9657e-05,1
8.8217,5.3544e-05,1
8.8223,3.592e-05,1
8.8228,2.031e-05,1
8.8233,1.0575e-05,1
8.8238,1.0239e-05,1
8.8243,2.031e-05,1
8.8248,3.0716e-05,1
8.8254,2.3835e-05,1
8.8259,-1.3931e-05,1
8.8264,-7.805e-05,1
8.8269,-0.00011565,1
8.8274,-0.00010121,1
8.828,-6.3279e-05,1
8.8285,-2.6856e-05,1
8.829,1.0071e-06,1
8.8295,2.0142e-05,1
8.83,3.6423e-05,1
8.8306,5.153e-05,1
8.8311,4.5487e-05,1
8.8316,2.4674e-05,1
8.8321,1.1582e-05,1
8.8326,7.8889e-06,1
8.8332,-6.8818e-06,1
8.8337,-3.7263e-05,1
8.8342,-5.7404e-05,1
8.8347,-6.1936e-05,1
8.8352,-5.8244e-05,1
8.8358,-4.3137e-05,1
8.8363,-2.7359e-05,1
8.8368,-1.4939e-05,1
8.8373,3.6927e-06,1
8.8378,2.7192e-05,1
8.8383,4.8844e-05,1
8.8389,6.6972e-05,1
8.8394,9.366e-05,1
8.8399,0.00013629,1
8.8404,0.00018917,1
8.8409,0.00021871,1
8.8415,0.00020276,1
8.842,0.00016432,1
8.8425,0.00012689,1
8.843,8.7785e-05,1
8.8435,4.1962e-05,1
8.8441,2.5177e-06,1
8.8446,-2.3331e-05,1
8.8451,-4.4984e-05,1
8.8456,-6.6133e-05,1
8.8461,-7.9057e-05,1
8.8467,-7.1504e-05,1
8.8472,-4.683e-05,1
8.8477,-2.9709e-05,1
8.8482,-3.8437e-05,1
8.8487,-5.9251e-05,1
8.8492,-6.6133e-05,1
8.8498,-5.4383e-05,1
8.8503,-3.743e-05,1
8.8508,-2.501e-05,1
8.8513,-1.0575e-05,1
8.8518,9.9031e-06,1
8.8524,3.6759e-05,1
8.8529,6.7308e-05,1
8.8534,9.5842e-05,1
8.8539,0.00011431,1
8.8544,0.00011531,1
8.855,9.5171e-05,1
8.8555,5.8915e-05,1
8.856,2.2324e-05,1
8.8565,-1.8463e-06,1
8.857,-9.5674e-06,1
8.8576,-7.2175e-06,1
8.8581,-1.8463e-06,1
8.8586,2.5177e-06,1
8.8591,7.5532e-06,1
8.8596,1.5778e-05,1
8.8602,2.4506e-05,1
8.8607,3.7766e-05,1
8.8612,5.4887e-05,1
8.8617,6.1936e-05,1
8.8622,5.153e-05,1
8.8628,3.0045e-05,1
8.8633,1.2924e-05,1
8.8638,5.2033e-06,1
8.8643,-3.1891e-06,1
8.8648,-1.9303e-05,1
8.8653,-3.2395e-05,1
8.8659,-3.1891e-05,1
8.8664,-2.1653e-05,1
8.8669,-9.5674e-06,1
8.8674,-2.182e-06,1
8.8679,2.182e-06,1
8.8685,-3.0213e-06,1
8.869,-3.1388e-05,1
8.8695,-6.5293e-05,1
8.87,-7.8721e-05,1
8.8705,-7.2175e-05,1
8.8711,-5.069e-05,1
8.8716,-1.7792e-05,1
8.8721,1.9638e-05,1
8.8726,5.3208e-05,1
8.8731,7.0329e-05,1
8.8737,6.0258e-05,1
8.8742,3.8437e-05,1
8.8747,2.5513e-05,1
8.8752,2.9709e-05,1
8.8757,4.2634e-05,1
8.8763,4.9348e-05,1
8.8768,5.0019e-05,1
8.8773,5.3544e-05,1
8.8778,6.2272e-05,1
8.8783,6.63e-05,1
8.8788,6.63e-05,1
8.8794,7.9561e-05,1
8.8799,0.0001034,1
8.8804,0.00012203,1
8.8809,0.00012152,1
8.8814,9.0303e-05,1
8.882,3.3234e-05,1
8.8825,-2.0478e-05,1
8.883,-5.1698e-05,1
8.8835,-6.2608e-05,1
8.884,-5.9922e-05,1
8.8846,-4.9012e-05,1
8.8851,-3.9445e-05,1
8.8856,-2.7863e-05,1
8.8861,-1.2924e-05,1
8.8866,-3.5248e-06,1
8.8872,-1.0071e-06,1
8.8877,5.2033e-06,1
8.8882,2.6017e-05,1
8.8887,4.7837e-05,1
8.8892,5.6565e-05,1
8.8897,5.3544e-05,1
8.8903,4.9516e-05,1
8.8908,4.8508e-05,1
8.8913,4.8844e-05,1
8.8918,5.4719e-05,1
8.8923,7.57e-05,1
8.8929,0.00011548,1
8.8934,0.00016265,1
8.8939,0.00020259,1
8.8944,0.00022341,1
8.8949,0.00020797,1
8.8955,0.00016231,1
8.896,0.00010289,1
8.8965,4.213e-05,1
8.897,-1.2085e-05,1
8.8975,-9.0806e-05,1
8.8981,-0.00018379,1
8.8986,-0.00022895,1
8.8991,-0.00020259,1
8.8996,-0.00013109,1
8.9001,-6.3783e-05,1
8.9007,-2.1485e-05,1
8.9012,1.4099e-05,1
8.9017,4.2634e-05,1
8.9022,4.5991e-05,1
8.9027,3.2059e-05,1
8.9032,2.5681e-05,1
8.9038,2.9038e-05,1
8.9043,1.326e-05,1
8.9048,-2.7359e-05,1
8.9053,-6.8315e-05,1
8.9058,-8.4092e-05,1
8.9064,-6.3783e-05,1
8.9069,-1.9135e-05,1
8.9074,2.2324e-05,1
8.9079,4.1123e-05,1
8.9084,4.683e-05,1
8.909,4.2802e-05,1
8.9095,2.7527e-05,1
8.91,8.7282e-06,1
8.9105,-3.357e-07,1
8.911,-2.182e-06,1
8.9116,-6.714e-07,1
8.9121,1.2589e-05,1
8.9126,4.1123e-05,1
8.9131,7.1672e-05,1
8.9136,8.7449e-05,1
8.9142,9.0471e-05,1
8.9147,7.8386e-05,1
8.9152,4.5991e-05,1
8.9157,9.9031e-06,1
8.9162,-7.3854e-06,1
8.9168,1.1078e-05,1
8.9173,6.4958e-05,1
8.9178,0.00013193,1
8.9183,0.00017775,1
8.9188,0.00018044,1
8.9193,0.00014351,1
8.9199,8.7449e-05,1
8.9204,3.0045e-05,1
8.9209,-1.8463e-05,1
8.9214,-4.7333e-05,1
8.9219,-5.7908e-05,1
8.9225,-5.0858e-05,1
8.923,-2.3835e-05,1
8.9235,1.0407e-05,1
8.924,3.9445e-05,1
8.9245,6.3951e-05,1
8.9251,8.4092e-05,1
8.9256,8.6778e-05,1
8.9261,6.63e-05,1
8.9266,3.0045e-05,1
8.9271,-1.2253e-05,1
8.9277,-4.3137e-05,1
8.9282,-4.448e-05,1
8.9287,-2.7359e-05,1
8.9292,-3.1556e-05,1
8.9297,-7.0329e-05,1
8.9302,-0.00012068,1
8.9308,-0.00015996,1
8.9313,-0.00018144,1
8.9318,-0.0001707,1
8.9323,-0.00010625,1
8.9328,-9.5674e-06,1
8.9334,7.1504e-05,1
8.9339,0.00010222,1
8.9344,9.9199e-05,1
8.9349,0.00010692,1
8.9354,0.0001462,1
8.936,0.00020494,1
8.9365,0.00024221,1
8.937,0.00022408,1
8.9375,0.00017272,1
8.938,0.00012203,1
8.9386,7.8721e-05,1
8.9391,3.9948e-05,1
8.9396,4.8676e-06,1
8.9401,-2.0981e-05,1
8.9406,-3.5752e-05,1
8.9412,-4.4144e-05,1
8.9417,-4.9851e-05,1
8.9422,-5.2201e-05,1
8.9427,-5.3208e-05,1
8.9432,-5.5222e-05,1
8.9437,-5.4383e-05,1
8.9443,-4.8676e-05,1
8.9448,-4.0116e-05,1
8.9453,-3.4745e-05,1
8.9458,-3.6759e-05,1
8.9463,-4.3809e-05,1
8.9469,-4.7166e-05,1
8.9474,-4.4984e-05,1
8.9479,-4.8844e-05,1
8.9484,-6.009e-05,1
8.9489,-7.335e-05,1
8.9495,-7.5868e-05,1
8.95,-6.0929e-05,1
8.9505,-3.3906e-05,1
8.951,-1.8463e-06,1
8.9515,2.6688e-05,1
8.9521,4.4144e-05,1
8.9526,5.0187e-05,1
8.9531,5.8915e-05,1
8.9536,7.6371e-05,1
8.9541,9.3828e-05,1
8.9547,8.6275e-05,1
8.9552,3.6088e-05,1
8.9557,-1.5274e-05,1
8.9562,-3.1388e-05,1
8.9567,-2.0478e-05,1
8.9573,1.2924e-05,1
8.9578,6.4118e-05,1
8.9583,0.00010121,1
8.9588,0.00010256,1
8.9593,8.1743e-05,1
8.9598,3.8437e-05,1
8.9604,-2.182e-05,1
8.9609,-6.4286e-05,1
8.9614,-8.0903e-05,1
8.9619,-8.4764e-05,1
8.9624,-6.7308e-05,1
8.963,-2.3163e-05,1
8.9635,2.0645e-05,1
8.964,4.1123e-05,1
8.9645,5.2033e-05,1
8.965,7.2343e-05,1
8.9656,9.7856e-05,1
8.9661,0.00011363,1
8.9666,0.00011061,1
8.9671,8.896e-05,1
8.9676,5.6565e-05,1
8.9682,3.7766e-05,1
8.9687,5.0858e-05,1
8.9692,7.7043e-05,1
8.9697,8.0903e-05,1
8.9702,5.4887e-05,1
8.9708,2.1653e-05,1
8.9713,1.8463e-06,1
8.9718,1.1749e-06,1
8.9723,7.2175e-06,1
8.9728,5.2033e-06,1
8.9733,-1.5946e-05,1
8.9739,-6.2943e-05,1
8.9744,-0.00011548,1
8.9749,-0.00013898,1
8.9754,-0.00012287,1
8.9759,-8.3253e-05,1
8.9765,-4.4144e-05,1
8.977,-2.0478e-05,1
8.9775,-7.8889e-06,1
8.978,4.3641e-06,1
8.9785,2.266e-05,1
8.9791,5.5558e-05,1
8.9796,0.00010256,1
8.9801,0.00015291,1
8.9806,0.00017641,1
8.9811,0.00015258,1
8.9817,0.00010977,1
8.9822,8.6275e-05,1
8.9827,8.5771e-05,1
8.9832,7.8386e-05,1
8.9837,4.6159e-05,1
8.9842,6.8818e-06,1
8.9848,-1.4939e-05,1
8.9853,-1.561e-05,1
8.9858,4.1962e-06,1
8.9863,5.1698e-05,1
8.9868,0.00011162,1
8.9874,0.00015627,1
8.9879,0.00016886,1
8.9884,0.00015811,1
8.9889,0.00014318,1
8.9894,0.00012689,1
8.99,9.6513e-05,1
8.9905,5.5894e-05,1
8.991,3.0549e-05,1
8.9915,2.9374e-05,1
8.992,5.1865e-05,1
8.9926,9.5842e-05,1
8.9931,0.00012287,1
8.9936,8.9464e-05,1
8.9941,1.3596e-05,1
8.9946,-6.1936e-05,1
8.9952,-0.00011598,1
8.9957,-0.00014334,1
8.9962,-0.00013713,1
8.9967,-0.00010877,1
8.9972,-7.7714e-05,1
8.9977,-5.2705e-05,1
8.9983,-3.978e-05,1
8.9988,-4.5319e-05,1
8.9993,-6.0426e-05,1
8.9998,-6.7308e-05,1
9.0003,-5.9419e-05,1
9.0009,-4.4984e-05,1
9.0014,-3.4073e-05,1
9.0019,-3.4409e-05,1
9.0024,-4.1123e-05,1
9.0029,-4.8676e-05,1
9.0035,-6.4622e-05,1
9.004,-9.2317e-05,1
9.0045,-0.00012236,1
9.005,-0.00013378,1
9.0055,-0.00010524,1
9.0061,-4.3137e-05,1
9.0066,3.1052e-05,1
9.0071,0.0001133,1
9.0076,0.00019387,1
9.0081,0.00024623,1
9.0087,0.00025429,1
9.0092,0.00023432,1
9.0097,0.00020964,1
9.0102,0.00018228,1
9.0107,0.00014888,1
9.0113,0.00010726,1
9.0118,5.9922e-05,1
9.0123,1.5778e-05,1
9.0128,-6.3783e-06,1
9.0133,-3.5248e-06,1
9.0138,1.1246e-05,1
9.0144,2.8534e-06,1
9.0149,-6.2272e-05,1
9.0154,-0.00014737,1
9.0159,-0.00022475,1
9.0164,-0.00026772,1
9.017,-0.00026873,1
9.0175,-0.00025463,1
9.018,-0.00022156,1
9.0185,-0.00016231,1
9.019,-9.0303e-05,1
9.0196,-9.5674e-06,1
9.0201,8.0903e-05,1
9.0206,0.00017876,1
9.0211,0.00028383,1
9.0216,0.00036742,1
9.0222,0.00039596,1
9.0227,0.00037111,1
9.0232,0.00033016,1
9.0237,0.00029206,1
9.0242,0.00024338,1
9.0247,0.00017977,1
9.0253,0.00011397,1
9.0258,5.5726e-05,1
9.0263,1.326e-05,1
9.0268,-1.2421e-05,1
9.0273,-2.4506e-05,1
9.0279,-2.1149e-05,1
9.0284,-1.5106e-06,1
9.0289,2.4674e-05,1
9.0294,3.743e-05,1
9.0299,3.1388e-05,1
9.0305,2.652e-05,1
9.031,3.3738e-05,1
9.0315,3.3738e-05,1
9.032,9.9031e-06,1
9.0325,-2.6352e-05,1
9.0331,-4.7333e-05,1
9.0336,-5.2537e-05,1
9.0341,-5.5222e-05,1
9.0346,-7.4357e-05,1
9.0351,-9.8695e-05,1
9.0357,-0.00010893,1
9.0362,-0.00012203,1
9.0367,-0.00016063,1
9.0372,-0.00022106,1
9.0377,-0.00027259,1
9.0382,-0.00028937,1
9.0388,-0.00027645,1
9.0393,-0.00024791,1
9.0398,-0.00020562,1
9.0403,-0.00014804,1
9.0408,-8.1575e-05,1
9.0414,-2.031e-05,1
9.0419,3.0381e-05,1
9.0424,7.1336e-05,1
9.0429,0.00010457,1
9.0434,0.00013008,1
9.044,0.00014939,1
9.0445,0.00016298,1
9.045,0.00017171,1
9.0455,0.00018631,1
9.046,0.00020494,1
9.0466,0.00021501,1
9.0471,0.00021535,1
9.0476,0.00020394,1
9.0481,0.00017574,1
9.0486,0.00014821,1
9.0492,0.00012605,1
9.0497,0.00010037,1
9.0502,7.2847e-05,1
9.0507,4.8173e-05,1
9.0512,3.4073e-05,1
9.0518,2.7527e-05,1
9.0523,1.8967e-05,1
9.0528,7.8889e-06,1
9.0533,-2.0142e-06,1
9.0538,-1.091e-05,1
9.0543,-1.8296e-05,1
9.0549,-2.3667e-05,1
9.0554,-3.0045e-05,1
9.0559,-3.4577e-05,1
9.0564,-3.2731e-05,1
9.0569,-1.6617e-05,1
9.0575,1.1078e-05,1
9.058,4.0452e-05,1
9.0585,5.0523e-05,1
9.059,3.357e-05,1
9.0595,-2.8534e-06,1
9.0601,-4.7166e-05,1
9.0606,-8.1407e-05,1
9.0611,-8.9464e-05,1
9.0616,-7.4693e-05,1
9.0621,-5.2705e-05,1
9.0627,-3.743e-05,1
9.0632,-3.2395e-05,1
9.0637,-2.9038e-05,1
9.0642,-1.9806e-05,1
9.0647,-2.8534e-06,1
9.0653,2.1317e-05,1
9.0658,5.623e-05,1
9.0663,9.0471e-05,1
9.0668,0.00011498,1
9.0673,0.00012253,1
9.0678,0.0001044,1
9.0684,6.1601e-05,1
9.0689,1.7456e-05,1
9.0694,-5.8747e-06,1
9.0699,-9.5674e-06,1
9.0704,-3.1891e-06,1
9.071,6.5461e-06,1
9.0715,1.0575e-05,1
9.072,1.0742e-05,1
9.0725,1.7624e-05,1
9.073,2.7527e-05,1
9.0736,4.0955e-05,1
9.0741,5.9586e-05,1
9.0746,7.4861e-05,1
9.0751,8.1407e-05,1
9.0756,8.0903e-05,1
9.0762,8.1743e-05,1
9.0767,8.4932e-05,1
9.0772,7.9393e-05,1
9.0777,5.9586e-05,1
9.0782,1.9806e-05,1
9.0787,-6.5293e-05,1
9.0793,-0.00016919,1
9.0798,-0.00022878,1
9.0803,-0.00023935,1
9.0808,-0.00022593,1
9.0813,-0.00021653,1
9.0819,-0.00021988,1
9.0824,-0.00020964,1
9.0829,-0.00015526,1
9.0834,-4.4144e-05,1
9.0839,0.00010105,1
9.0845,0.00023818,1
9.085,0.00032345,1
9.0855,0.00033486,1
9.086,0.00028837,1
9.0865,0.00022811,1
9.0871,0.00019991,1
9.0876,0.00020645,1
9.0881,0.00020897,1
9.0886,0.00018296,1
9.0891,0.00014905,1
9.0897,0.0001279,1
9.0902,0.00011431,1
9.0907,9.1142e-05,1
9.0912,4.5823e-05,1
9.0917,-1.2757e-05,1
9.0922,-6.4622e-05,1
9.0928,-9.6178e-05,1
9.0933,-0.00010843,1
9.0938,-9.836e-05,1
9.0943,-7.9393e-05,1
9.0948,-7.2679e-05,1
9.0954,-7.2175e-05,1
9.0959,-5.7572e-05,1
9.0964,-2.2324e-05,1
9.0969,2.8031e-05,1
9.0974,7.4693e-05,1
9.098,0.00010692,1
9.0985,0.00011666,1
9.099,0.00010239,1
9.0995,8.2078e-05,1
9.1,6.6133e-05,1
9.1006,4.4144e-05,1
9.1011,2.5513e-05,1
9.1016,2.266e-05,1
9.1021,2.6352e-05,1
9.1026,2.4338e-05,1
9.1032,1.9303e-05,1
9.1037,1.5778e-05,1
9.1042,9.5674e-06,1
9.1047,3.357e-07,1
9.1052,-8.2246e-06,1
9.1058,-3.0213e-06,1
9.1063,1.5778e-05,1
9.1068,2.1988e-05,1
9.1073,-1.3428e-06,1
9.1078,-3.9109e-05,1
9.1083,-6.7979e-05,1
9.1089,-8.275e-05,1
9.1094,-9.4331e-05,1
9.1099,-0.00010809,1
9.1104,-0.00011901,1
9.1109,-0.00011632,1
9.1115,-9.9702e-05,1
9.112,-7.6707e-05,1
9.1125,-5.2033e-05,1
9.113,-2.5849e-05,1
9.1135,1.0071e-06,1
9.1141,2.8702e-05,1
9.1146,6.0258e-05,1
9.1151,9.5171e-05,1
9.1156,0.00012169,1
9.1161,0.00012471,1
9.1167,0.0001091,1
9.1172,8.7114e-05,1
9.1177,7.0665e-05,1
9.1182,6.9322e-05,1
9.1187,7.1e-05,1
9.1192,4.8676e-05,1
9.1198,4.5319e-06,1
9.1203,-2.7695e-05,1
9.1208,-2.8031e-05,1
9.1213,-1.1582e-05,1
9.1218,-2.182e-06,1
9.1224,-1.4435e-05,1
9.1229,-3.5416e-05,1
9.1234,-3.3234e-05,1
9.1239,-2.5177e-06,1
9.1244,3.2563e-05,1
9.125,5.5558e-05,1
9.1255,6.5461e-05,1
9.126,4.5319e-05,1
9.1265,-4.5319e-06,1
9.127,-4.8844e-05,1
9.1276,-6.2608e-05,1
9.1281,-5.2033e-05,1
9.1286,-3.3234e-05,1
9.1291,-1.8631e-05,1
9.1296,-8.5603e-06,1
9.1302,4.8676e-06,1
9.1307,2.3331e-05,1
9.1312,3.6927e-05,1
9.1317,3.8437e-05,1
9.1322,3.0381e-05,1
9.1328,2.1317e-05,1
9.1333,2.0645e-05,1
9.1338,2.3163e-05,1
9.1343,1.4435e-05,1
9.1348,-2.8534e-06,1
9.1353,-8.0568e-06,1
9.1359,1.3931e-05,1
9.1364,5.0019e-05,1
9.1369,6.6972e-05,1
9.1374,5.1194e-05,1
9.1379,2.2324e-05,1
9.1385,1.0071e-05,1
9.139,2.8031e-05,1
9.1395,6.2272e-05,1
9.14,8.6442e-05,1
9.1405,8.9799e-05,1
9.1411,8.8457e-05,1
9.1416,9.1142e-05,1
9.1421,9.366e-05,1
9.1426,8.9967e-05,1
9.1431,8.4092e-05,1
9.1437,7.4022e-05,1
9.1442,6.0929e-05,1
9.1447,5.2201e-05,1
9.1452,3.1052e-05,1
9.1457,3.1891e-06,1
9.1463,5.539e-06,1
9.1468,4.2802e-05,1
9.1473,8.3757e-05,1
9.1478,9.6513e-05,1
9.1483,8.9128e-05,1
9.1488,8.5603e-05,1
9.1494,8.7785e-05,1
9.1499,7.9057e-05,1
9.1504,4.1123e-05,1
9.1509,-2.4674e-05,1
9.1514,-6.7979e-05,1
9.152,-6.1936e-05,1
9.1525,-3.7263e-05,1
9.153,-1.796e-05,1
9.1535,6.8818e-06,1
9.154,3.9612e-05,1
9.1546,6.714e-05,1
9.1551,8.5435e-05,1
9.1556,0.00010172,1
9.1561,0.00012018,1
9.1566,0.00012505,1
9.1572,7.9561e-05,1
9.1577,-1.9135e-05,1
9.1582,-0.00011565,1
9.1587,-0.00015996,1
9.1592,-0.0001378,1
9.1598,-8.0232e-05,1
9.1603,-4.062e-05,1
9.1608,-5.0858e-05,1
9.1613,-9.3492e-05,1
9.1618,-0.00011783,1
9.1623,-8.2246e-05,1
9.1629,5.2033e-06,1
9.1634,0.00010759,1
9.1639,0.00018245,1
9.1644,0.00019454,1
9.1649,0.00014838,1
9.1655,9.1478e-05,1
9.166,6.6972e-05,1
9.1665,7.8218e-05,1
9.167,9.4163e-05,1
9.1675,9.2149e-05,1
9.1681,7.1e-05,1
9.1686,3.9445e-05,1
9.1691,1.2589e-05,1
9.1696,-1.2924e-05,1
9.1701,-3.592e-05,1
9.1707,-4.3473e-05,1
9.1712,-4.1291e-05,1
9.1717,-4.1291e-05,1
9.1722,-4.918e-05,1
9.1727,-5.9586e-05,1
9.1732,-6.0929e-05,1
9.1738,-5.8412e-05,1
9.1743,-6.1433e-05,1
9.1748,-6.4286e-05,1
9.1753,-5.5222e-05,1
9.1758,-3.1556e-05,1
9.1764,-5.0355e-07,1
9.1769,2.0981e-05,1
9.1774,2.7863e-05,1
9.1779,2.887e-05,1
9.1784,2.8199e-05,1
9.179,2.7863e-05,1
9.1795,2.9038e-05,1
9.18,2.9038e-05,1
9.1805,2.7695e-05,1
9.181,1.2757e-05,1
9.1816,-2.652e-05,1
9.1821,-8.04e-05,1
9.1826,-0.00014015,1
9.1831,-0.00018799,1
9.1836,-0.00019152,1
9.1842,-0.00014972,1
9.1847,-9.987e-05,1
9.1852,-6.6636e-05,1
9.1857,-3.6423e-05,1
9.1862,1.5106e-05,1
9.1867,9.4163e-05,1
9.1873,0.00018296,1
9.1878,0.00024472,1
9.1883,0.00025328,1
9.1888,0.00021099,1
9.1893,0.00015157,1
9.1899,9.752e-05,1
9.1904,5.0523e-05,1
9.1909,1.8799e-05,1
9.1914,9.9031e-06,1
9.1919,2.1149e-05,1
9.1925,3.7095e-05,1
9.193,4.062e-05,1
9.1935,3.1891e-05,1
9.194,3.0381e-05,1
9.1945,4.7166e-05,1
9.1951,7.2343e-05,1
9.1956,9.9199e-05,1
9.1961,0.00012303,1
9.1966,0.00013663,1
9.1971,0.00013243,1
9.1977,0.00010574,1
9.1982,7.0161e-05,1
9.1987,4.4144e-05,1
9.1992,3.1388e-05,1
9.1997,2.7359e-05,1
9.2003,2.652e-05,1
9.2008,2.4002e-05,1
9.2013,7.8889e-06,1
9.2018,-2.5681e-05,1
9.2023,-6.4286e-05,1
9.2028,-8.8121e-05,1
9.2034,-9.3996e-05,1
9.2039,-9.1478e-05,1
9.2044,-8.6107e-05,1
9.2049,-7.2679e-05,1
9.2054,-3.5752e-05,1
9.206,2.4674e-05,1
9.2065,7.8889e-05,1
9.207,9.6345e-05,1
9.2075,8.1071e-05,1
9.208,6.1097e-05,1
9.2086,4.6159e-05,1
9.2091,1.7456e-05,1
9.2096,-4.4984e-05,1
9.2101,-0.00010826,1
9.2106,-0.00014553,1
9.2112,-0.00018682,1
9.2117,-0.00025563,1
9.2122,-0.00029776,1
9.2127,-0.00025731,1
9.2132,-0.00015912,1
9.2137,-6.479e-05,1
9.2143,5.0355e-07,1
9.2148,5.2201e-05,1
9.2153,0.00011229,1
9.2158,0.00018245,1
9.2163,0.00025765,1
9.2169,0.00034224,1
9.2174,0.00041946,1
9.2179,0.00045235,1
9.2184,0.0004161,1
9.2189,0.00033335,1
9.2195,0.00023046,1
9.22,0.00011934,1
9.2205,2.1317e-05,1
9.221,-4.2466e-05,1
9.2215,-6.5965e-05,1
9.2221,-6.6468e-05,1
9.2226,-6.1936e-05,1
9.2231,-5.7404e-05,1
9.2236,-5.2537e-05,1
9.2241,-5.0019e-05,1
9.2247,-4.9012e-05,1
9.2252,-4.5151e-05,1
9.2257,-3.8941e-05,1
9.2262,-3.1388e-05,1
9.2267,-2.3163e-05,1
9.2272,-1.1414e-05,1
9.2278,5.2033e-06,1
9.2283,1.4939e-05,1
9.2288,5.539e-06,1
9.2293,-2.0142e-05,1
9.2298,-4.8173e-05,1
9.2304,-6.1601e-05,1
9.2309,-6.0258e-05,1
9.2314,-5.4551e-05,1
9.2319,-5.5558e-05,1
9.2324,-6.6133e-05,1
9.233,-7.4357e-05,1
9.2335,-7.0161e-05,1
9.234,-5.388e-05,1
9.2345,-2.9709e-05,1
9.235,-8.3925e-07,1
9.2356,3.2731e-05,1
9.2361,6.0594e-05,1
9.2366,7.6036e-05,1
9.2371,9.366e-05,1
9.2376,0.000118,1
9.2382,0.0001378,1
9.2387,0.00015425,1
9.2392,0.00017893,1
9.2397,0.00020192,1
9.2402,0.00019487,1
9.2408,0.00014351,1
9.2413,7.0665e-05,1
9.2418,7.8889e-06,1
9.2423,-2.9709e-05,1
9.2428,-4.918e-05,1
9.2433,-5.8579e-05,1
9.2439,-5.5894e-05,1
9.2444,-4.5151e-05,1
9.2449,-3.4745e-05,1
9.2454,-3.7263e-05,1
9.2459,-4.8508e-05,1
9.2465,-5.2705e-05,1
9.247,-4.5151e-05,1
9.2475,-3.2059e-05,1
9.248,-1.7288e-05,1
9.2485,-2.8534e-06,1
9.2491,6.8818e-06,1
9.2496,8.3925e-06,1
9.2501,1.1749e-06,1
9.2506,-1.8463e-06,1
9.2511,2.1317e-05,1
9.2517,5.7572e-05,1
9.2522,7.0665e-05,1
9.2527,5.153e-05,1
9.2532,1.6617e-05,1
9.2537,-2.7024e-05,1
9.2543,-7.5532e-05,1
9.2548,-0.00011313,1
9.2553,-0.00012975,1
9.2558,-0.00012119,1
9.2563,-0.00010021,1
9.2568,-8.4932e-05,1
9.2574,-7.4693e-05,1
9.2579,-5.5894e-05,1
9.2584,-2.3835e-05,1
9.2589,1.3931e-05,1
9.2594,3.3906e-05,1
9.26,2.4338e-05,1
9.2605,1.0239e-05,1
9.261,1.6953e-05,1
9.2615,3.6927e-05,1
9.262,5.3376e-05,1
9.2626,5.7237e-05,1
9.2631,5.3208e-05,1
9.2636,5.9922e-05,1
9.2641,7.6875e-05,1
9.2646,9.366e-05,1
9.2652,0.00010491,1
9.2657,0.00011212,1
9.2662,0.00012757,1
9.2667,0.00015459,1
9.2672,0.00018144,1
9.2677,0.00019521,1
9.2683,0.00019319,1
9.2688,0.00017675,1
9.2693,0.00014351,1
9.2698,0.00010188,1
9.2703,7.1336e-05,1
9.2709,6.5461e-05,1
9.2714,7.3854e-05,1
9.2719,5.774e-05,1
9.2724,-1.4939e-05,1
9.2729,-0.00010306,1
9.2735,-0.00014519,1
9.274,-0.00013378,1
9.2745,-9.4163e-05,1
9.275,-5.0858e-05,1
9.2755,-1.6281e-05,1
9.2761,6.8818e-06,1
9.2766,3.0381e-05,1
9.2771,5.7572e-05,1
9.2776,8.1407e-05,1
9.2781,9.6513e-05,1
9.2787,0.00010373,1
9.2792,9.9199e-05,1
9.2797,7.7546e-05,1
9.2802,4.4984e-05,1
9.2807,9.2317e-06,1
9.2812,-2.9877e-05,1
9.2818,-7.2007e-05,1
9.2823,-0.00010642,1
9.2828,-0.00012303,1
9.2833,-0.00011397,1
9.2838,-8.8792e-05,1
9.2844,-7.1504e-05,1
9.2849,-7.9393e-05,1
9.2854,-0.00010121,1
9.2859,-0.00012807,1
9.2864,-0.00017221,1
9.287,-0.00019118,1
9.2875,-0.00012572,1
9.288,7.0497e-06,1
9.2885,0.0001415,1
9.289,0.00023348,1
9.2896,0.00027611,1
9.2901,0.00028669,1
9.2906,0.00028551,1
9.2911,0.00027443,1
9.2916,0.00024858,1
9.2922,0.00022676,1
9.2927,0.00023247,1
9.2932,0.00024489,1
9.2937,0.00022139,1
9.2942,0.0001566,1
9.2948,6.7308e-05,1
9.2953,-2.5513e-05,1
9.2958,-9.2485e-05,1
9.2963,-0.00011397,1
9.2968,-0.00010709,1
9.2973,-0.00010222,1
9.2979,-0.00010793,1
9.2984,-0.00011179,1
9.2989,-0.00010759,1
9.2994,-9.8863e-05,1
9.2999,-8.0568e-05,1
9.3005,-4.3473e-05,1
9.301,4.5319e-06,1
9.3015,3.6088e-05,1
9.302,2.9374e-05,1
9.3025,-8.2246e-06,1
9.3031,-5.4551e-05,1
9.3036,-0.00010188,1
9.3041,-0.00015039,1
9.3046,-0.00017893,1
9.3051,-0.00016936,1
9.3057,-0.0001331,1
9.3062,-9.6178e-05,1
9.3067,-6.9993e-05,1
9.3072,-5.069e-05,1
9.3077,-2.3163e-05,1
9.3082,1.8631e-05,1
9.3088,7.2847e-05,1
9.3093,0.00014083,1
9.3098,0.00019353,1
9.3103,0.00018732,1
9.3108,0.00012454,1
9.3114,5.1865e-05,1
9.3119,1.6953e-05,1
9.3124,2.4338e-05,1
9.3129,4.4816e-05,1
9.3134,5.0187e-05,1
9.314,3.0045e-05,1
9.3145,7.5532e-06,1
9.315,1.0071e-05,1
9.3155,3.2731e-05,1
9.316,5.9754e-05,1
9.3166,9.7856e-05,1
9.3171,0.00014653,1
9.3176,0.00016684,1
9.3181,0.0001279,1
9.3186,1.6449e-05,1
9.3192,-0.0001415,1
9.3197,-0.00027208,1
9.3202,-0.00032546,1
9.3207,-0.0003033,1
9.3212,-0.00024858,1
9.3217,-0.00019789,1
9.3223,-0.00015207,1
9.3228,-7.7211e-05,1
9.3233,6.1601e-05,1
9.3238,0.00025664,1
9.3243,0.0004495,1
9.3249,0.00055038,1
9.3254,0.00051513,1
9.3259,0.00039176,1
9.3264,0.00026,1
9.3269,0.000166,1
9.3275,0.00011061,1
9.328,8.1239e-05,1
9.3285,6.865e-05,1
9.329,6.0594e-05,1
9.3295,5.069e-05,1
9.3301,3.9277e-05,1
9.3306,2.6688e-05,1
9.3311,1.1078e-05,1
9.3316,-6.5461e-06,1
9.3321,-1.5106e-05,1
9.3327,-1.5274e-05,1
9.3332,-1.7624e-05,1
9.3337,-2.7192e-05,1
9.3342,-4.5151e-05,1
9.3347,-6.714e-05,1
9.3353,-8.0735e-05,1
9.3358,-8.275e-05,1
9.3363,-6.8818e-05,1
9.3368,-4.8005e-05,1
9.3373,-4.1962e-05,1
9.3378,-4.8508e-05,1
9.3384,-5.2705e-05,1
9.3389,-4.1962e-05,1
9.3394,-1.1749e-05,1
9.3399,1.796e-05,1
9.3404,2.4674e-05,1
9.341,1.4099e-05,1
9.3415,5.2033e-06,1
9.342,2.0142e-06,1
9.3425,-6.714e-06,1
9.343,-2.9374e-05,1
9.3436,-6.9322e-05,1
9.3441,-0.00013075,1
9.3446,-0.00018296,1
9.3451,-0.00019622,1
9.3456,-0.00017607,1
9.3462,-0.00013747,1
9.3467,-9.1646e-05,1
9.3472,-4.7837e-05,1
9.3477,-9.7353e-06,1
9.3482,3.0716e-05,1
9.3488,7.805e-05,1
9.3493,0.00012538,1
9.3498,0.00016953,1
9.3503,0.00019185,1
9.3508,0.0001801,1
9.3513,0.00015627,1
9.3519,0.00014049,1
9.3524,0.00013008,1
9.3529,0.00011901,1
9.3534,0.00010524,1
9.3539,8.3085e-05,1
9.3545,5.4719e-05,1
9.355,3.2059e-05,1
9.3555,2.3163e-05,1
9.356,2.2156e-05,1
9.3565,2.5345e-05,1
9.3571,3.6255e-05,1
9.3576,5.1194e-05,1
9.3581,4.9683e-05,1
9.3586,2.1653e-05,1
9.3591,-2.031e-05,1
9.3597,-5.4047e-05,1
9.3602,-6.5629e-05,1
9.3607,-6.1265e-05,1
9.3612,-4.1794e-05,1
9.3617,1.4603e-05,1
9.3622,8.1407e-05,1
9.3628,9.9199e-05,1
9.3633,3.8941e-05,1
9.3638,-6.1936e-05,1
9.3643,-0.00012773,1
9.3648,-0.0001331,1
9.3654,-0.00010658,1
9.3659,-6.6804e-05,1
9.3664,-1.7121e-05,1
9.3669,3.5416e-05,1
9.3674,6.8818e-05,1
9.368,5.5558e-05,1
9.3685,6.0426e-06,1
9.369,-3.4409e-05,1
9.3695,-4.5823e-05,1
9.37,-5.153e-05,1
9.3706,-6.9993e-05,1
9.3711,-8.9967e-05,1
9.3716,-9.5674e-05,1
9.3721,-8.4428e-05,1
9.3726,-5.8747e-05,1
9.3732,-1.8128e-05,1
9.3737,3.8437e-05,1
9.3742,0.00010121,1
9.3747,0.00014754,1
9.3752,0.000166,1
9.3758,0.00016298,1
9.3763,0.00015023,1
9.3768,0.00013394,1
9.3773,0.00011598,1
9.3778,0.00010105,1
9.3783,8.9464e-05,1
9.3789,8.1407e-05,1
9.3794,6.6636e-05,1
9.3799,3.9948e-05,1
9.3804,1.9974e-05,1
9.3809,2.6184e-05,1
9.3815,5.6062e-05,1
9.382,9.1814e-05,1
9.3825,0.00011548,1
9.383,0.00012656,1
9.3835,0.00011901,1
9.3841,7.9728e-05,1
9.3846,1.6617e-05,1
9.3851,-4.3641e-05,1
9.3856,-9.1478e-05,1
9.3861,-0.0001232,1
9.3867,-0.00013646,1
9.3872,-0.00013629,1
9.3877,-0.00012807,1
9.3882,-0.00010558,1
9.3887,-6.7308e-05,1
9.3893,-4.8676e-05,1
9.3898,-6.4286e-05,1
9.3903,-6.4118e-05,1
9.3908,-7.0497e-06,1
9.3913,8.426e-05,1
9.3918,0.00015492,1
9.3924,0.00016902,1
9.3929,0.00012992,1
9.3934,8.9296e-05,1
9.3939,9.9535e-05,1
9.3944,0.00013629,1
9.395,0.00015526,1
9.3955,0.00013948,1
9.396,8.8457e-05,1
9.3965,2.6688e-05,1
9.397,-5.2033e-06,1
9.3976,1.7792e-05,1
9.3981,7.8553e-05,1
9.3986,0.00014922,1
9.3991,0.00020629,1
9.3996,0.00021854,1
9.4002,0.0001801,1
9.4007,0.00011598,1
9.4012,6.5126e-05,1
9.4017,5.0858e-05,1
9.4022,6.5293e-05,1
9.4027,7.6707e-05,1
9.4033,6.4286e-05,1
9.4038,3.6088e-05,1
9.4043,9.0639e-06,1
9.4048,-1.2253e-05,1
9.4053,-3.508e-05,1
9.4059,-6.009e-05,1
9.4064,-7.8553e-05,1
9.4069,-8.2078e-05,1
9.4074,-5.7908e-05,1
9.4079,-1.091e-05,1
9.4085,2.3163e-05,1
9.409,1.7288e-05,1
9.4095,-2.417e-05,1
9.41,-7.8386e-05,1
9.4105,-0.00012219,1
9.4111,-0.00014267,1
9.4116,-0.00014687,1
9.4121,-0.00014368,1
9.4126,-0.00012438,1
9.4131,-9.3156e-05,1
9.4137,-7.7211e-05,1
9.4142,-7.6036e-05,1
9.4147,-4.4984e-05,1
9.4152,1.796e-05,1
9.4157,6.9322e-05,1
9.4162,8.6778e-05,1
9.4168,7.805e-05,1
9.4173,5.1362e-05,1
9.4178,1.326e-05,1
9.4183,-2.9374e-05,1
9.4188,-6.7308e-05,1
9.4194,-8.6442e-05,1
9.4199,-7.9057e-05,1
9.4204,-4.5151e-05,1
9.4209,-7.2175e-06,1
9.4214,1.1246e-05,1
9.422,1.796e-05,1
9.4225,1.9303e-05,1
9.423,2.3331e-05,1
9.4235,3.3234e-05,1
9.424,4.5151e-05,1
9.4246,5.3208e-05,1
9.4251,2.9709e-05,1
9.4256,-2.3331e-05,1
9.4261,-4.4816e-05,1
9.4266,-6.0426e-06,1
9.4272,5.8915e-05,1
9.4277,0.00010625,1
9.4282,0.00011699,1
9.4287,9.9031e-05,1
9.4292,7.0329e-05,1
9.4298,5.304e-05,1
9.4303,6.4286e-05,1
9.4308,9.5842e-05,1
9.4313,0.00012102,1
9.4318,0.00011397,1
9.4323,7.0665e-05,1
9.4329,2.5681e-05,1
9.4334,9.9031e-06,1
9.4339,1.6449e-05,1
9.4344,2.2995e-05,1
9.4349,1.326e-05,1
9.4355,-1.3092e-05,1
9.436,-4.683e-05,1
9.4365,-7.3518e-05,1
9.437,-8.6778e-05,1
9.4375,-8.9128e-05,1
9.4381,-8.0064e-05,1
9.4386,-5.5726e-05,1
9.4391,-1.6449e-05,1
9.4396,3.0716e-05,1
9.4401,8.1407e-05,1
9.4407,0.00013042,1
9.4412,0.00015291,1
9.4417,0.00012941,1
9.4422,8.5267e-05,1
9.4427,7.5364e-05,1
9.4433,0.0001274,1
9.4438,0.00018614,1
9.4443,0.00018682,1
9.4448,0.00012421,1
9.4453,4.062e-05,1
9.4458,-2.1988e-05,1
9.4464,-5.1362e-05,1
9.4469,-4.9851e-05,1
9.4474,-2.1988e-05,1
9.4479,2.1149e-05,1
9.4484,5.304e-05,1
9.449,4.2466e-05,1
9.4495,-1.5274e-05,1
9.45,-7.6204e-05,1
9.4505,-0.00011531,1
9.451,-0.00014821,1
9.4516,-0.00017859,1
9.4521,-0.00019051,1
9.4526,-0.00017171,1
9.4531,-0.00012052,1
9.4536,-4.8173e-05,1
9.4542,2.1317e-05,1
9.4547,6.6972e-05,1
9.4552,8.3757e-05,1
9.4557,8.7114e-05,1
9.4562,0.00010541,1
9.4567,0.00013512,1
9.4573,0.00014318,1
9.4578,0.00011464,1
9.4583,6.4958e-05,1
9.4588,2.2995e-05,1
9.4593,-8.3925e-07,1
9.4599,-1.1414e-05,1
9.4604,-1.326e-05,1
9.4609,-1.5106e-05,1
9.4614,-3.8102e-05,1
9.4619,-7.8721e-05,1
9.4625,-8.9296e-05,1
9.463,-5.3208e-05,1
9.4635,1.2589e-05,1
9.464,7.6204e-05,1
9.4645,0.00010961,1
9.4651,0.0001039,1
9.4656,7.5532e-05,1
9.4661,6.0258e-05,1
9.4666,7.335e-05,1
9.4671,9.8192e-05,1
9.4677,0.00011028,1
9.4682,9.5171e-05,1
9.4687,5.8579e-05,1
9.4692,1.9806e-05,1
9.4697,-5.0355e-06,1
9.4703,-1.4267e-05,1
9.4708,-1.9806e-05,1
9.4713,-2.0142e-06,1
9.4718,4.2634e-05,1
9.4723,6.3615e-05,1
9.4728,2.6017e-05,1
9.4734,-4.2634e-05,1
9.4739,-8.6107e-05,1
9.4744,-8.5435e-05,1
9.4749,-6.2272e-05,1
9.4754,-3.8102e-05,1
9.476,-6.0426e-06,1
9.4765,4.2634e-05,1
9.477,9.5003e-05,1
9.4775,0.00013277,1
9.478,0.00014351,1
9.4786,0.00012975,1
9.4791,0.00011246,1
9.4796,0.00011061,1
9.4801,0.00010843,1
9.4806,9.0135e-05,1
9.4812,5.7237e-05,1
9.4817,1.7121e-05,1
9.4822,-1.0071e-06,1
9.4827,1.4267e-05,1
9.4832,3.2395e-05,1
9.4838,3.4241e-05,1
9.4843,3.5416e-05,1
9.4848,4.3473e-05,1
9.4853,4.7166e-05,1
9.4858,4.213e-05,1
9.4863,3.2563e-05,1
9.4869,2.4674e-05,1
9.4874,2.266e-05,1
9.4879,1.5946e-05,1
9.4884,-1.0407e-05,1
9.4889,-4.6494e-05,1
9.4895,-6.1769e-05,1
9.49,-3.743e-05,1
9.4905,1.2421e-05,1
9.491,5.5894e-05,1
9.4915,6.6972e-05,1
9.4921,4.5487e-05,1
9.4926,2.031e-05,1
9.4931,6.2104e-06,1
9.4936,-7.5532e-06,1
9.4941,-2.2995e-05,1
9.4947,-2.3835e-05,1
9.4952,-3.357e-06,1
9.4957,1.326e-05,1
9.4962,-4.1962e-06,1
9.4967,-5.153e-05,1
9.4973,-9.5171e-05,1
9.4978,-0.00010658,1
9.4983,-9.0806e-05,1
9.4988,-7.0161e-05,1
9.4993,-6.0258e-05,1
9.4998,-6.5461e-05,1
9.5004,-8.0735e-05,1
9.5009,-9.2149e-05,1
9.5014,-8.8457e-05,1
9.5019,-6.7308e-05,1
9.5024,-2.5681e-05,1
9.503,2.3667e-05,1
9.5035,6.7811e-05,1
9.504,9.9031e-05,1
9.5045,0.00011397,1
9.505,0.00011934,1
9.5056,0.00012538,1
9.5061,0.00014116,1
9.5066,0.00016164,1
9.5071,0.00016298,1
9.5076,0.00012505,1
9.5082,6.2943e-05,1
9.5087,9.2317e-06,1
9.5092,-2.8702e-05,1
9.5097,-8.1239e-05,1
9.5102,-0.00014083,1
9.5107,-0.0001613,1
9.5113,-0.00013176,1
9.5118,-8.1407e-05,1
9.5123,-3.508e-05,1
9.5128,1.326e-05,1
9.5133,7.6036e-05,1
9.5139,0.00013881,1
9.5144,0.00018296,1
9.5149,0.00020293,1
9.5154,0.00020797,1
9.5159,0.00020528,1
9.5165,0.00018514,1
9.517,0.00015291,1
9.5175,0.00012807,1
9.518,0.00011531,1
9.5185,0.00010256,1
9.5191,8.661e-05,1
9.5196,6.6804e-05,1
9.5201,4.0116e-05,1
9.5206,1.1246e-05,1
9.5211,-1.0575e-05,1
9.5217,-2.8031e-05,1
9.5222,-6.1265e-05,1
9.5227,-0.00011296,1
9.5232,-0.00015375,1
9.5237,-0.0001707,1
9.5243,-0.00016751,1
9.5248,-0.00014888,1
9.5253,-0.00011917,1
9.5258,-8.426e-05,1
9.5263,-5.7572e-05,1
9.5268,-3.0716e-05,1
9.5274,2.2156e-05,1
9.5279,0.00010272,1
9.5284,0.00017641,1
9.5289,0.00019773,1
9.5294,0.0001603,1
9.53,0.00010423,1
9.5305,6.63e-05,1
9.531,5.7572e-05,1
9.5315,5.7237e-05,1
9.532,3.9612e-05,1
9.5326,2.5177e-06,1
9.5331,-2.4338e-05,1
9.5336,-1.9135e-05,1
9.5341,7.7211e-06,1
9.5346,3.0549e-05,1
9.5352,3.1388e-05,1
9.5357,2.1149e-05,1
9.5362,1.1078e-05,1
9.5367,1.1749e-06,1
9.5372,-3.5248e-06,1
9.5378,5.2033e-06,1
9.5383,1.6281e-05,1
9.5388,1.6281e-05,1
9.5393,-6.714e-07,1
9.5398,-2.4338e-05,1
9.5403,-3.6088e-05,1
9.5409,-2.9374e-05,1
9.5414,-1.6281e-05,1
9.5419,-9.5674e-06,1
9.5424,-8.2246e-06,1
9.5429,-5.8747e-06,1
9.5435,-3.357e-06,1
9.544,2.0142e-06,1
9.5445,1.9471e-05,1
9.545,4.213e-05,1
9.5455,5.4551e-05,1
9.5461,5.9586e-05,1
9.5466,6.1265e-05,1
9.5471,5.2873e-05,1
9.5476,2.9374e-05,1
9.5481,-7.0497e-06,1
9.5487,-5.2537e-05,1
9.5492,-8.9464e-05,1
9.5497,-9.8863e-05,1
9.5502,-9.0135e-05,1
9.5507,-7.7211e-05,1
9.5512,-6.5965e-05,1
9.5518,-6.1097e-05,1
9.5523,-6.3279e-05,1
9.5528,-5.6565e-05,1
9.5533,-1.6281e-05,1
9.5538,4.5487e-05,1
9.5544,9.0806e-05,1
9.5549,0.00010423,1
9.5554,0.00010188,1
9.5559,0.00010356,1
9.5564,0.00011296,1
9.557,0.00011968,1
9.5575,0.00011162,1
9.558,9.0135e-05,1
9.5585,6.3783e-05,1
9.559,3.6759e-05,1
9.5596,1.9638e-05,1
9.5601,2.1149e-05,1
9.5606,3.3234e-05,1
9.5611,4.448e-05,1
9.5616,4.9516e-05,1
9.5622,4.5487e-05,1
9.5627,3.2731e-05,1
9.5632,1.8631e-05,1
9.5637,9.5674e-06,1
9.5642,6.5461e-06,1
9.5648,1.1078e-05,1
9.5653,1.9806e-05,1
9.5658,2.4002e-05,1
9.5663,1.4603e-05,1
9.5668,-3.357e-06,1
9.5673,-1.7624e-05,1
9.5679,-2.501e-05,1
9.5684,-3.0381e-05,1
9.5689,-3.5752e-05,1
9.5694,-3.4409e-05,1
9.5699,-2.501e-05,1
9.5705,-1.6953e-05,1
9.571,-1.3596e-05,1
9.5715,-9.9031e-06,1
9.572,-2.8534e-06,1
9.5725,6.0426e-06,1
9.5731,9.0639e-06,1
9.5736,-1.5106e-06,1
9.5741,-2.0981e-05,1
9.5746,-3.0213e-05,1
9.5751,-3.1388e-05,1
9.5757,-4.6662e-05,1
9.5762,-7.7379e-05,1
9.5767,-0.0001034,1
9.5772,-0.00010457,1
9.5777,-7.0329e-05,1
9.5783,-8.896e-06,1
9.5788,6.8147e-05,1
9.5793,0.00013915,1
9.5798,0.00018614,1
9.5803,0.00022139,1
9.5808,0.00027108,1
9.5814,0.00031136,1
9.5819,0.0003033,1
9.5824,0.00023835,1
9.5829,0.0001378,1
9.5834,3.978e-05,1
9.584,-2.7192e-05,1
9.5845,-5.774e-05,1
9.585,-5.3376e-05,1
9.5855,-2.652e-05,1
9.586,6.714e-07,1
9.5866,1.2421e-05,1
9.5871,1.3931e-05,1
9.5876,2.5681e-05,1
9.5881,5.6062e-05,1
9.5886,9.4331e-05,1
9.5892,0.00012941,1
9.5897,0.00015056,1
9.5902,0.00014754,1
9.5907,0.00012219,1
9.5912,9.2485e-05,1
9.5917,6.9657e-05,1
9.5923,4.7333e-05,1
9.5928,1.8631e-05,1
9.5933,-1.561e-05,1
9.5938,-4.1123e-05,1
9.5943,-4.2466e-05,1
9.5949,-2.8534e-05,1
9.5954,-1.9974e-05,1
9.5959,-3.3066e-05,1
9.5964,-6.3951e-05,1
9.5969,-9.2149e-05,1
9.5975,-0.00010021,1
9.598,-8.6275e-05,1
9.5985,-6.8818e-05,1
9.599,-6.949e-05,1
9.5995,-9.9367e-05,1
9.6001,-0.00013999,1
9.6006,-0.0001561,1
9.6011,-0.00014133,1
9.6016,-0.00012169,1
9.6021,-0.00011531,1
9.6027,-0.00011313,1
9.6032,-9.8863e-05,1
9.6037,-6.9322e-05,1
9.6042,-3.1556e-05,1
9.6047,1.9135e-05,1
9.6052,8.5771e-05,1
9.6058,0.00014569,1
9.6063,0.00016684,1
9.6068,0.00014939,1
9.6073,0.00012068,1
9.6078,0.0001039,1
9.6084,0.00010524,1
9.6089,0.00010927,1
9.6094,0.00010188,1
9.6099,8.2918e-05,1
9.6104,7.2847e-05,1
9.611,8.7617e-05,1
9.6115,0.00010356,1
9.612,8.2078e-05,1
9.6125,1.8463e-06,1
9.613,-8.275e-05,1
9.6136,-0.00010591,1
9.6141,-7.1504e-05,1
9.6146,-3.4073e-05,1
9.6151,-2.4002e-05,1
9.6156,-1.5946e-05,1
9.6162,1.5274e-05,1
9.6167,6.3111e-05,1
9.6172,0.00010054,1
9.6177,0.00011128,1
9.6182,0.00010188,1
9.6188,7.9728e-05,1
9.6193,4.8005e-05,1
9.6198,6.0426e-06,1
9.6203,-3.6255e-05,1
9.6208,-5.6062e-05,1
9.6213,-3.8605e-05,1
9.6219,-1.2589e-05,1
9.6224,-1.2085e-05,1
9.6229,-3.1724e-05,1
9.6234,-4.9516e-05,1
9.6239,-4.2802e-05,1
9.6245,-1.091e-05,1
9.625,3.3066e-05,1
9.6255,8.0903e-05,1
9.626,0.00012689,1
9.6265,0.000165,1
9.6271,0.00018782,1
9.6276,0.00018581,1
9.6281,0.00015492,1
9.6286,0.00010188,1
9.6291,2.9374e-05,1
9.6297,-6.5461e-05,1
9.6302,-0.00015526,1
9.6307,-0.00021065,1
9.6312,-0.00023449,1
9.6317,-0.0002417,1
9.6323,-0.00023046,1
9.6328,-0.00019168,1
9.6333,-0.00013008,1
9.6338,-4.5319e-05,1
9.6343,6.3447e-05,1
9.6348,0.000166,1
9.6354,0.0002135,1
9.6359,0.00020864,1
9.6364,0.00019219,1
9.6369,0.00017406,1
9.6374,0.00014636,1
9.638,0.00010961,1
9.6385,7.0161e-05,1
9.639,4.062e-05,1
9.6395,3.5416e-05,1
9.64,5.7404e-05,1
9.6406,0.00010188,1
9.6411,0.00015593,1
9.6416,0.00019857,1
9.6421,0.0002036,1
9.6426,0.00017003,1
9.6432,0.00013193,1
9.6437,0.00011682,1
9.6442,0.00012706,1
9.6447,0.00014015,1
9.6452,0.00012992,1
9.6457,8.51e-05,1
9.6463,1.5442e-05,1
9.6468,-5.7404e-05,1
9.6473,-0.00010675,1
9.6478,-0.00012035,1
9.6483,-0.00010692,1
9.6489,-8.426e-05,1
9.6494,-6.7979e-05,1
9.6499,-6.9322e-05,1
9.6504,-8.1071e-05,1
9.6509,-8.661e-05,1
9.6515,-8.0064e-05,1
9.652,-7.3014e-05,1
9.6525,-8.2582e-05,1
9.653,-0.00010826,1
9.6535,-0.00012639,1
9.6541,-0.00012102,1
9.6546,-0.00011095,1
9.6551,-0.00011296,1
9.6556,-0.00011833,1
9.6561,-0.00012958,1
9.6567,-0.00014452,1
9.6572,-0.00014351,1
9.6577,-0.0001133,1
9.6582,-5.0523e-05,1
9.6587,4.1794e-05,1
9.6593,0.00013109,1
9.6598,0.00017675,1
9.6603,0.0001655,1
9.6608,0.00011934,1
9.6613,5.1698e-05,1
9.6618,-2.3667e-05,1
9.6624,-7.0665e-05,1
9.6629,-8.9128e-05,1
9.6634,-8.5435e-05,1
9.6639,-6.8986e-05,1
9.6644,-5.4719e-05,1
9.665,-3.6591e-05,1
9.6655,5.2033e-06,1
9.666,8.2078e-05,1
9.6665,0.00018413,1
9.667,0.00028249,1
9.6676,0.0003409,1
9.6681,0.00035567,1
9.6686,0.00034745,1
9.6691,0.00031673,1
9.6696,0.00025966,1
9.6702,0.00018866,1
9.6707,0.00012673,1
9.6712,8.9799e-05,1
9.6717,7.5029e-05,1
9.6722,7.1e-05,1
9.6728,6.2943e-05,1
9.6733,4.5319e-05,1
9.6738,2.8031e-05,1
9.6743,1.4939e-05,1
9.6748,-3.5248e-06,1
9.6753,-3.0716e-05,1
9.6759,-6.5293e-05,1
9.6764,-9.8192e-05,1
9.6769,-0.00012052,1
9.6774,-0.0001326,1
9.6779,-0.00013982,1
9.6785,-0.00013059,1
9.679,-8.4932e-05,1
9.6795,-1.9638e-05,1
9.68,1.3596e-05,1
9.6805,-1.2085e-05,1
9.6811,-5.9754e-05,1
9.6816,-8.3757e-05,1
9.6821,-7.5868e-05,1
9.6826,-5.4887e-05,1
9.6831,-4.1459e-05,1
9.6837,-4.1794e-05,1
9.6842,-4.3641e-05,1
9.6847,-4.2634e-05,1
9.6852,-4.2634e-05,1
9.6857,-2.6688e-05,1
9.6862,2.5177e-06,1
9.6868,2.1317e-05,1
9.6873,2.7024e-05,1
9.6878,3.8773e-05,1
9.6883,6.6133e-05,1
9.6888,9.1142e-05,1
9.6894,9.6513e-05,1
9.6899,8.1743e-05,1
9.6904,6.2272e-05,1
9.6909,5.1865e-05,1
9.6914,4.7501e-05,1
9.692,4.7837e-05,1
9.6925,5.2873e-05,1
9.693,5.3208e-05,1
9.6935,4.3473e-05,1
9.694,2.417e-05,1
9.6946,-1.0575e-05,1
9.6951,-4.5151e-05,1
9.6956,-5.8579e-05,1
9.6961,-4.8844e-05,1
9.6966,-2.1317e-05,1
9.6972,1.0239e-05,1
9.6977,2.8702e-05,1
9.6982,2.6017e-05,1
9.6987,8.5603e-06,1
9.6992,-1.3596e-05,1
9.6997,-3.2731e-05,1
9.7003,-5.4215e-05,1
9.7008,-9.2317e-05,1
9.7013,-0.00011128,1
9.7018,-8.0064e-05,1
9.7023,-1.6281e-05,1
9.7029,5.3544e-05,1
9.7034,0.00010927,1
9.7039,0.00014485,1
9.7044,0.00016231,1
9.7049,0.00016936,1
9.7055,0.00018413,1
9.706,0.0002088,1
9.7065,0.00023046,1
9.707,0.00023348,1
9.7075,0.00019521,1
9.7081,0.00012706,1
9.7086,6.7643e-05,1
9.7091,3.122e-05,1
9.7096,0,1
9.7101,-3.4745e-05,1
9.7107,-7.1168e-05,1
9.7112,-0.00010591,1
9.7117,-0.00013478,1
9.7122,-0.00014821,1
9.7127,-0.00012404,1
9.7133,-6.3447e-05,1
9.7138,8.3925e-07,1
9.7143,4.4816e-05,1
9.7148,6.4286e-05,1
9.7153,6.5629e-05,1
9.7158,5.8244e-05,1
9.7164,4.5823e-05,1
9.7169,3.9109e-05,1
9.7174,4.9516e-05,1
9.7179,6.5293e-05,1
9.7184,5.2873e-05,1
9.719,1.1749e-06,1
9.7195,-5.4719e-05,1
9.72,-7.7379e-05,1
9.7205,-8.2078e-05,1
9.721,-9.8527e-05,1
9.7216,-0.00012572,1
9.7221,-0.00014972,1
9.7226,-0.00015459,1
9.7231,-0.00012572,1
9.7236,-7.2343e-05,1
9.7242,-2.266e-05,1
9.7247,7.8889e-06,1
9.7252,3.0884e-05,1
9.7257,6.2608e-05,1
9.7262,0.00010927,1
9.7267,0.00015627,1
9.7273,0.00018698,1
9.7278,0.00019705,1
9.7283,0.00018245,1
9.7288,0.00014754,1
9.7293,0.00010021,1
9.7299,4.8844e-05,1
9.7304,-4.0284e-06,1
9.7309,-4.5487e-05,1
9.7314,-6.865e-05,1
9.7319,-7.8721e-05,1
9.7325,-8.04e-05,1
9.733,-8.04e-05,1
9.7335,-9.601e-05,1
9.734,-0.00012186,1
9.7345,-0.00012287,1
9.7351,-9.601e-05,1
9.7356,-6.8818e-05,1
9.7361,-3.0884e-05,1
9.7366,1.5946e-05,1
9.7371,5.774e-05,1
9.7377,8.2078e-05,1
9.7382,7.6371e-05,1
9.7387,6.0761e-05,1
9.7392,6.0929e-05,1
9.7397,8.2414e-05,1
9.7403,0.00010793,1
9.7408,0.00011028,1
9.7413,8.5267e-05,1
9.7418,4.9348e-05,1
9.7423,3.1891e-05,1
9.7428,5.7908e-05,1
9.7434,0.00012656,1
9.7439,0.00021367,1
9.7444,0.0002976,1
9.7449,0.00035265,1
9.7454,0.00035232,1
9.746,0.00029642,1
9.7465,0.00021736,1
9.747,0.00014351,1
9.7475,8.04e-05,1
9.748,2.7863e-05,1
9.7486,-2.031e-05,1
9.7491,-6.9993e-05,1
9.7496,-0.00010642,1
9.7501,-0.00012102,1
9.7506,-0.00012119,1
9.7512,-0.0001091,1
9.7517,-8.4764e-05,1
9.7522,-6.2608e-05,1
9.7527,-4.3809e-05,1
9.7532,-9.2317e-06,1
9.7538,3.6088e-05,1
9.7543,6.7643e-05,1
9.7548,6.0594e-05,1
9.7553,2.0813e-05,1
9.7558,-8.2246e-06,1
9.7563,-1.2253e-05,1
9.7569,-1.8296e-05,1
9.7574,-3.3234e-05,1
9.7579,-4.062e-05,1
9.7584,-2.7695e-05,1
9.7589,-5.7069e-06,1
9.7595,-3.5248e-06,1
9.76,-2.4842e-05,1
9.7605,-5.2537e-05,1
9.761,-7.5532e-05,1
9.7615,-8.3253e-05,1
9.7621,-7.4357e-05,1
9.7626,-6.1936e-05,1
9.7631,-6.3279e-05,1
9.7636,-8.2414e-05,1
9.7641,-0.00010642,1
9.7647,-0.00013176,1
9.7652,-0.00014855,1
9.7657,-0.00013378,1
9.7662,-9.8863e-05,1
9.7667,-8.5435e-05,1
9.7673,-9.4499e-05,1
9.7678,-0.00010222,1
9.7683,-8.2918e-05,1
9.7688,-2.3163e-05,1
9.7693,6.1433e-05,1
9.7698,0.00014015,1
9.7704,0.00018917,1
9.7709,0.00020461,1
9.7714,0.00019974,1
9.7719,0.00018883,1
9.7724,0.00018077,1
9.773,0.00016533,1
9.7735,0.00013042,1
9.774,8.8457e-05,1
9.7745,4.5151e-05,1
9.775,-5.0355e-07,1
9.7756,-1.9638e-05,1
9.7761,3.6927e-06,1
9.7766,5.1194e-05,1
9.7771,8.7449e-05,1
9.7776,8.9632e-05,1
9.7782,6.63e-05,1
9.7787,4.1291e-05,1
9.7792,2.5681e-05,1
9.7797,1.9974e-05,1
9.7802,2.3331e-05,1
9.7807,3.2059e-05,1
9.7813,3.7766e-05,1
9.7818,2.501e-05,1
9.7823,-1.1582e-05,1
9.7828,-4.213e-05,1
9.7833,-4.1459e-05,1
9.7839,-1.4603e-05,1
9.7844,1.7456e-05,1
9.7849,4.5823e-05,1
9.7854,7.0161e-05,1
9.7859,8.4092e-05,1
9.7865,7.6707e-05,1
9.787,6.4286e-05,1
9.7875,7.9057e-05,1
9.788,0.0001133,1
9.7885,0.00012136,1
9.7891,8.0232e-05,1
9.7896,1.9806e-05,1
9.7901,-2.8702e-05,1
9.7906,-5.5222e-05,1
9.7911,-5.9922e-05,1
9.7917,-4.4144e-05,1
9.7922,-1.2253e-05,1
9.7927,1.6785e-05,1
9.7932,1.5106e-05,1
9.7937,-9.7353e-06,1
9.7942,-2.2995e-05,1
9.7948,-1.6953e-05,1
9.7953,1.6785e-06,1
9.7958,2.3163e-05,1
9.7963,3.9277e-05,1
9.7968,4.6998e-05,1
9.7974,4.4816e-05,1
9.7979,3.6759e-05,1
9.7984,3.9109e-05,1
9.7989,5.2873e-05,1
9.7994,5.7908e-05,1
9.8,3.508e-05,1
9.8005,-5.539e-06,1
9.801,-4.4816e-05,1
9.8015,-8.1071e-05,1
9.802,-0.00010759,1
9.8026,-0.00010759,1
9.8031,-8.275e-05,1
9.8036,-5.0019e-05,1
9.8041,-1.6617e-05,1
9.8046,2.8534e-06,1
9.8052,-6.5461e-06,1
9.8057,-3.1724e-05,1
9.8062,-4.1123e-05,1
9.8067,-2.3163e-05,1
9.8072,-9.5674e-06,1
9.8078,-2.7695e-05,1
9.8083,-5.5222e-05,1
9.8088,-6.5965e-05,1
9.8093,-6.3279e-05,1
9.8098,-5.8579e-05,1
9.8103,-5.7404e-05,1
9.8109,-4.8508e-05,1
9.8114,-2.266e-05,1
9.8119,1.0071e-05,1
9.8124,4.7501e-05,1
9.8129,9.5171e-05,1
9.8135,0.000142,1
9.814,0.00017809,1
9.8145,0.00019554,1
9.815,0.00018782,1
9.8155,0.00015224,1
9.8161,9.9031e-05,1
9.8166,5.774e-05,1
9.8171,3.8437e-05,1
9.8176,2.5345e-05,1
9.8181,3.9445e-05,1
9.8187,9.9535e-05,1
9.8192,0.0001697,1
9.8197,0.00019823,1
9.8202,0.00016835,1
9.8207,0.00010961,1
9.8212,6.0929e-05,1
9.8218,3.5248e-05,1
9.8223,2.182e-05,1
9.8228,1.2253e-05,1
9.8233,7.8889e-06,1
9.8238,2.3499e-06,1
9.8244,-1.9974e-05,1
9.8249,-4.7669e-05,1
9.8254,-5.1698e-05,1
9.8259,-3.1052e-05,1
9.8264,-7.3854e-06,1
9.827,9.3996e-06,1
9.8275,2.1988e-05,1
9.828,3.0549e-05,1
9.8285,3.7095e-05,1
9.829,3.978e-05,1
9.8296,3.6927e-05,1
9.8301,3.122e-05,1
9.8306,2.0142e-05,1
9.8311,1.3428e-06,1
9.8316,-1.2421e-05,1
9.8322,-1.796e-05,1
9.8327,-2.2492e-05,1
9.8332,-2.6352e-05,1
9.8337,-2.0981e-05,1
9.8342,-4.3641e-06,1
9.8347,1.4267e-05,1
9.8353,2.266e-05,1
9.8358,1.8296e-05,1
9.8363,7.0497e-06,1
9.8368,-2.182e-06,1
9.8373,-9.2317e-06,1
9.8379,-1.7456e-05,1
9.8384,-2.7695e-05,1
9.8389,-6.0929e-05,1
9.8394,-0.0001284,1
9.8399,-0.00019773,1
9.8405,-0.00023113,1
9.841,-0.0002219,1
9.8415,-0.00018665,1
9.842,-0.00012941,1
9.8425,-4.8844e-05,1
9.8431,4.5487e-05,1
9.8436,0.00014485,1
9.8441,0.00022911,1
9.8446,0.00026,1
9.8451,0.00023046,1
9.8457,0.00017809,1
9.8462,0.00012605,1
9.8467,9.1646e-05,1
9.8472,8.3925e-05,1
9.8477,7.6371e-05,1
9.8483,4.8173e-05,1
9.8488,6.8818e-06,1
9.8493,-2.501e-05,1
9.8498,-2.7024e-05,1
9.8503,-6.714e-07,1
9.8508,3.8941e-05,1
9.8514,7.5868e-05,1
9.8519,0.00010138,1
9.8524,0.00011666,1
9.8529,0.00013008,1
9.8534,0.00014519,1
9.854,0.00015375,1
9.8545,0.00014452,1
9.855,0.00011263,1
9.8555,6.7643e-05,1
9.856,2.4002e-05,1
9.8566,-1.1582e-05,1
9.8571,-5.4383e-05,1
9.8576,-0.00012673,1
9.8581,-0.00018799,1
9.8586,-0.0001801,1
9.8592,-0.00012236,1
9.8597,-6.63e-05,1
9.8602,-3.9109e-05,1
9.8607,-2.6184e-05,1
9.8612,-2.182e-06,1
9.8618,2.2828e-05,1
9.8623,3.592e-05,1
9.8628,5.5222e-05,1
9.8633,8.2414e-05,1
9.8638,0.00010272,1
9.8643,0.00010893,1
9.8649,9.8695e-05,1
9.8654,7.7379e-05,1
9.8659,5.2369e-05,1
9.8664,2.6184e-05,1
9.8669,1.8463e-06,1
9.8675,-1.5106e-05,1
9.868,-2.8031e-05,1
9.8685,-3.4241e-05,1
9.869,-2.7863e-05,1
9.8695,-1.8296e-05,1
9.8701,-1.7624e-05,1
9.8706,-2.5681e-05,1
9.8711,-2.9541e-05,1
9.8716,-2.0142e-05,1
9.8721,1.8463e-06,1
9.8727,3.0716e-05,1
9.8732,6.009e-05,1
9.8737,8.6946e-05,1
9.8742,0.00010306,1
9.8747,0.00010188,1
9.8752,9.3828e-05,1
9.8758,8.5267e-05,1
9.8763,7.3686e-05,1
9.8768,5.8244e-05,1
9.8773,3.8437e-05,1
9.8778,1.5106e-05,1
9.8784,-3.357e-06,1
9.8789,-1.2589e-05,1
9.8794,-2.0981e-05,1
9.8799,-2.7192e-05,1
9.8804,-2.9709e-05,1
9.881,-3.9445e-05,1
9.8815,-6.9322e-05,1
9.882,-9.2821e-05,1
9.8825,-7.5868e-05,1
9.883,-2.1317e-05,1
9.8836,4.5151e-05,1
9.8841,9.3156e-05,1
9.8846,9.7856e-05,1
9.8851,7.2343e-05,1
9.8856,4.5487e-05,1
9.8862,2.6017e-05,1
9.8867,1.2589e-05,1
9.8872,8.3925e-06,1
9.8877,1.2253e-05,1
9.8882,1.7792e-05,1
9.8887,1.6449e-05,1
9.8893,3.357e-07,1
9.8898,-2.7359e-05,1
9.8903,-5.9922e-05,1
9.8908,-0.00010272,1
9.8913,-0.00012639,1
9.8919,-0.00011212,1
9.8924,-8.191e-05,1
9.8929,-6.4286e-05,1
9.8934,-6.5293e-05,1
9.8939,-7.1e-05,1
9.8945,-6.7308e-05,1
9.895,-4.5151e-05,1
9.8955,9.9031e-06,1
9.896,8.5771e-05,1
9.8965,0.00015962,1
9.8971,0.00020864,1
9.8976,0.00021065,1
9.8981,0.00018111,1
9.8986,0.00015006,1
9.8991,0.00013042,1
9.8997,0.00011514,1
9.9002,9.6849e-05,1
9.9007,7.2007e-05,1
9.9012,4.5487e-05,1
9.9017,4.3473e-05,1
9.9023,8.1407e-05,1
9.9028,0.00011531,1
9.9033,9.2485e-05,1
9.9038,1.7624e-05,1
9.9043,-6.7643e-05,1
9.9048,-0.00012102,1
9.9054,-0.00012924,1
9.9059,-0.00011733,1
9.9064,-0.00010658,1
9.9069,-8.7449e-05,1
9.9074,-4.4144e-05,1
9.908,1.4267e-05,1
9.9085,7.4022e-05,1
9.909,0.00013462,1
9.9095,0.0001796,1
9.91,0.00017423,1
9.9106,0.00012572,1
9.9111,7.6707e-05,1
9.9116,5.2201e-05,1
9.9121,3.9612e-05,1
9.9126,2.4506e-05,1
9.9132,1.1749e-05,1
9.9137,8.896e-06,1
9.9142,1.6953e-05,1
9.9147,2.7863e-05,1
9.9152,3.1388e-05,1
9.9158,2.266e-05,1
9.9163,3.8605e-06,1
9.9168,-1.1246e-05,1
9.9173,-1.6449e-05,1
9.9178,-1.7456e-05,1
9.9183,-1.9974e-05,1
9.9189,-2.8031e-05,1
9.9194,-4.3809e-05,1
9.9199,-5.5894e-05,1
9.9204,-5.7404e-05,1
9.9209,-5.2705e-05,1
9.9215,-3.6255e-05,1
9.922,-5.2033e-06,1
9.9225,1.0239e-05,1
9.923,-1.6953e-05,1
9.9235,-7.2679e-05,1
9.9241,-0.00012605,1
9.9246,-0.00013646,1
9.9251,-9.4331e-05,1
9.9256,-2.5849e-05,1
9.9261,3.6088e-05,1
9.9267,7.57e-05,1
9.9272,9.6849e-05,1
9.9277,0.00010608,1
9.9282,0.00012236,1
9.9287,0.00016466,1
9.9292,0.00022609,1
9.9298,0.00027376,1
9.9303,0.00027108,1
9.9308,0.00021468,1
9.9313,0.00014166,1
9.9318,8.2078e-05,1
9.9324,4.5487e-05,1
9.9329,1.8631e-05,1
9.9334,-1.2924e-05,1
9.9339,-5.0858e-05,1
9.9344,-8.9464e-05,1
9.935,-0.00011733,1
9.9355,-0.00012387,1
9.936,-0.00011498,1
9.9365,-0.00010138,1
9.937,-9.5003e-05,1
9.9376,-9.4835e-05,1
9.9381,-9.1981e-05,1
9.9386,-8.2078e-05,1
9.9391,-5.5894e-05,1
9.9396,-8.5603e-06,1
9.9402,3.5416e-05,1
9.9407,6.0594e-05,1
9.9412,7.805e-05,1
9.9417,9.7185e-05,1
9.9422,0.00010927,1
9.9428,0.00010726,1
9.9433,9.8192e-05,1
9.9438,9.2485e-05,1
9.9443,8.1407e-05,1
9.9448,5.4215e-05,1
9.9453,1.8631e-05,1
9.9459,-1.091e-05,1
9.9464,-2.8534e-05,1
9.9469,-3.9445e-05,1
9.9474,-4.8173e-05,1
9.9479,-5.774e-05,1
9.9485,-5.5558e-05,1
9.949,-2.8534e-05,1
9.9495,1.9638e-05,1
9.95,6.9657e-05,1
9.9505,0.00011749,1
9.9511,0.00015895,1
9.9516,0.00017171,1
9.9521,0.00015073,1
9.9526,0.00011901,1
9.9531,0.00010021,1
9.9537,9.1646e-05,1
9.9542,6.5293e-05,1
9.9547,1.4771e-05,1
9.9552,-3.2395e-05,1
9.9557,-5.0523e-05,1
9.9563,-4.0787e-05,1
9.9568,-2.3667e-05,1
9.9573,-1.1582e-05,1
9.9578,7.7211e-06,1
9.9583,3.8437e-05,1
9.9588,6.7979e-05,1
9.9594,8.4092e-05,1
9.9599,8.0735e-05,1
9.9604,6.0929e-05,1
9.9609,3.2731e-05,1
9.9614,6.714e-07,1
9.962,-2.7192e-05,1
9.9625,-4.7333e-05,1
9.963,-5.7069e-05,1
9.9635,-5.7572e-05,1
9.964,-6.2608e-05,1
9.9646,-8.0568e-05,1
9.9651,-0.00010222,1
9.9656,-0.00011061,1
9.9661,-0.00010558,1
9.9666,-0.00010423,1
9.9672,-0.00012018,1
9.9677,-0.00015895,1
9.9682,-0.00018782,1
9.9687,-0.000165,1
9.9692,-9.4163e-05,1
9.9697,-1.4603e-05,1
9.9703,4.2634e-05,1
9.9708,7.4189e-05,1
9.9713,9.9199e-05,1
9.9718,0.00014452,1
9.9723,0.00021871,1
9.9729,0.00030062,1
9.9734,0.00035366,1
9.9739,0.00036339,1
9.9744,0.00031724,1
9.9749,0.0002224,1
9.9755,0.00012656,1
9.976,6.7308e-05,1
9.9765,3.9445e-05,1
9.977,2.2492e-05,1
9.9775,1.6785e-06,1
9.9781,-2.501e-05,1
9.9786,-4.6494e-05,1
9.9791,-4.9683e-05,1
9.9796,-4.448e-05,1
9.9801,-4.9851e-05,1
9.9807,-7.7211e-05,1
9.9812,-0.00012723,1
9.9817,-0.00018363,1
9.9822,-0.00021317,1
9.9827,-0.00019101,1
9.9832,-0.0001368,1
9.9838,-8.5435e-05,1
9.9843,-5.6397e-05,1
9.9848,-5.5222e-05,1
9.9853,-5.7404e-05,1
9.9858,-3.743e-05,1
9.9864,5.7069e-06,1
9.9869,5.4719e-05,1
9.9874,9.4835e-05,1
9.9879,0.0001227,1
9.9884,0.00013126,1
9.989,0.000118,1
9.9895,0.0001086,1
9.99,0.0001237,1
9.9905,0.00014485,1
9.991,0.00013747,1
9.9916,0.0001044,1
9.9921,4.683e-05,1
9.9926,-1.5442e-05,1
9.9931,-5.4215e-05,1
9.9936,-7.4693e-05,1
9.9942,-7.8218e-05,1
9.9947,-5.4551e-05,1
9.9952,-8.3925e-06,1
9.9957,3.6088e-05,1
9.9962,5.8244e-05,1
9.9968,5.5055e-05,1
9.9973,4.9683e-05,1
9.9978,6.4286e-05,1
9.9983,8.1407e-05,1
9.9988,8.0064e-05,1
9.9993,5.9251e-05,1
9.9999,3.3402e-05,1
10,2.2995e-05,1
10.001,3.2059e-05,1
10.001,4.2634e-05,1
10.002,5.3544e-05,1
10.002,6.7308e-05,1
10.003,7.4357e-05,1
10.004,7.4861e-05,1
10.004,7.7211e-05,1
10.005,7.9057e-05,1
10.005,6.2272e-05,1
10.006,2.3667e-05,1
10.006,-6.2104e-06,1
10.007,-1.1582e-05,1
10.007,-5.7069e-06,1
10.008,1.6785e-07,1
10.008,6.5461e-06,1
10.009,1.0239e-05,1
10.009,7.5532e-06,1
10.01,-6.714e-07,1
10.01,-5.539e-06,1
10.011,8.3925e-07,1
10.011,1.2924e-05,1
10.012,1.8631e-05,1
10.012,1.4267e-05,1
10.013,4.6998e-06,1
10.013,-6.714e-07,1
10.014,-5.539e-06,1
10.014,-2.031e-05,1
10.015,-3.7766e-05,1
10.015,-4.0452e-05,1
10.016,-3.2395e-05,1
10.016,-2.6017e-05,1
10.017,-2.887e-05,1
10.018,-4.0955e-05,1
10.018,-5.5726e-05,1
10.019,-6.3615e-05,1
10.019,-5.7572e-05,1
10.02,-3.7934e-05,1
10.02,-6.0426e-06,1
10.021,3.2563e-05,1
10.021,6.0594e-05,1
10.022,6.1601e-05,1
10.022,2.9374e-05,1
10.023,-2.031e-05,1
10.023,-6.5461e-05,1
10.024,-8.9128e-05,1
10.024,-8.1743e-05,1
10.025,-4.1962e-05,1
10.025,-1.6785e-06,1
10.026,7.5532e-06,1
10.026,-4.3641e-06,1
10.027,-7.2175e-06,1
10.027,5.539e-06,1
10.028,2.7359e-05,1
10.028,6.5293e-05,1
10.029,0.00011632,1
10.029,0.0001368,1
10.03,0.00011313,1
10.03,8.4092e-05,1
10.031,7.3686e-05,1
10.032,7.5029e-05,1
10.032,8.2078e-05,1
10.033,8.2582e-05,1
10.033,8.2414e-05,1
10.034,0.00010054,1
10.034,0.00013848,1
10.035,0.00017406,1
10.035,0.00018984,1
10.036,0.00018027,1
10.036,0.00014284,1
10.037,8.7953e-05,1
10.037,3.2731e-05,1
10.038,-1.5946e-05,1
10.038,-3.4073e-05,1
10.039,-3.357e-07,1
10.039,4.6159e-05,1
10.04,5.4551e-05,1
10.04,2.5681e-05,1
10.041,-6.5461e-06,1
10.041,-1.5946e-05,1
10.042,2.6856e-06,1
10.042,2.9877e-05,1
10.043,4.918e-05,1
10.043,6.1433e-05,1
10.044,6.1097e-05,1
10.045,2.7359e-05,1
10.045,-2.0981e-05,1
10.046,-3.8437e-05,1
10.046,-1.5274e-05,1
10.047,1.5274e-05,1
10.047,2.1653e-05,1
10.048,2.8534e-06,1
10.048,-2.2828e-05,1
10.049,-4.0452e-05,1
10.049,-4.9516e-05,1
10.05,-5.7404e-05,1
10.05,-6.5293e-05,1
10.051,-7.6204e-05,1
10.051,-0.00011464,1
10.052,-0.00016684,1
10.052,-0.00019387,1
10.053,-0.00018279,1
10.053,-0.00015123,1
10.054,-0.00011615,1
10.054,-9.2988e-05,1
10.055,-0.00010172,1
10.055,-0.00012941,1
10.056,-0.00013176,1
10.056,-7.805e-05,1
10.057,2.3835e-05,1
10.057,0.00013579,1
10.058,0.00021569,1
10.059,0.00026235,1
10.059,0.00029995,1
10.06,0.00032882,1
10.06,0.00032815,1
10.061,0.00029172,1
10.061,0.00024002,1
10.062,0.00019051,1
10.062,0.00013915,1
10.063,8.2078e-05,1
10.063,2.7695e-05,1
10.064,-1.2421e-05,1
10.064,-3.6759e-05,1
10.065,-5.0355e-05,1
10.065,-5.7908e-05,1
10.066,-4.9516e-05,1
10.066,-1.796e-05,1
10.067,1.2253e-05,1
10.067,1.8631e-05,1
10.068,5.539e-06,1
10.068,-9.9031e-06,1
10.069,-1.8296e-05,1
10.069,-2.6688e-05,1
10.07,-4.448e-05,1
10.07,-6.5629e-05,1
10.071,-7.8218e-05,1
10.072,-8.3085e-05,1
10.072,-8.4764e-05,1
10.073,-8.4092e-05,1
10.073,-7.3014e-05,1
10.074,-4.9683e-05,1
10.074,-1.2589e-05,1
10.075,3.3402e-05,1
10.075,7.1672e-05,1
10.076,8.6946e-05,1
10.076,7.4189e-05,1
10.077,4.918e-05,1
10.077,2.0981e-05,1
10.078,-1.3092e-05,1
10.078,-4.918e-05,1
10.079,-7.0329e-05,1
10.079,-7.0497e-05,1
10.08,-5.5222e-05,1
10.08,-3.5752e-05,1
10.081,-2.1317e-05,1
10.081,-5.539e-06,1
10.082,1.7624e-05,1
10.082,4.2634e-05,1
10.083,5.9251e-05,1
10.083,6.7308e-05,1
10.084,6.7308e-05,1
10.085,6.5629e-05,1
10.085,7.2847e-05,1
10.086,9.3156e-05,1
10.086,0.00011498,1
10.087,0.00012639,1
10.087,0.00012605,1
10.088,0.00011263,1
10.088,8.191e-05,1
10.089,4.5151e-05,1
10.089,1.7624e-05,1
10.09,3.1891e-06,1
10.09,5.0355e-07,1
10.091,1.6785e-06,1
10.091,-2.5177e-06,1
10.092,-1.1078e-05,1
10.092,-1.7288e-05,1
10.093,-2.4338e-05,1
10.093,-3.4241e-05,1
10.094,-4.1291e-05,1
10.094,-4.8844e-05,1
10.095,-5.7572e-05,1
10.095,-4.9516e-05,1
10.096,-8.3925e-06,1
10.096,5.2537e-05,1
10.097,0.00010054,1
10.097,0.0001086,1
10.098,8.1743e-05,1
10.099,5.5558e-05,1
10.099,5.2537e-05,1
10.1,6.2272e-05,1
10.1,7.1e-05,1
10.101,8.04e-05,1
10.101,8.9632e-05,1
10.102,8.51e-05,1
10.102,6.4286e-05,1
10.103,3.4409e-05,1
10.103,5.2033e-06,1
10.104,-9.5674e-06,1
10.104,-1.091e-05,1
10.105,-5.8747e-06,1
10.105,7.8889e-06,1
10.106,2.5345e-05,1
10.106,2.887e-05,1
10.107,6.5461e-06,1
10.107,-3.0716e-05,1
10.108,-6.1769e-05,1
10.108,-7.7211e-05,1
10.109,-7.9393e-05,1
10.109,-7.57e-05,1
10.11,-7.57e-05,1
10.11,-8.4428e-05,1
10.111,-9.6178e-05,1
10.111,-9.5674e-05,1
10.112,-6.3111e-05,1
10.113,1.8463e-06,1
10.113,7.3014e-05,1
10.114,0.0001279,1
10.114,0.00015929,1
10.115,0.00017171,1
10.115,0.00014754,1
10.116,5.5894e-05,1
10.116,-6.3783e-05,1
10.117,-0.00015442,1
10.117,-0.00020679,1
10.118,-0.00020763,1
10.118,-0.00016181,1
10.119,-9.1646e-05,1
10.119,-1.5946e-05,1
10.12,6.4286e-05,1
10.12,0.0001472,1
10.121,0.00021787,1
10.121,0.00026571,1
10.122,0.00029491,1
10.122,0.00031102,1
10.123,0.00031069,1
10.123,0.00028115,1
10.124,0.00022005,1
10.124,0.0001509,1
10.125,9.1981e-05,1
10.126,4.9516e-05,1
10.126,2.6688e-05,1
10.127,2.6688e-05,1
10.127,3.2731e-05,1
10.128,2.8534e-05,1
10.128,9.9031e-06,1
10.129,-2.8031e-05,1
10.129,-6.4622e-05,1
10.13,-7.8721e-05,1
10.13,-9.1478e-05,1
10.131,-0.00011598,1
10.131,-0.00013864,1
10.132,-0.00014955,1
10.132,-0.00013462,1
10.133,-9.0639e-05,1
10.133,-3.6088e-05,1
10.134,1.2253e-05,1
10.134,3.9445e-05,1
10.135,4.5991e-05,1
10.135,6.1936e-05,1
10.136,0.00010558,1
10.136,0.00015811,1
10.137,0.00018614,1
10.137,0.00017171,1
10.138,0.00013797,1
10.139,0.00010507,1
10.139,6.6804e-05,1
10.14,2.1317e-05,1
10.14,-1.3931e-05,1
10.141,-2.7695e-05,1
10.141,-2.8534e-05,1
10.142,-3.2395e-05,1
10.142,-5.0187e-05,1
10.143,-7.6036e-05,1
10.143,-9.6513e-05,1
10.144,-0.00010642,1
10.144,-0.00010423,1
10.145,-8.6778e-05,1
10.145,-5.9251e-05,1
10.146,-3.4073e-05,1
10.146,-1.5274e-05,1
10.147,-5.7069e-06,1
10.147,-3.8605e-06,1
10.148,-1.5106e-06,1
10.148,1.3764e-05,1
10.149,3.4073e-05,1
10.149,4.7166e-05,1
10.15,5.5726e-05,1
10.15,5.8915e-05,1
10.151,5.7908e-05,1
10.151,5.8915e-05,1
10.152,6.3279e-05,1
10.153,6.3279e-05,1
10.153,5.6062e-05,1
10.154,3.8437e-05,1
10.154,3.8605e-06,1
10.155,-4.3809e-05,1
10.155,-7.805e-05,1
10.156,-8.426e-05,1
10.156,-7.57e-05,1
10.157,-6.865e-05,1
10.157,-7.5364e-05,1
10.158,-0.00010356,1
10.158,-0.00014049,1
10.159,-0.00014653,1
10.159,-0.00010423,1
10.16,-4.1123e-05,1
10.16,4.6998e-06,1
10.161,1.326e-05,1
10.161,-2.182e-06,1
10.162,-1.4267e-05,1
10.162,-2.1653e-05,1
10.163,-5.1865e-05,1
10.163,-8.8121e-05,1
10.164,-0.00011028,1
10.164,-0.00011212,1
10.165,-8.1071e-05,1
10.165,-2.7527e-05,1
10.166,3.9445e-05,1
10.167,0.0001138,1
10.167,0.00017809,1
10.168,0.0002412,1
10.168,0.00030901,1
10.169,0.00036373,1
10.169,0.00038085,1
10.17,0.00034963,1
10.17,0.00029323,1
10.171,0.00023314,1
10.171,0.00017691,1
10.172,0.00012874,1
10.172,8.51e-05,1
10.173,3.8102e-05,1
10.173,-3.5248e-06,1
10.174,-2.9709e-05,1
10.174,-4.1627e-05,1
10.175,-4.7501e-05,1
10.175,-4.7333e-05,1
10.176,-3.978e-05,1
10.176,-2.4506e-05,1
10.177,-1.6785e-07,1
10.177,2.9709e-05,1
10.178,5.4551e-05,1
10.178,6.009e-05,1
10.179,4.1459e-05,1
10.18,1.4771e-05,1
10.18,-3.1891e-06,1
10.181,-8.896e-06,1
10.181,-5.0355e-06,1
10.182,2.5177e-06,1
10.182,4.3641e-06,1
10.183,-8.3925e-06,1
10.183,-3.7095e-05,1
10.184,-7.8386e-05,1
10.184,-0.00011095,1
10.185,-0.00011682,1
10.185,-9.5003e-05,1
10.186,-5.4383e-05,1
10.186,-1.4939e-05,1
10.187,9.9031e-06,1
10.187,3.0549e-05,1
10.188,4.1459e-05,1
10.188,2.4002e-05,1
10.189,-3.5248e-06,1
10.189,-6.0426e-06,1
10.19,1.5946e-05,1
10.19,3.6423e-05,1
10.191,3.3738e-05,1
10.191,1.1414e-05,1
10.192,1.561e-05,1
10.193,6.1601e-05,1
10.193,0.00011028,1
10.194,0.0001232,1
10.194,9.4835e-05,1
10.195,3.7766e-05,1
10.195,-3.0716e-05,1
10.196,-7.2175e-05,1
10.196,-6.3951e-05,1
10.197,-3.2059e-05,1
10.197,-9.9031e-06,1
10.198,5.8747e-06,1
10.198,4.0116e-05,1
10.199,7.805e-05,1
10.199,8.5771e-05,1
10.2,5.5222e-05,1
10.2,8.7282e-06,1
10.201,-2.2995e-05,1
10.201,-3.2059e-05,1
10.202,-3.0884e-05,1
10.202,-3.1388e-05,1
10.203,-4.2466e-05,1
10.203,-5.7237e-05,1
10.204,-6.6972e-05,1
10.204,-6.4958e-05,1
10.205,-3.3402e-05,1
10.205,2.7359e-05,1
10.206,8.4764e-05,1
10.207,0.00010961,1
10.207,0.00010004,1
10.208,8.275e-05,1
10.208,7.4357e-05,1
10.209,6.7475e-05,1
10.209,5.8915e-05,1
10.21,5.1194e-05,1
10.21,4.1459e-05,1
10.211,2.4002e-05,1
10.211,5.539e-06,1
10.212,-5.7069e-06,1
10.212,-2.3499e-06,1
10.213,1.4267e-05,1
10.213,3.4745e-05,1
10.214,5.1194e-05,1
10.214,5.3376e-05,1
10.215,4.0452e-05,1
10.215,2.2995e-05,1
10.216,8.896e-06,1
10.216,-1.0071e-06,1
10.217,-4.1962e-06,1
10.217,-6.8818e-06,1
10.218,-1.561e-05,1
10.218,-2.7024e-05,1
10.219,-3.0045e-05,1
10.22,-2.652e-05,1
10.22,-2.2492e-05,1
10.221,-1.3764e-05,1
10.221,3.5248e-06,1
10.222,3.0045e-05,1
10.222,6.5629e-05,1
10.223,9.987e-05,1
10.223,0.00012505,1
10.224,0.00014485,1
10.224,0.00016097,1
10.225,0.00015509,1
10.225,0.0001138,1
10.226,5.8579e-05,1
10.226,1.9974e-05,1
10.227,-1.1749e-06,1
10.227,-1.3596e-05,1
10.228,-1.7624e-05,1
10.228,-2.1988e-05,1
10.229,-3.3402e-05,1
10.229,-4.3473e-05,1
10.23,-3.9445e-05,1
10.23,-2.5345e-05,1
10.231,-1.4435e-05,1
10.231,-1.4603e-05,1
10.232,-2.6688e-05,1
10.232,-4.7669e-05,1
10.233,-6.63e-05,1
10.234,-7.6707e-05,1
10.234,-9.4499e-05,1
10.235,-9.8192e-05,1
10.235,-7.1336e-05,1
10.236,-3.6927e-05,1
10.236,-2.5177e-05,1
10.237,-3.3234e-05,1
10.237,-1.9974e-05,1
10.238,3.3234e-05,1
10.238,0.00010423,1
10.239,0.00017977,1
10.239,0.00023549,1
10.24,0.00023616,1
10.24,0.00018447,1
10.241,0.00011162,1
10.241,4.5151e-05,1
10.242,1.0575e-05,1
10.242,1.091e-05,1
10.243,1.5106e-06,1
10.243,-2.7527e-05,1
10.244,-3.7766e-05,1
10.244,-1.4267e-05,1
10.245,0,1
10.245,-1.5946e-05,1
10.246,-1.1078e-05,1
10.246,2.5345e-05,1
10.247,3.0045e-05,1
10.248,-2.3667e-05,1
10.248,-8.0735e-05,1
10.249,-8.51e-05,1
10.249,-4.1962e-05,1
10.25,5.2033e-06,1
10.25,4.683e-05,1
10.251,8.6107e-05,1
10.251,0.00010222,1
10.252,8.1743e-05,1
10.252,4.1962e-05,1
10.253,1.2421e-05,1
10.253,1.561e-05,1
10.254,3.9109e-05,1
10.254,4.3473e-05,1
10.255,1.4771e-05,1
10.255,-2.2156e-05,1
10.256,-4.3473e-05,1
10.256,-4.4144e-05,1
10.257,-4.6494e-05,1
10.257,-6.1769e-05,1
10.258,-7.9393e-05,1
10.258,-8.4932e-05,1
10.259,-8.2582e-05,1
10.259,-8.1743e-05,1
10.26,-7.0161e-05,1
10.261,-2.8534e-05,1
10.261,4.1794e-05,1
10.262,0.00012505,1
10.262,0.00020259,1
10.263,0.00025177,1
10.263,0.00025899,1
10.264,0.00024388,1
10.264,0.00023616,1
10.265,0.00023734,1
10.265,0.00021804,1
10.266,0.00015459,1
10.266,5.388e-05,1
10.267,-5.4719e-05,1
10.267,-0.0001373,1
10.268,-0.00017003,1
10.268,-0.00015727,1
10.269,-0.00012404,1
10.269,-9.8192e-05,1
10.27,-0.00010709,1
10.27,-0.00014385,1
10.271,-0.000166,1
10.271,-0.00013008,1
10.272,-5.2873e-05,1
10.272,1.1749e-06,1
10.273,3.8605e-06,1
10.274,-1.6449e-05,1
10.274,-3.0549e-05,1
10.275,-2.6688e-05,1
10.275,8.896e-06,1
10.276,7.57e-05,1
10.276,0.0001514,1
10.277,0.00020461,1
10.277,0.00022206,1
10.278,0.00023012,1
10.278,0.00024926,1
10.279,0.00026705,1
10.279,0.00025127,1
10.28,0.00018648,1
10.28,0.00010088,1
10.281,2.7024e-05,1
10.281,-3.122e-05,1
10.282,-8.2078e-05,1
10.282,-0.00012203,1
10.283,-0.00014788,1
10.283,-0.00015828,1
10.284,-0.00016533,1
10.284,-0.00016684,1
10.285,-0.00013982,1
10.285,-7.9896e-05,1
10.286,-2.8534e-06,1
10.286,7.335e-05,1
10.287,0.00013143,1
10.288,0.00017943,1
10.288,0.00024221,1
10.289,0.00029592,1
10.289,0.00029525,1
10.29,0.00024691,1
10.29,0.00019168,1
10.291,0.00014838,1
10.291,9.9031e-05,1
10.292,3.1724e-05,1
10.292,-4.2298e-05,1
10.293,-0.00010423,1
10.293,-0.00012404,1
10.294,-0.00010474,1
10.294,-6.0426e-05,1
10.295,2.182e-06,1
10.295,6.1601e-05,1
10.296,9.0471e-05,1
10.296,7.4693e-05,1
10.297,3.3738e-05,1
10.297,6.3783e-06,1
10.298,6.5461e-06,1
10.298,2.4338e-05,1
10.299,3.9109e-05,1
10.299,3.9109e-05,1
10.3,3.0716e-05,1
10.3,2.5177e-05,1
10.301,3.0716e-05,1
10.302,4.1794e-05,1
10.302,4.7669e-05,1
10.303,3.9445e-05,1
10.303,1.2589e-05,1
10.304,-2.652e-05,1
10.304,-6.4958e-05,1
10.305,-9.2317e-05,1
10.305,-0.00010658,1
10.306,-0.00010692,1
10.306,-0.00010289,1
10.307,-0.00011095,1
10.307,-0.00012639,1
10.308,-0.00012639,1
10.308,-9.8024e-05,1
10.309,-5.069e-05,1
10.309,-8.3925e-07,1
10.31,3.2059e-05,1
10.31,3.508e-05,1
10.311,2.0478e-05,1
10.311,8.896e-06,1
10.312,-1.6785e-07,1
10.312,-1.2253e-05,1
10.313,-3.2395e-05,1
10.313,-5.4215e-05,1
10.314,-7.2007e-05,1
10.315,-8.8792e-05,1
10.315,-9.3324e-05,1
10.316,-6.9322e-05,1
10.316,-2.6688e-05,1
10.317,-3.2395e-05,1
10.317,-0.00011414,1
10.318,-0.00018698,1
10.318,-0.00019823,1
10.319,-0.00016835,1
10.319,-0.00012924,1
10.32,-0.00010558,1
10.32,-9.1478e-05,1
10.321,-6.6636e-05,1
10.321,-1.8296e-05,1
10.322,4.918e-05,1
10.322,0.00013143,1
10.323,0.00022911,1
10.323,0.00031102,1
10.324,0.00034023,1
10.324,0.00031522,1
10.325,0.00026017,1
10.325,0.00019924,1
10.326,0.0001462,1
10.326,0.00010591,1
10.327,7.3182e-05,1
10.328,4.1459e-05,1
10.328,2.4338e-05,1
10.329,4.8508e-05,1
10.329,0.00011061,1
10.33,0.00017507,1
10.33,0.00020864,1
10.331,0.00020847,1
10.331,0.00017842,1
10.332,0.00011766,1
10.332,4.9683e-05,1
10.333,1.2253e-05,1
10.333,1.0071e-05,1
10.334,1.6281e-05,1
10.334,-8.3925e-07,1
10.335,-4.8508e-05,1
10.335,-0.00012773,1
10.336,-0.0002125,1
10.336,-0.00024808,1
10.337,-0.00023046,1
10.337,-0.00019538,1
10.338,-0.00015895,1
10.338,-0.00012152,1
10.339,-8.4764e-05,1
10.339,-4.6662e-05,1
10.34,-3.5248e-06,1
10.34,4.8005e-05,1
10.341,0.00011363,1
10.342,0.00018648,1
10.342,0.00025026,1
10.343,0.00028769,1
10.343,0.00027242,1
10.344,0.00021065,1
10.344,0.00014502,1
10.345,9.8527e-05,1
10.345,5.9586e-05,1
10.346,2.0981e-05,1
10.346,-6.3783e-06,1
10.347,-1.6617e-05,1
10.347,-1.9135e-05,1
10.348,-2.0981e-05,1
10.348,-2.031e-05,1
10.349,-6.714e-06,1
10.349,1.3092e-05,1
10.35,2.1317e-05,1
10.35,1.0575e-05,1
10.351,-1.796e-05,1
10.351,-5.5894e-05,1
10.352,-9.1142e-05,1
10.352,-0.00012505,1
10.353,-0.00017507,1
10.353,-0.00025194,1
10.354,-0.00031405,1
10.354,-0.00032747,1
10.355,-0.00030062,1
10.356,-0.0002454,1
10.356,-0.00016701,1
10.357,-7.5364e-05,1
10.357,1.0407e-05,1
10.358,8.0064e-05,1
10.358,0.00016432,1
10.359,0.00027645,1
10.359,0.00036407,1
10.36,0.00036944,1
10.36,0.00028988,1
10.361,0.00017691,1
10.361,8.2078e-05,1
10.362,2.8367e-05,1
10.362,1.2757e-05,1
10.363,1.8967e-05,1
10.363,4.683e-05,1
10.364,9.2149e-05,1
10.364,0.00012337,1
10.365,0.00011431,1
10.365,7.7379e-05,1
10.366,5.3208e-05,1
10.366,5.2201e-05,1
10.367,6.4286e-05,1
10.367,9.3156e-05,1
10.368,0.0001321,1
10.369,0.00014939,1
10.369,0.00013243,1
10.37,0.00010256,1
10.37,7.7546e-05,1
10.371,5.623e-05,1
10.371,2.2324e-05,1
10.372,-3.2059e-05,1
10.372,-8.1743e-05,1
10.373,-0.00010323,1
10.373,-0.00010256,1
10.374,-9.6681e-05,1
10.374,-8.2582e-05,1
10.375,-4.9851e-05,1
10.375,-1.2924e-05,1
10.376,1.0071e-05,1
10.376,8.5603e-06,1
10.377,3.1891e-06,1
10.377,1.2757e-05,1
10.378,1.1078e-05,1
10.378,-1.091e-05,1
10.379,-3.9445e-05,1
10.379,-6.7308e-05,1
10.38,-8.7953e-05,1
10.38,-8.8624e-05,1
10.381,-6.5629e-05,1
10.382,-3.4241e-05,1
10.382,-2.8534e-06,1
10.383,2.8199e-05,1
10.383,5.1026e-05,1
10.384,6.2608e-05,1
10.384,7.0329e-05,1
10.385,7.4693e-05,1
10.385,7.0665e-05,1
10.386,5.0858e-05,1
10.386,9.5674e-06,1
10.387,-4.3809e-05,1
10.387,-8.6946e-05,1
10.388,-0.00010994,1
10.388,-0.00012085,1
10.389,-0.00013713,1
10.389,-0.00016567,1
10.39,-0.00016063,1
10.39,-8.0568e-05,1
10.391,5.4551e-05,1
10.391,0.00019789,1
10.392,0.00029424,1
10.392,0.00030431,1
10.393,0.00023314,1
10.393,0.00012639,1
10.394,5.2873e-05,1
10.394,6.8818e-05,1
10.395,0.0001462,1
10.396,0.00017406,1
10.396,0.00010843,1
10.397,1.6953e-05,1
10.397,-3.2059e-05,1
10.398,-2.1988e-05,1
10.398,1.7288e-05,1
10.399,4.8844e-05,1
10.399,6.1265e-05,1
10.4,6.2272e-05,1
10.4,5.9586e-05,1
10.401,5.4215e-05,1
10.401,6.7979e-05,1
10.402,0.00011481,1
10.402,0.00016265,1
10.403,0.00017675,1
10.403,0.00014469,1
10.404,6.5293e-05,1
10.404,-3.978e-05,1
10.405,-0.00013529,1
10.405,-0.00019588,1
10.406,-0.00022861,1
10.406,-0.00024909,1
10.407,-0.00025412,1
10.407,-0.00023415,1
10.408,-0.00018514,1
10.409,-0.00012287,1
10.409,-7.9225e-05,1
10.41,-4.7837e-05,1
10.41,6.8818e-06,1
10.411,6.9322e-05,1
10.411,0.00010457,1
10.412,0.00012236,1
10.412,0.00013378,1
10.413,0.00013378,1
10.413,0.00011766,1
10.414,0.00010323,1
10.414,0.00012505,1
10.415,0.00019135,1
10.415,0.00025396,1
10.416,0.00026252,1
10.416,0.00022391,1
10.417,0.0001744,1
10.417,0.00012824,1
10.418,9.1981e-05,1
10.418,8.0064e-05,1
10.419,9.0303e-05,1
10.419,0.00011498,1
10.42,0.0001425,1
10.42,0.00015492,1
10.421,0.00013915,1
10.421,9.3492e-05,1
10.422,2.4842e-05,1
10.423,-5.4047e-05,1
10.423,-0.00011061,1
10.424,-0.00013008,1
10.424,-0.00013881,1
10.425,-0.00017305,1
10.425,-0.00023885,1
10.426,-0.00030784,1
10.426,-0.00034476,1
10.427,-0.00034426,1
10.427,-0.00032378,1
10.428,-0.00029155,1
10.428,-0.00023986,1
10.429,-0.0001472,1
10.429,-3.1388e-05,1
10.43,7.5029e-05,1
10.43,0.00016953,1
10.431,0.0002501,1
10.431,0.00031069,1
10.432,0.00033855,1
10.432,0.00031606,1
10.433,0.0002647,1
10.433,0.00020662,1
10.434,0.00014418,1
10.434,9.7856e-05,1
10.435,6.9993e-05,1
10.435,5.8747e-05,1
10.436,5.8915e-05,1
10.437,4.4816e-05,1
10.437,9.2317e-06,1
10.438,-4.6494e-05,1
10.438,-0.00011716,1
10.439,-0.00017003,1
10.439,-0.00018061,1
10.44,-0.00016248,1
10.44,-0.00014418,1
10.441,-0.00013008,1
10.441,-0.00011565,1
10.442,-9.3492e-05,1
10.442,-5.6901e-05,1
10.443,-5.539e-06,1
10.443,6.0929e-05,1
10.444,0.00011666,1
10.444,0.00013277,1
10.445,0.00011363,1
10.445,7.1672e-05,1
10.446,2.7024e-05,1
10.446,-2.6856e-06,1
10.447,-4.0452e-05,1
10.447,-9.5171e-05,1
10.448,-0.00010625,1
10.448,-4.4984e-05,1
10.449,4.8844e-05,1
10.45,0.00012236,1
10.45,0.00015308,1
10.451,0.00015828,1
10.451,0.00015526,1
10.452,0.00015023,1
10.452,0.00014754,1
10.453,0.00015023,1
10.453,0.00014955,1
10.454,0.00012924,1
10.454,9.6513e-05,1
10.455,5.8915e-05,1
10.455,4.0116e-05,1
10.456,4.8844e-05,1
10.456,6.5629e-05,1
10.457,7.4022e-05,1
10.457,7.2343e-05,1
10.458,6.2608e-05,1
10.458,5.4551e-05,1
10.459,4.7333e-05,1
10.459,3.0381e-05,1
10.46,2.8534e-06,1
10.46,-3.1388e-05,1
10.461,-5.9922e-05,1
10.461,-7.5364e-05,1
10.462,-7.5868e-05,1
10.463,-6.8482e-05,1
10.463,-6.9993e-05,1
10.464,-8.4764e-05,1
10.464,-9.0471e-05,1
10.465,-6.9657e-05,1
10.465,-4.1794e-05,1
10.466,-2.9709e-05,1
10.466,-3.5752e-05,1
10.467,-4.6494e-05,1
10.467,-5.388e-05,1
10.468,-5.7572e-05,1
10.468,-5.5726e-05,1
10.469,-4.6159e-05,1
10.469,-2.9709e-05,1
10.47,-8.5603e-06,1
10.47,9.5674e-06,1
10.471,2.4674e-05,1
10.471,4.4984e-05,1
10.472,5.8244e-05,1
10.472,5.0355e-05,1
10.473,2.7527e-05,1
10.473,5.2033e-06,1
10.474,-1.1246e-05,1
10.474,-2.3667e-05,1
10.475,-2.8367e-05,1
10.475,-3.3906e-05,1
10.476,-4.2634e-05,1
10.477,-4.5823e-05,1
10.477,-3.0716e-05,1
10.478,5.2033e-06,1
10.478,5.0858e-05,1
10.479,8.3421e-05,1
10.479,0.00010642,1
10.48,0.00014217,1
10.48,0.00018782,1
10.481,0.00020108,1
10.481,0.00015425,1
10.482,7.4357e-05,1
10.482,-1.8463e-06,1
10.483,-5.388e-05,1
10.483,-7.1e-05,1
10.484,-6.2776e-05,1
10.484,-5.2537e-05,1
10.485,-6.1769e-05,1
10.485,-8.9128e-05,1
10.486,-0.00010138,1
10.486,-6.8482e-05,1
10.487,1.2421e-05,1
10.487,0.00011749,1
10.488,0.00021317,1
10.488,0.00025345,1
10.489,0.00020746,1
10.489,0.00012454,1
10.49,7.6707e-05,1
10.491,6.4286e-05,1
10.491,4.3473e-05,1
10.492,4.3641e-06,1
10.492,-2.0813e-05,1
10.493,-2.0981e-05,1
10.493,4.5319e-06,1
10.494,5.2033e-05,1
10.494,0.00011733,1
10.495,0.00014871,1
10.495,9.2149e-05,1
10.496,-8.896e-06,1
10.496,-8.04e-05,1
10.497,-9.0303e-05,1
10.497,-5.6901e-05,1
10.498,-4.8676e-06,1
10.498,5.153e-05,1
10.499,9.2317e-05,1
10.499,0.00010188,1
10.5,9.9702e-05,1
10.5,0.00011179,1
10.501,0.000142,1
10.501,0.00017977,1
10.502,0.00022274,1
10.502,0.00024875,1
10.503,0.00022945,1
10.504,0.00016768,1
10.504,8.4596e-05,1
10.505,0,1
10.505,-9.3324e-05,1
10.506,-0.00020293,1
10.506,-0.00030498,1
10.507,-0.00037229,1
10.507,-0.00038085,1
10.508,-0.00032345,1
10.508,-0.00023214,1
10.509,-0.00014318,1
10.509,-7.7379e-05,1
10.51,-3.3234e-05,1
10.51,7.8889e-06,1
10.511,5.8915e-05,1
10.511,0.00010994,1
10.512,0.00014049,1
10.512,0.00015744,1
10.513,0.00017842,1
10.513,0.00018447,1
10.514,0.00016533,1
10.514,0.00014553,1
10.515,0.00014284,1
10.515,0.00015459,1
10.516,0.00016768,1
10.517,0.00015761,1
10.517,9.4499e-05,1
10.518,-5.539e-06,1
10.518,-7.3182e-05,1
10.519,-8.4764e-05,1
10.519,-6.5293e-05,1
10.52,-2.9374e-05,1
10.52,1.1917e-05,1
10.521,4.5319e-05,1
10.521,7.1336e-05,1
10.522,9.9199e-05,1
10.522,0.00011666,1
10.523,0.00010407,1
10.523,6.1097e-05,1
10.524,-2.5177e-06,1
10.524,-8.0064e-05,1
10.525,-0.00015761,1
10.525,-0.00020746,1
10.526,-0.00020729,1
10.526,-0.0001697,1
10.527,-0.00012773,1
10.527,-9.7688e-05,1
10.528,-8.5771e-05,1
10.528,-8.3925e-05,1
10.529,-8.1239e-05,1
10.529,-7.0329e-05,1
10.53,-4.5319e-05,1
10.531,-6.2104e-06,1
10.531,3.1891e-05,1
10.532,4.7501e-05,1
10.532,5.1194e-05,1
10.533,6.4286e-05,1
10.533,8.275e-05,1
10.534,9.4835e-05,1
10.534,0.0001091,1
10.535,0.00011666,1
10.535,8.5771e-05,1
10.536,3.6088e-05,1
10.536,-1.3596e-05,1
10.537,-7.5364e-05,1
10.537,-0.00015727,1
10.538,-0.00025127,1
10.538,-0.00030867,1
10.539,-0.00029978,1
10.539,-0.00024271,1
10.54,-0.00017188,1
10.54,-9.9031e-05,1
10.541,-1.6953e-05,1
10.541,8.04e-05,1
10.542,0.00020259,1
10.542,0.00034275,1
10.543,0.00046897,1
10.543,0.00054903,1
10.544,0.00055642,1
10.545,0.00048223,1
10.545,0.00036474,1
10.546,0.00025966,1
10.546,0.00018161,1
10.547,0.00011666,1
10.547,5.8915e-05,1
10.548,1.326e-05,1
10.548,-2.1317e-05,1
10.549,-5.0187e-05,1
10.549,-8.4596e-05,1
10.55,-0.00013126,1
10.55,-0.00015593,1
10.551,-0.0001321,1
10.551,-9.366e-05,1
10.552,-8.7114e-05,1
10.552,-0.00011162,1
10.553,-0.0001237,1
10.553,-9.1142e-05,1
10.554,-8.896e-06,1
10.554,9.3156e-05,1
10.555,0.00017372,1
10.555,0.00021468,1
10.556,0.00020981,1
10.556,0.0001707,1
10.557,0.0001274,1
10.558,8.7785e-05,1
10.558,3.9109e-05,1
10.559,-2.1317e-05,1
10.559,-7.0329e-05,1
10.56,-9.2485e-05,1
10.56,-9.4835e-05,1
10.561,-8.6778e-05,1
10.561,-7.57e-05,1
10.562,-6.244e-05,1
10.562,-4.683e-05,1
10.563,-3.7263e-05,1
10.563,-3.6423e-05,1
10.564,-4.213e-05,1
10.564,-4.8173e-05,1
10.565,-4.9516e-05,1
10.565,-4.6159e-05,1
10.566,-4.062e-05,1
10.566,-4.3137e-05,1
10.567,-5.6062e-05,1
10.567,-9.1142e-05,1
10.568,-0.00013663,1
10.568,-0.00015039,1
10.569,-0.00011766,1
10.569,-5.8076e-05,1
10.57,1.0575e-05,1
10.57,6.8147e-05,1
10.571,9.6513e-05,1
10.572,0.00010272,1
10.572,0.00010188,1
10.573,0.00010088,1
10.573,0.00010457,1
10.574,0.00012538,1
10.574,0.000166,1
10.575,0.00018883,1
10.575,0.00015123,1
10.576,4.8173e-05,1
10.576,-5.7237e-05,1
10.577,-0.00011313,1
10.577,-0.00012874,1
10.578,-0.00013176,1
10.578,-0.00012874,1
10.579,-0.00012169,1
10.579,-0.00011196,1
10.58,-9.5003e-05,1
10.58,-5.4887e-05,1
10.581,1.6785e-07,1
10.581,5.3376e-05,1
10.582,9.7856e-05,1
10.582,0.00011565,1
10.583,9.9199e-05,1
10.583,7.6707e-05,1
10.584,8.1407e-05,1
10.585,0.00010961,1
10.585,0.00013931,1
10.586,0.0001702,1
10.586,0.00019554,1
10.587,0.00021451,1
10.587,0.0002083,1
10.588,0.0001566,1
10.588,8.426e-05,1
10.589,3.0884e-05,1
10.589,1.2924e-05,1
10.59,2.2995e-05,1
10.59,4.1123e-05,1
10.591,5.0523e-05,1
10.591,4.9516e-05,1
10.592,4.2634e-05,1
10.592,2.9374e-05,1
10.593,2.8534e-06,1
10.593,-2.6184e-05,1
10.594,-2.501e-05,1
10.594,-1.9471e-05,1
10.595,-4.8173e-05,1
10.595,-9.6345e-05,1
10.596,-0.0001232,1
10.596,-0.00010843,1
10.597,-5.5558e-05,1
10.598,2.6688e-05,1
10.598,0.00012186,1
10.599,0.0002031,1
10.599,0.00024825,1
10.6,0.00024422,1
10.6,0.00020562,1
10.601,0.00015341,1
10.601,8.2078e-05,1
10.602,-4.2466e-05,1
10.602,-0.00019655,1
10.603,-0.00029256,1
10.603,-0.0002976,1
10.604,-0.00024623,1
10.604,-0.00018564,1
10.605,-0.0001425,1
10.605,-0.00010558,1
10.606,-5.3376e-05,1
10.606,9.2317e-06,1
10.607,8.4428e-05,1
10.607,0.00017607,1
10.608,0.00025563,1
10.608,0.00029357,1
10.609,0.00026705,1
10.609,0.0001556,1
10.61,1.1414e-05,1
10.61,-9.1142e-05,1
10.611,-0.00012706,1
10.612,-9.2317e-05,1
10.612,2.8534e-06,1
10.613,0.00011397,1
10.613,0.00018917,1
10.614,0.00021418,1
10.614,0.00020092,1
10.615,0.00013462,1
10.615,2.4842e-05,1
10.616,-6.8147e-05,1
10.616,-0.00010138,1
10.617,-8.3085e-05,1
10.617,-5.1865e-05,1
10.618,-3.508e-05,1
10.618,-4.3137e-05,1
10.619,-6.4286e-05,1
10.619,-6.6133e-05,1
10.62,-3.0381e-05,1
10.62,3.0381e-05,1
10.621,7.4525e-05,1
10.621,7.805e-05,1
10.622,6.7979e-05,1
10.622,6.1936e-05,1
10.623,5.4215e-05,1
10.623,4.7837e-05,1
10.624,3.978e-05,1
10.624,2.266e-05,1
10.625,6.2104e-06,1
10.626,1.6785e-07,1
10.626,4.8676e-06,1
10.627,6.0426e-06,1
10.627,6.714e-07,1
10.628,8.896e-06,1
10.628,3.4409e-05,1
10.629,6.479e-05,1
10.629,8.9799e-05,1
10.63,9.4331e-05,1
10.63,7.335e-05,1
10.631,3.4745e-05,1
10.631,-5.539e-06,1
10.632,-4.9516e-05,1
10.632,-9.8863e-05,1
10.633,-0.00014066,1
10.633,-0.00016567,1
10.634,-0.00018111,1
10.634,-0.00018715,1
10.635,-0.00016835,1
10.635,-0.00010961,1
10.636,-3.0381e-05,1
10.636,3.2898e-05,1
10.637,6.7308e-05,1
10.637,8.5771e-05,1
10.638,9.7185e-05,1
10.639,9.3828e-05,1
10.639,6.2272e-05,1
10.64,7.0497e-06,1
10.64,-4.213e-05,1
10.641,-6.63e-05,1
10.641,-6.9322e-05,1
10.642,-5.7908e-05,1
10.642,-3.2227e-05,1
10.643,1.091e-05,1
10.643,5.7404e-05,1
10.644,8.6275e-05,1
10.644,9.1981e-05,1
10.645,8.5771e-05,1
10.645,7.57e-05,1
10.646,6.5629e-05,1
10.646,6.5293e-05,1
10.647,7.0665e-05,1
10.647,5.9251e-05,1
10.648,2.8031e-05,1
10.648,2.182e-06,1
10.649,3.6927e-06,1
10.649,1.8967e-05,1
10.65,3.1891e-05,1
10.65,3.5416e-05,1
10.651,2.5345e-05,1
10.652,8.2246e-06,1
10.652,-3.6927e-06,1
10.653,-1.5442e-05,1
10.653,-1.8967e-05,1
10.654,6.3783e-06,1
10.654,4.3473e-05,1
10.655,5.5558e-05,1
10.655,3.6759e-05,1
10.656,1.8631e-05,1
10.656,1.9303e-05,1
10.657,3.5248e-05,1
10.657,6.0929e-05,1
10.658,7.4525e-05,1
10.658,5.9922e-05,1
10.659,1.9303e-05,1
10.659,-2.0981e-05,1
10.66,-4.2634e-05,1
10.66,-4.1794e-05,1
10.661,-2.1653e-05,1
10.661,1.0575e-05,1
10.662,2.4674e-05,1
10.662,-1.5778e-05,1
10.663,-6.2608e-05,1
10.663,-4.1794e-05,1
10.664,3.8102e-05,1
10.664,0.00010776,1
10.665,0.0001091,1
10.666,4.5319e-05,1
10.666,-1.4771e-05,1
10.667,-1.3596e-05,1
10.667,5.2369e-05,1
10.668,0.00014754,1
10.668,0.00022341,1
10.669,0.00022542,1
10.669,0.00014955,1
10.67,7.335e-05,1
10.67,5.9419e-05,1
10.671,8.6778e-05,1
10.671,9.8695e-05,1
10.672,6.5797e-05,1
10.672,-1.5946e-05,1
10.673,-9.8863e-05,1
10.673,-0.00013462,1
10.674,-0.00011867,1
10.674,-7.1168e-05,1
10.675,-2.9709e-05,1
10.675,-1.0071e-05,1
10.676,1.1246e-05,1
10.676,5.0187e-05,1
10.677,8.8457e-05,1
10.677,0.0001133,1
10.678,0.00013814,1
10.678,0.00016097,1
10.679,0.00015895,1
10.68,0.00012236,1
10.68,6.6636e-05,1
10.681,1.1582e-05,1
10.681,-3.0549e-05,1
10.682,-5.388e-05,1
10.682,-5.8579e-05,1
10.683,-5.4719e-05,1
10.683,-6.0594e-05,1
10.684,-7.4022e-05,1
10.684,-7.3518e-05,1
10.685,-4.9851e-05,1
10.685,-2.0142e-06,1
10.686,6.865e-05,1
10.686,0.00014821,1
10.687,0.00020595,1
10.687,0.00021569,1
10.688,0.00018782,1
10.688,0.00014083,1
10.689,7.7546e-05,1
10.689,6.5461e-06,1
10.69,-5.5222e-05,1
10.69,-0.00010289,1
10.691,-0.00012068,1
10.691,-9.8192e-05,1
10.692,-5.304e-05,1
10.693,-1.7288e-05,1
10.693,-4.1962e-06,1
10.694,-4.8676e-06,1
10.694,-1.3764e-05,1
10.695,-2.5177e-05,1
10.695,-2.8702e-05,1
10.696,-2.3331e-05,1
10.696,-9.5674e-06,1
10.697,3.2731e-05,1
10.697,0.00010541,1
10.698,0.00015425,1
10.698,0.00013378,1
10.699,6.5797e-05,1
10.699,0,1
10.7,-4.1123e-05,1
10.7,-5.388e-05,1
10.701,-5.0187e-05,1
10.701,-5.069e-05,1
10.702,-5.8915e-05,1
10.702,-7.7043e-05,1
10.703,-9.9199e-05,1
10.703,-7.3686e-05,1
10.704,-3.8605e-06,1
10.704,2.5177e-05,1
10.705,-2.7863e-05,1
10.706,-0.00013327,1
10.706,-0.00023415,1
10.707,-0.00028988,1
10.707,-0.0002793,1
10.708,-0.00021384,1
10.708,-0.00011867,1
10.709,-6.3783e-06,1
10.709,8.3757e-05,1
10.71,0.00012035,1
10.71,0.00013898,1
10.711,0.00017624,1
10.711,0.00021871,1
10.712,0.00024657,1
10.712,0.00027242,1
10.713,0.0003174,1
10.713,0.00035618,1
10.714,0.0003508,1
10.714,0.00030666,1
10.715,0.00024758,1
10.715,0.00016231,1
10.716,2.8031e-05,1
10.716,-0.0001237,1
10.717,-0.00021132,1
10.717,-0.00020511,1
10.718,-0.00014385,1
10.718,-7.3182e-05,1
10.719,-2.9206e-05,1
10.72,-3.7263e-05,1
10.72,-6.2272e-05,1
10.721,-4.3305e-05,1
10.721,2.9374e-05,1
10.722,0.00011833,1
10.722,0.00017876,1
10.723,0.00017876,1
10.723,0.00012219,1
10.724,6.1601e-05,1
10.724,2.6017e-05,1
10.725,1.7624e-05,1
10.725,2.1317e-05,1
10.726,9.2317e-06,1
10.726,-2.2995e-05,1
10.727,-2.4338e-05,1
10.727,3.3402e-05,1
10.728,0.00010239,1
10.728,0.00012807,1
10.729,9.4835e-05,1
10.729,2.887e-05,1
10.73,-3.8773e-05,1
10.73,-0.00010826,1
10.731,-0.00019101,1
10.731,-0.00026705,1
10.732,-0.00030314,1
10.732,-0.00030196,1
10.733,-0.00029122,1
10.734,-0.00027678,1
10.734,-0.00024556,1
10.735,-0.00018682,1
10.735,-9.5506e-05,1
10.736,1.7288e-05,1
10.736,0.00013109,1
10.737,0.00021065,1
10.737,0.00022861,1
10.738,0.00020562,1
10.738,0.00016399,1
10.739,0.00011766,1
10.739,8.6946e-05,1
10.74,6.479e-05,1
10.74,3.9277e-05,1
10.741,1.1582e-05,1
10.741,7.0497e-06,1
10.742,4.0116e-05,1
10.742,0.00010088,1
10.743,0.00017775,1
10.743,0.00026,1
10.744,0.00031539,1
10.744,0.00030498,1
10.745,0.00023784,1
10.745,0.00015962,1
10.746,0.00010088,1
10.747,5.623e-05,1
10.747,1.7456e-05,1
10.748,-1.2253e-05,1
10.748,-2.9038e-05,1
10.749,-3.3738e-05,1
10.749,-2.6856e-05,1
10.75,2.3835e-05,1
10.75,0.00010726,1
10.751,0.00013948,1
10.751,7.335e-05,1
10.752,-4.2802e-05,1
10.752,-0.00012656,1
10.753,-0.00015106,1
10.753,-0.00013361,1
10.754,-0.00010457,1
10.754,-8.4092e-05,1
10.755,-7.6204e-05,1
10.755,-8.191e-05,1
10.756,-8.9296e-05,1
10.756,-6.8818e-05,1
10.757,-1.8631e-05,1
10.757,3.2059e-05,1
10.758,6.4286e-05,1
10.758,7.1504e-05,1
10.759,5.4047e-05,1
10.759,2.3499e-05,1
10.76,-8.5603e-06,1
10.761,-4.2802e-05,1
10.761,-7.3518e-05,1
10.762,-9.3828e-05,1
10.762,-9.7856e-05,1
10.763,-7.9896e-05,1
10.763,-5.388e-05,1
10.764,-3.9948e-05,1
10.764,-3.4745e-05,1
10.765,-2.8367e-05,1
10.765,-2.5345e-05,1
10.766,-3.3738e-05,1
10.766,-4.448e-05,1
10.767,-4.448e-05,1
10.767,-5.0019e-05,1
10.768,-7.3014e-05,1
10.768,-7.8721e-05,1
10.769,-4.5151e-05,1
10.769,1.5274e-05,1
10.77,8.6442e-05,1
10.77,0.000165,1
10.771,0.00023532,1
10.771,0.00027007,1
10.772,0.00025563,1
10.772,0.00020662,1
10.773,0.00015526,1
10.774,0.00010826,1
10.774,5.1865e-05,1
10.775,-3.8605e-06,1
10.775,-6.4286e-05,1
10.776,-0.00016835,1
10.776,-0.00028988,1
10.777,-0.00036121,1
10.777,-0.00034527,1
10.778,-0.0002558,1
10.778,-0.00013948,1
10.779,-2.9709e-05,1
10.779,6.0594e-05,1
10.78,0.00012236,1
10.78,0.00014821,1
10.781,0.00020175,1
10.781,0.00032546,1
10.782,0.00044765,1
10.782,0.00048659,1
10.783,0.00043557,1
10.783,0.00033519,1
10.784,0.00022374,1
10.784,0.00011917,1
10.785,2.5345e-05,1
10.785,-5.4719e-05,1
10.786,-0.00010793,1
10.787,-0.00011833,1
10.787,-9.3492e-05,1
10.788,-5.8076e-05,1
10.788,-3.7766e-05,1
10.789,-3.7095e-05,1
10.789,-3.7095e-05,1
10.79,-1.8296e-05,1
10.79,7.5532e-06,1
10.791,2.0142e-05,1
10.791,1.1749e-05,1
10.792,1.4099e-05,1
10.792,3.0045e-05,1
10.793,2.9877e-05,1
10.793,3.0381e-05,1
10.794,6.4286e-05,1
10.794,0.00013931,1
10.795,0.00024808,1
10.795,0.00035752,1
10.796,0.00041744,1
10.796,0.0003973,1
10.797,0.00031304,1
10.797,0.00020662,1
10.798,0.00011565,1
10.798,5.3544e-05,1
10.799,1.4267e-05,1
10.799,-3.5248e-06,1
10.8,-1.2589e-05,1
10.801,-3.0045e-05,1
10.801,-5.7237e-05,1
10.802,-7.8386e-05,1
10.802,-8.9799e-05,1
10.803,-0.00012992,1
10.803,-0.00021384,1
10.804,-0.00032126,1
10.804,-0.00040351,1
10.805,-0.00042332,1
10.805,-0.00040267,1
10.806,-0.00035785,1
10.806,-0.00029223,1
10.807,-0.00025396,1
10.807,-0.00025664,1
10.808,-0.00022525,1
10.808,-0.00011464,1
10.809,3.3738e-05,1
10.809,0.00015224,1
10.81,0.00021099,1
10.81,0.00022676,1
10.811,0.0002266,1
10.811,0.0002224,1
10.812,0.00021267,1
10.812,0.00019991,1
10.813,0.00017842,1
10.813,0.00013008,1
10.814,7.0329e-05,1
10.815,2.4002e-05,1
10.815,-3.8605e-06,1
10.816,-2.8534e-05,1
10.816,-6.3615e-05,1
10.817,-0.00012068,1
10.817,-0.00018094,1
10.818,-0.0002125,1
10.818,-0.00021367,1
10.819,-0.00018732,1
10.819,-0.00014989,1
10.82,-0.00012236,1
10.82,-0.00010323,1
10.821,-8.1407e-05,1
10.821,-3.743e-05,1
10.822,7.5029e-05,1
10.822,0.00025866,1
10.823,0.00044161,1
10.823,0.0005482,1
10.824,0.00054769,1
10.824,0.0004542,1
10.825,0.00031136,1
10.825,0.00015392,1
10.826,2.9541e-05,1
10.826,-1.7288e-05,1
10.827,5.0355e-07,1
10.828,2.6017e-05,1
10.828,2.1988e-05,1
10.829,-1.6785e-06,1
10.829,-2.1653e-05,1
10.83,-2.266e-05,1
10.83,-5.0355e-06,1
10.831,3.1724e-05,1
10.831,8.5267e-05,1
10.832,0.00012706,1
10.832,0.0001185,1
10.833,6.8986e-05,1
10.833,4.2802e-05,1
10.834,5.3208e-05,1
10.834,4.3641e-05,1
10.835,-2.5177e-06,1
10.835,-5.2537e-05,1
10.836,-7.8218e-05,1
10.836,-8.4764e-05,1
10.837,-8.4764e-05,1
10.837,-8.2078e-05,1
10.838,-7.5364e-05,1
10.838,-7.0665e-05,1
10.839,-7.5029e-05,1
10.839,-8.6778e-05,1
10.84,-9.9535e-05,1
10.841,-9.9031e-05,1
10.841,-8.3421e-05,1
10.842,-6.7475e-05,1
10.842,-5.7237e-05,1
10.843,-4.9851e-05,1
10.843,-4.2802e-05,1
10.844,-2.7024e-05,1
10.844,-1.5106e-06,1
10.845,2.2324e-05,1
10.845,2.1317e-05,1
10.846,-6.8818e-06,1
10.846,-3.6088e-05,1
10.847,-6.0594e-05,1
10.847,-9.2485e-05,1
10.848,-0.00011145,1
10.848,-0.00010407,1
10.849,-8.2414e-05,1
10.849,-4.4144e-05,1
10.85,1.1414e-05,1
10.85,6.7979e-05,1
10.851,0.00010239,1
10.851,0.00010541,1
10.852,9.9031e-05,1
10.852,0.00010239,1
10.853,0.00011028,1
10.853,9.4835e-05,1
10.854,5.5558e-05,1
10.855,2.7359e-05,1
10.855,3.3066e-05,1
10.856,6.6133e-05,1
10.856,0.00010054,1
10.857,0.00012068,1
10.857,0.00014066,1
10.858,0.00015862,1
10.858,0.00016013,1
10.859,0.00015325,1
10.859,0.00014888,1
10.86,0.00013126,1
10.86,8.3085e-05,1
10.861,2.5345e-05,1
10.861,-8.5603e-06,1
10.862,-1.7792e-05,1
10.862,-2.2828e-05,1
10.863,-4.0116e-05,1
10.863,-6.1936e-05,1
10.864,-6.949e-05,1
10.864,-5.9083e-05,1
10.865,-4.2634e-05,1
10.865,-4.3137e-05,1
10.866,-8.661e-05,1
10.866,-0.00014536,1
10.867,-0.00017305,1
10.867,-0.00016231,1
10.868,-8.275e-05,1
10.869,6.3783e-05,1
10.869,0.0002036,1
10.87,0.00027074,1
10.87,0.00024959,1
10.871,0.00018195,1
10.871,0.00012203,1
10.872,9.7353e-05,1
10.872,9.6513e-05,1
10.873,9.1814e-05,1
10.873,6.9154e-05,1
10.874,4.0787e-05,1
10.874,2.0142e-05,1
10.875,2.182e-06,1
10.875,-1.4435e-05,1
10.876,-2.4674e-05,1
10.876,-2.8031e-05,1
10.877,-2.6352e-05,1
10.877,-2.1485e-05,1
10.878,-3.1891e-06,1
10.878,3.4745e-05,1
10.879,5.1698e-05,1
10.879,1.1582e-05,1
10.88,-5.5726e-05,1
10.88,-0.00010675,1
10.881,-0.00011699,1
10.882,-9.4331e-05,1
10.882,-7.3854e-05,1
10.883,-6.8986e-05,1
10.883,-6.0761e-05,1
10.884,-2.8702e-05,1
10.884,1.326e-05,1
10.885,4.2802e-05,1
10.885,6.8315e-05,1
10.886,8.6946e-05,1
10.886,7.8386e-05,1
10.887,5.7908e-05,1
10.887,5.8076e-05,1
10.888,7.9728e-05,1
10.888,9.9199e-05,1
10.889,9.6513e-05,1
10.889,6.5461e-05,1
10.89,1.7792e-05,1
10.89,-2.5345e-05,1
10.891,-6.1601e-05,1
10.891,-0.00010843,1
10.892,-0.00016265,1
10.892,-0.00019387,1
10.893,-0.00017037,1
10.893,-0.00010356,1
10.894,-3.2059e-05,1
10.895,1.796e-05,1
10.895,4.8173e-05,1
10.896,8.7114e-05,1
10.896,0.00016701,1
10.897,0.00027695,1
10.897,0.0003691,1
10.898,0.00039847,1
10.898,0.00036104,1
10.899,0.00028652,1
10.899,0.00020427,1
10.9,0.00012941,1
10.9,6.4118e-05,1
10.901,7.0497e-06,1
10.901,-2.9374e-05,1
10.902,-3.6088e-05,1
10.902,-2.4674e-05,1
10.903,-1.2589e-05,1
10.903,-1.3764e-05,1
10.904,-3.2731e-05,1
10.904,-5.7908e-05,1
10.905,-7.4693e-05,1
10.905,-7.4861e-05,1
10.906,-6.0761e-05,1
10.906,-4.4816e-05,1
10.907,-4.918e-05,1
10.907,-8.7953e-05,1
10.908,-0.0001509,1
10.909,-0.00020478,1
10.909,-0.00022408,1
10.91,-0.00020662,1
10.91,-0.00016315,1
10.911,-8.4764e-05,1
10.911,9.5674e-06,1
10.912,6.8818e-05,1
10.912,6.4622e-05,1
10.913,3.743e-05,1
10.913,5.2873e-05,1
10.914,0.00012857,1
10.914,0.00020327,1
10.915,0.00020964,1
10.915,0.00016164,1
10.916,0.00011229,1
10.916,7.8889e-05,1
10.917,5.0858e-05,1
10.917,1.7456e-05,1
10.918,-4.6998e-06,1
10.918,-2.7359e-05,1
10.919,-5.8412e-05,1
10.919,-7.0832e-05,1
10.92,-3.508e-05,1
10.92,1.8296e-05,1
10.921,4.0116e-05,1
10.921,3.1891e-06,1
10.922,-5.5894e-05,1
10.923,-7.5532e-05,1
10.923,-5.623e-05,1
10.924,-1.4099e-05,1
10.924,3.2395e-05,1
10.925,6.7811e-05,1
10.925,8.7114e-05,1
10.926,9.0135e-05,1
10.926,9.5171e-05,1
10.927,0.00012471,1
10.927,0.00016097,1
10.928,0.00015677,1
10.928,0.00013344,1
10.929,0.00015962,1
10.929,0.00018749,1
10.93,0.00013378,1
10.93,9.2317e-06,1
10.931,-9.8863e-05,1
10.931,-0.00014401,1
10.932,-0.00015157,1
10.932,-0.0001472,1
10.933,-0.00012169,1
10.933,-6.479e-05,1
10.934,1.0575e-05,1
10.934,7.8386e-05,1
10.935,0.00014687,1
10.936,0.00023583,1
10.936,0.00029911,1
10.937,0.00028299,1
10.937,0.00019991,1
10.938,8.5771e-05,1
10.938,-2.6352e-05,1
10.939,-0.00012018,1
10.939,-0.00019655,1
10.94,-0.00026487,1
10.94,-0.00033419,1
10.941,-0.0004208,1
10.941,-0.00050674,1
10.942,-0.00051899,1
10.942,-0.00042583,1
10.943,-0.00026,1
10.943,-9.0806e-05,1
10.944,3.6591e-05,1
10.944,0.00011397,1
10.945,0.00015392,1
10.945,0.00019924,1
10.946,0.00028719,1
10.946,0.00039394,1
10.947,0.00043221,1
10.947,0.00037716,1
10.948,0.00029525,1
10.948,0.00024388,1
10.949,0.00022576,1
10.95,0.00022341,1
10.95,0.00021199,1
10.951,0.00017809,1
10.951,0.0001227,1
10.952,7.0161e-05,1
10.952,4.2634e-05,1
10.953,3.2898e-05,1
10.953,1.9303e-05,1
10.954,-7.7211e-06,1
10.954,-4.5151e-05,1
10.955,-8.7785e-05,1
10.955,-0.00012773,1
10.956,-0.00014788,1
10.956,-0.00013864,1
10.957,-0.00010809,1
10.957,-6.8986e-05,1
10.958,-4.6494e-05,1
10.958,-5.5726e-05,1
10.959,-7.2175e-05,1
10.959,-6.244e-05,1
10.96,-2.3331e-05,1
10.96,2.3667e-05,1
10.961,5.623e-05,1
10.961,6.2104e-05,1
10.962,3.357e-05,1
10.963,-2.7024e-05,1
10.963,-8.8624e-05,1
10.964,-0.0001227,1
10.964,-0.00012354,1
10.965,-0.00010256,1
10.965,-8.1239e-05,1
10.966,-6.9322e-05,1
10.966,-5.9251e-05,1
10.967,-5.0858e-05,1
10.967,-5.4719e-05,1
10.968,-2.9877e-05,1
10.968,3.743e-05,1
10.969,0.000118,1
10.969,0.00018497,1
10.97,0.00022274,1
10.97,0.00022676,1
10.971,0.00020058,1
10.971,0.00015895,1
10.972,0.00012169,1
10.972,0.00010121,1
10.973,0.00010994,1
10.973,0.0001415,1
10.974,0.00016265,1
10.974,0.00014754,1
10.975,0.0001039,1
10.976,5.1865e-05,1
10.976,3.8605e-06,1
10.977,-3.0381e-05,1
10.977,-5.9251e-05,1
10.978,-9.2485e-05,1
10.978,-0.00011196,1
10.979,-0.00010054,1
10.979,-7.4357e-05,1
10.98,-4.5151e-05,1
10.98,-5.7069e-06,1
10.981,4.448e-05,1
10.981,6.9657e-05,1
10.982,4.1962e-05,1
10.982,6.3783e-06,1
10.983,1.1582e-05,1
10.983,4.2802e-05,1
10.984,6.1601e-05,1
10.984,5.4551e-05,1
10.985,3.1891e-05,1
10.985,-4.1962e-06,1
10.986,-6.3111e-05,1
10.986,-0.00014687,1
10.987,-0.00020562,1
10.987,-0.00020159,1
10.988,-0.00014922,1
10.988,-8.2078e-05,1
10.989,-3.3066e-05,1
10.99,-1.7288e-05,1
10.99,-1.5946e-05,1
10.991,-1.6785e-06,1
10.991,3.4073e-05,1
10.992,8.6442e-05,1
10.992,0.000142,1
10.993,0.00017406,1
10.993,0.00017121,1
10.994,0.00015795,1
10.994,0.00016298,1
10.995,0.00018027,1
10.995,0.00017809,1
10.996,0.0001373,1
10.996,7.4357e-05,1
10.997,2.0645e-05,1
10.997,-1.1078e-05,1
10.998,-2.4674e-05,1
10.998,-3.4745e-05,1
10.999,-4.7837e-05,1
10.999,-5.5055e-05,1
11,-5.2705e-05,1
11,-5.623e-05,1
11.001,-6.0594e-05,1
11.001,-3.4241e-05,1
11.002,1.9303e-05,1
11.002,6.3951e-05,1
11.003,7.8218e-05,1
11.004,6.479e-05,1
11.004,4.2802e-05,1
11.005,3.0381e-05,1
11.005,3.592e-05,1
11.006,6.3783e-05,1
11.006,0.00010138,1
11.007,0.00010105,1
11.007,4.8508e-05,1
11.008,-1.5946e-05,1
11.008,-5.2873e-05,1
11.009,-6.2104e-05,1
11.009,-6.2776e-05,1
11.01,-6.9322e-05,1
11.01,-8.8121e-05,1
11.011,-0.00011968,1
11.011,-0.00014553,1
11.012,-0.00013495,1
11.012,-8.2582e-05,1
11.013,-2.0981e-05,1
11.013,-5.0355e-07,1
11.014,-1.8463e-05,1
11.014,-3.3402e-05,1
11.015,-3.1724e-05,1
11.015,1.5106e-06,1
11.016,7.6371e-05,1
11.017,0.0001702,1
11.017,0.00022593,1
11.018,0.00021199,1
11.018,0.00016768,1
11.019,0.00017372,1
11.019,0.00024691,1
11.02,0.00028853,1
11.02,0.00022609,1
11.021,0.00010088,1
11.021,8.896e-06,1
11.022,-1.5106e-06,1
11.022,4.4648e-05,1
11.023,9.2653e-05,1
11.023,0.00011867,1
11.024,0.00013394,1
11.024,0.00012186,1
11.025,6.9657e-05,1
11.025,1.5274e-05,1
11.026,-1.5778e-05,1
11.026,-4.3137e-05,1
11.027,-7.805e-05,1
11.027,-0.00010826,1
11.028,-0.00012505,1
11.028,-0.00012639,1
11.029,-0.00011229,1
11.03,-8.5603e-05,1
11.03,-5.4551e-05,1
11.031,-2.9709e-05,1
11.031,-5.6062e-05,1
11.032,-0.00015023,1
11.032,-0.00025396,1
11.033,-0.00030112,1
11.033,-0.00027813,1
11.034,-0.0002229,1
11.034,-0.00017272,1
11.035,-0.00013747,1
11.035,-0.00010927,1
11.036,-7.4693e-05,1
11.036,-3.2395e-05,1
11.037,3.9948e-05,1
11.037,0.00014754,1
11.038,0.00024825,1
11.038,0.00030062,1
11.039,0.00032747,1
11.039,0.00035064,1
11.04,0.0003785,1
11.04,0.00040267,1
11.041,0.00038656,1
11.041,0.00031505,1
11.042,0.00022676,1
11.042,0.00014955,1
11.043,9.1814e-05,1
11.044,4.8844e-05,1
11.044,1.0407e-05,1
11.045,-2.9709e-05,1
11.045,-6.7308e-05,1
11.046,-9.1981e-05,1
11.046,-9.3156e-05,1
11.047,-7.2007e-05,1
11.047,-5.2705e-05,1
11.048,-5.2201e-05,1
11.048,-7.2847e-05,1
11.049,-0.00010893,1
11.049,-0.00013898,1
11.05,-0.00014385,1
11.05,-0.0001284,1
11.051,-0.00010239,1
11.051,-7.2679e-05,1
11.052,-3.6423e-05,1
11.052,-9.5674e-06,1
11.053,-1.9471e-05,1
11.053,-5.9251e-05,1
11.054,-9.2149e-05,1
11.054,-8.6275e-05,1
11.055,-3.6423e-05,1
11.055,3.5416e-05,1
11.056,0.00010625,1
11.056,0.00016164,1
11.057,0.000165,1
11.058,0.00010037,1
11.058,2.1317e-05,1
11.059,-3.0381e-05,1
11.059,-4.9012e-05,1
11.06,-4.448e-05,1
11.06,-3.2059e-05,1
11.061,-1.6281e-05,1
11.061,8.896e-06,1
11.062,4.9516e-05,1
11.062,0.00010188,1
11.063,0.00015023,1
11.063,0.00018111,1
11.064,0.0001848,1
11.064,0.00016634,1
11.065,0.00015492,1
11.065,0.00015224,1
11.066,0.00013613,1
11.066,0.00010491,1
11.067,7.2007e-05,1
11.067,4.1627e-05,1
11.068,1.8463e-05,1
11.068,1.1917e-05,1
11.069,6.2104e-06,1
11.069,-1.7624e-05,1
11.07,-6.4286e-05,1
11.071,-0.00011313,1
11.071,-0.00014334,1
11.072,-0.00014469,1
11.072,-0.00011229,1
11.073,-4.5487e-05,1
11.073,3.6088e-05,1
11.074,9.1814e-05,1
11.074,9.1981e-05,1
11.075,4.9516e-05,1
11.075,7.7211e-06,1
11.076,-7.8889e-06,1
11.076,-1.0575e-05,1
11.077,-1.7456e-05,1
11.077,-3.0716e-05,1
11.078,-4.4312e-05,1
11.078,-6.0594e-05,1
11.079,-8.4764e-05,1
11.079,-0.00010541,1
11.08,-0.00010524,1
11.08,-8.2078e-05,1
11.081,-5.0019e-05,1
11.081,-2.7024e-05,1
11.082,-1.8799e-05,1
11.082,-1.9974e-05,1
11.083,-2.3667e-05,1
11.084,-2.4338e-05,1
11.084,-1.6953e-05,1
11.085,-4.5319e-06,1
11.085,4.5319e-06,1
11.086,9.3996e-06,1
11.086,1.1749e-05,1
11.087,5.0355e-06,1
11.087,-1.2253e-05,1
11.088,-1.9638e-05,1
11.088,3.0213e-06,1
11.089,4.3809e-05,1
11.089,7.2343e-05,1
11.09,7.3686e-05,1
11.09,5.623e-05,1
11.091,3.3906e-05,1
11.091,9.9031e-06,1
11.092,-4.2969e-05,1
11.092,-0.00011296,1
11.093,-0.00014636,1
11.093,-0.0001237,1
11.094,-7.2679e-05,1
11.094,-2.6352e-05,1
11.095,8.896e-06,1
11.095,5.0523e-05,1
11.096,0.00010524,1
11.096,0.00017171,1
11.097,0.00023146,1
11.098,0.00025731,1
11.098,0.00024254,1
11.099,0.00021199,1
11.099,0.00019454,1
11.1,0.00019319,1
11.1,0.00020394,1
11.101,0.00022089,1
11.101,0.00022744,1
11.102,0.00022072,1
11.102,0.00020528,1
11.103,0.00016986,1
11.103,0.00012639,1
11.104,0.00010726,1
11.104,0.00012975,1
11.105,0.00014972,1
11.105,0.00010927,1
11.106,3.5416e-05,1
11.106,-2.4674e-05,1
11.107,-7.805e-05,1
11.107,-0.00013814,1
11.108,-0.000189,1
11.108,-0.00021669,1
11.109,-0.0002088,1
11.109,-0.00017607,1
11.11,-0.00013999,1
11.111,-0.00011598,1
11.111,-8.6778e-05,1
11.112,-3.5752e-05,1
11.112,1.4939e-05,1
11.113,4.8173e-05,1
11.113,6.4958e-05,1
11.114,7.1504e-05,1
11.114,5.8747e-05,1
11.115,8.3925e-06,1
11.115,-5.2201e-05,1
11.116,-9.2485e-05,1
11.116,-0.00014183,1
11.117,-0.00022794,1
11.117,-0.00031807,1
11.118,-0.00036239,1
11.118,-0.00033452,1
11.119,-0.00025798,1
11.119,-0.00019773,1
11.12,-0.00015593,1
11.12,-7.0665e-05,1
11.121,0.00012538,1
11.121,0.00038756,1
11.122,0.00052923,1
11.122,0.00046914,1
11.123,0.00033956,1
11.123,0.00025899,1
11.124,0.00021199,1
11.125,0.0001368,1
11.125,5.2033e-05,1
11.126,5.2033e-06,1
11.126,-6.3783e-06,1
11.127,-9.2317e-06,1
11.127,-3.2731e-05,1
11.128,-3.9109e-05,1
11.128,2.4674e-05,1
11.129,0.00012438,1
11.129,0.00020713,1
11.13,0.0002318,1
11.13,0.00017943,1
11.131,9.3492e-05,1
11.131,6.8315e-05,1
11.132,0.00014687,1
11.132,0.0002459,1
11.133,0.00025949,1
11.133,0.00018379,1
11.134,7.4022e-05,1
11.134,-6.6133e-05,1
11.135,-0.00022358,1
11.135,-0.00030314,1
11.136,-0.00027376,1
11.136,-0.00019152,1
11.137,-0.00013378,1
11.137,-0.00012622,1
11.138,-0.00013143,1
11.139,-9.8863e-05,1
11.139,-1.3596e-05,1
11.14,9.5842e-05,1
11.14,0.00021334,1
11.141,0.00031304,1
11.141,0.00035433,1
11.142,0.00032747,1
11.142,0.00025832,1
11.143,0.00017842,1
11.143,8.9799e-05,1
11.144,-1.5106e-06,1
11.144,-7.4693e-05,1
11.145,-0.00012438,1
11.145,-0.00015694,1
11.146,-0.00017322,1
11.146,-0.00017658,1
11.147,-0.00017087,1
11.147,-0.00014788,1
11.148,-0.00010961,1
11.148,-7.2679e-05,1
11.149,-4.7166e-05,1
11.149,-4.0452e-05,1
11.15,-4.8676e-05,1
11.15,-5.9083e-05,1
11.151,-6.4622e-05,1
11.152,-7.0161e-05,1
11.152,-7.0832e-05,1
11.153,-5.6565e-05,1
11.153,-3.8941e-05,1
11.154,-3.743e-05,1
11.154,-2.8367e-05,1
11.155,7.0497e-06,1
11.155,5.0187e-05,1
11.156,7.3686e-05,1
11.156,7.2343e-05,1
11.157,5.1194e-05,1
11.157,1.9638e-05,1
11.158,-3.357e-07,1
11.158,1.5106e-06,1
11.159,1.2421e-05,1
11.159,2.2156e-05,1
11.16,2.6688e-05,1
11.16,2.1485e-05,1
11.161,1.5274e-05,1
11.161,2.0478e-05,1
11.162,3.4745e-05,1
11.162,5.0858e-05,1
11.163,6.3615e-05,1
11.163,6.2943e-05,1
11.164,5.0187e-05,1
11.165,3.6255e-05,1
11.165,2.6688e-05,1
11.166,2.1988e-05,1
11.166,2.501e-05,1
11.167,3.3906e-05,1
11.167,4.0116e-05,1
11.168,3.978e-05,1
11.168,3.2731e-05,1
11.169,2.6688e-05,1
11.169,3.1052e-05,1
11.17,3.9612e-05,1
11.17,3.978e-05,1
11.171,2.9374e-05,1
11.171,1.5946e-05,1
11.172,5.0355e-06,1
11.172,3.357e-07,1
11.173,3.1891e-06,1
11.173,1.0575e-05,1
11.174,1.7288e-05,1
11.174,1.9974e-05,1
11.175,1.7288e-05,1
11.175,1.1917e-05,1
11.176,8.2246e-06,1
11.176,6.5461e-06,1
11.177,8.3925e-06,1
11.177,1.4603e-05,1
11.178,2.0813e-05,1
11.179,2.6688e-05,1
11.179,3.4745e-05,1
11.18,4.4984e-05,1
11.18,5.5894e-05,1
11.181,6.5965e-05,1
11.181,6.2104e-05,1
11.182,3.6423e-05,1
11.182,-4.3641e-06,1
11.183,-4.1123e-05,1
11.183,-5.6733e-05,1
11.184,-5.1865e-05,1
11.184,-4.0787e-05,1
11.185,-3.5752e-05,1
11.185,-3.6088e-05,1
11.186,-2.8367e-05,1
11.186,5.539e-06,1
11.187,6.2943e-05,1
11.187,0.00011565,1
11.188,0.00014653,1
11.188,0.00015526,1
11.189,0.00014485,1
11.189,0.00011749,1
11.19,7.7043e-05,1
11.19,3.1052e-05,1
11.191,-3.0549e-05,1
11.191,-0.00010491,1
11.192,-0.00018195,1
11.193,-0.00023046,1
11.193,-0.00021871,1
11.194,-0.00014217,1
11.194,-3.7263e-05,1
11.195,4.6494e-05,1
11.195,0.00010121,1
11.196,0.00014788,1
11.196,0.00019588,1
11.197,0.00022928,1
11.197,0.00024388,1
11.198,0.00023885,1
11.198,0.00020192,1
11.199,0.00014284,1
11.199,9.4163e-05,1
11.2,6.1936e-05,1
11.2,2.5345e-05,1
11.201,-9.5674e-06,1
11.201,-2.7024e-05,1
11.202,-3.4745e-05,1
11.202,-2.652e-05,1
11.203,1.1749e-06,1
11.203,2.6688e-05,1
11.204,2.7359e-05,1
11.204,2.4002e-05,1
11.205,5.9251e-05,1
11.206,0.00012975,1
11.206,0.00019068,1
11.207,0.00018967,1
11.207,0.00011968,1
11.208,3.3738e-05,1
11.208,-1.4603e-05,1
11.209,-1.7624e-05,1
11.209,-6.714e-06,1
11.21,-8.2246e-06,1
11.21,-2.4674e-05,1
11.211,-4.9516e-05,1
11.211,-6.6972e-05,1
11.212,-6.714e-05,1
11.212,-6.5629e-05,1
11.213,-0.00010809,1
11.213,-0.00018413,1
11.214,-0.00024355,1
11.214,-0.00026319,1
11.215,-0.00026151,1
11.215,-0.0002647,1
11.216,-0.00025228,1
11.216,-0.0001984,1
11.217,-0.00010759,1
11.217,4.8676e-06,1
11.218,9.2317e-05,1
11.219,0.00012992,1
11.219,0.00014553,1
11.22,0.00016634,1
11.22,0.00021132,1
11.221,0.00027913,1
11.221,0.00033402,1
11.222,0.00034359,1
11.222,0.00031405,1
11.223,0.00025362,1
11.223,0.00015761,1
11.224,5.9922e-05,1
11.224,2.3163e-05,1
11.225,4.0116e-05,1
11.225,6.2272e-05,1
11.226,5.8244e-05,1
11.226,4.8173e-05,1
11.227,2.7192e-05,1
11.227,-3.9277e-05,1
11.228,-0.00013193,1
11.228,-0.00018144,1
11.229,-0.00013596,1
11.229,-1.9303e-05,1
11.23,0.00010491,1
11.23,0.00020511,1
11.231,0.00027376,1
11.231,0.00028417,1
11.232,0.00022106,1
11.233,0.0001368,1
11.233,7.4189e-05,1
11.234,1.6617e-05,1
11.234,-4.4144e-05,1
11.235,-9.601e-05,1
11.235,-0.00012908,1
11.236,-0.00014653,1
11.236,-0.00015056,1
11.237,-0.00014217,1
11.237,-0.00013361,1
11.238,-0.00013512,1
11.238,-0.00013814,1
11.239,-0.00012454,1
11.239,-8.9128e-05,1
11.24,-4.9012e-05,1
11.24,-2.1149e-05,1
11.241,-8.2246e-06,1
11.241,5.0355e-07,1
11.242,7.8889e-06,1
11.242,1.3931e-05,1
11.243,1.8967e-05,1
11.243,1.1246e-05,1
11.244,-2.2156e-05,1
11.244,-9.6178e-05,1
11.245,-0.00022744,1
11.245,-0.00035802,1
11.246,-0.00040401,1
11.247,-0.00034846,1
11.247,-0.00023801,1
11.248,-0.00013545,1
11.248,-7.0161e-05,1
11.249,8.2246e-06,1
11.249,0.0001509,1
11.25,0.00032345,1
11.25,0.00047585,1
11.251,0.00054937,1
11.251,0.0005205,1
11.252,0.0004119,1
11.252,0.00024758,1
11.253,7.1672e-05,1
11.253,-6.2104e-05,1
11.254,-0.00012136,1
11.254,-0.00010323,1
11.255,-6.1433e-05,1
11.255,-5.1194e-05,1
11.256,-5.7237e-05,1
11.256,-3.6423e-05,1
11.257,2.7695e-05,1
11.257,0.00011733,1
11.258,0.00020964,1
11.258,0.00028182,1
11.259,0.00030851,1
11.26,0.00028148,1
11.26,0.00021418,1
11.261,0.00012874,1
11.261,4.0116e-05,1
11.262,-4.5823e-05,1
11.262,-0.00012572,1
11.263,-0.00017406,1
11.263,-0.00017826,1
11.264,-0.00018665,1
11.264,-0.0002083,1
11.265,-0.00019974,1
11.265,-0.00014553,1
11.266,-6.0761e-05,1
11.266,3.1556e-05,1
11.267,0.00010625,1
11.267,0.00015677,1
11.268,0.00017507,1
11.268,0.00013243,1
11.269,5.0858e-05,1
11.269,6.2104e-06,1
11.27,1.091e-05,1
11.27,3.3402e-05,1
11.271,5.6901e-05,1
11.271,6.5797e-05,1
11.272,5.4719e-05,1
11.273,4.5823e-05,1
11.273,6.6468e-05,1
11.274,9.9199e-05,1
11.274,0.00010457,1
11.275,9.1646e-05,1
11.275,9.3492e-05,1
11.276,0.0001034,1
11.276,0.00010121,1
11.277,7.7043e-05,1
11.277,4.4144e-05,1
11.278,2.9877e-05,1
11.278,2.652e-05,1
11.279,2.8534e-06,1
11.279,-2.652e-05,1
11.28,-3.2059e-05,1
11.28,-1.6953e-05,1
11.281,-1.4771e-05,1
11.281,-4.2802e-05,1
11.282,-8.1239e-05,1
11.282,-9.7185e-05,1
11.283,-6.5629e-05,1
11.283,4.3641e-06,1
11.284,7.0329e-05,1
11.284,0.00010658,1
11.285,0.00011901,1
11.285,0.00010793,1
11.286,6.9657e-05,1
11.287,2.501e-05,1
11.287,-6.2104e-06,1
11.288,-2.5681e-05,1
11.288,-4.448e-05,1
11.289,-6.6468e-05,1
11.289,-8.8121e-05,1
11.29,-9.7017e-05,1
11.29,-8.5771e-05,1
11.291,-6.5126e-05,1
11.291,-5.2873e-05,1
11.292,-5.2201e-05,1
11.292,-5.5558e-05,1
11.293,-5.3208e-05,1
11.293,-4.2298e-05,1
11.294,-3.7766e-05,1
11.294,-4.6494e-05,1
11.295,-5.5055e-05,1
11.295,-5.153e-05,1
11.296,-3.5248e-05,1
11.296,-1.7456e-05,1
11.297,7.8889e-06,1
11.297,3.978e-05,1
11.298,5.7237e-05,1
11.298,5.623e-05,1
11.299,5.8579e-05,1
11.3,7.3854e-05,1
11.3,9.7688e-05,1
11.301,0.00012639,1
11.301,0.0001509,1
11.302,0.00015694,1
11.302,0.00012538,1
11.303,6.0258e-05,1
11.303,-4.5319e-06,1
11.304,-3.6088e-05,1
11.304,-2.7359e-05,1
11.305,-2.3499e-06,1
11.305,1.5946e-05,1
11.306,2.7359e-05,1
11.306,4.2466e-05,1
11.307,6.4286e-05,1
11.307,9.0806e-05,1
11.308,0.00010088,1
11.308,6.9993e-05,1
11.309,6.2104e-06,1
11.309,-5.5222e-05,1
11.31,-8.9799e-05,1
11.31,-9.8695e-05,1
11.311,-0.00010826,1
11.311,-0.00013747,1
11.312,-0.00016902,1
11.312,-0.00019924,1
11.313,-0.00019722,1
11.314,-0.00012454,1
11.314,9.2317e-06,1
11.315,0.0001368,1
11.315,0.00016466,1
11.316,0.00010272,1
11.316,1.9974e-05,1
11.317,-2.3835e-05,1
11.317,5.2033e-06,1
11.318,7.6707e-05,1
11.318,0.00013143,1
11.319,0.00013797,1
11.319,0.00011246,1
11.32,0.00010356,1
11.32,0.00013747,1
11.321,0.00018917,1
11.321,0.0002083,1
11.322,0.00018312,1
11.322,0.00015157,1
11.323,0.00013999,1
11.323,0.00012538,1
11.324,8.9128e-05,1
11.324,4.5823e-05,1
11.325,2.7359e-05,1
11.325,3.1052e-05,1
11.326,2.9038e-05,1
11.326,1.2924e-05,1
11.327,-1.6281e-05,1
11.328,-4.5991e-05,1
11.328,-6.0594e-05,1
11.329,-4.683e-05,1
11.329,1.5106e-06,1
11.33,5.8915e-05,1
11.33,7.7714e-05,1
11.331,4.683e-05,1
11.331,5.0355e-07,1
11.332,-3.0213e-05,1
11.332,-3.7766e-05,1
11.333,-3.7095e-05,1
11.333,-3.7766e-05,1
11.334,-4.0452e-05,1
11.334,-4.5655e-05,1
11.335,-5.7908e-05,1
11.335,-7.7043e-05,1
11.336,-9.1646e-05,1
11.336,-9.3156e-05,1
11.337,-7.4357e-05,1
11.337,-3.743e-05,1
11.338,1.0071e-05,1
11.338,5.1865e-05,1
11.339,6.3279e-05,1
11.339,2.2995e-05,1
11.34,-6.3279e-05,1
11.341,-0.00014385,1
11.341,-0.00017574,1
11.342,-0.00017003,1
11.342,-0.00015694,1
11.343,-0.00013344,1
11.343,-8.5435e-05,1
11.344,-9.9031e-06,1
11.344,9.8863e-05,1
11.345,0.00022878,1
11.345,0.00032479,1
11.346,0.00032915,1
11.346,0.00026033,1
11.347,0.00018144,1
11.347,0.00013008,1
11.348,0.00010558,1
11.348,9.1478e-05,1
11.349,7.1672e-05,1
11.349,4.5487e-05,1
11.35,3.9612e-05,1
11.35,6.63e-05,1
11.351,0.00010121,1
11.351,0.00010726,1
11.352,6.2943e-05,1
11.352,-1.326e-05,1
11.353,-9.752e-05,1
11.354,-0.0001796,1
11.354,-0.00023297,1
11.355,-0.00024288,1
11.355,-0.00021686,1
11.356,-0.000166,1
11.356,-0.00010541,1
11.357,-5.8076e-05,1
11.357,-1.7792e-05,1
11.358,3.2395e-05,1
11.358,8.8121e-05,1
11.359,0.00012387,1
11.359,8.9967e-05,1
11.36,9.2317e-06,1
11.36,-4.9851e-05,1
11.361,-5.3208e-05,1
11.361,-2.3331e-05,1
11.362,5.0355e-06,1
11.362,1.4603e-05,1
11.363,-7.0497e-06,1
11.363,-2.6017e-05,1
11.364,1.5106e-05,1
11.364,0.00011464,1
11.365,0.00022475,1
11.365,0.00028048,1
11.366,0.00026419,1
11.366,0.00021971,1
11.367,0.00017037,1
11.368,0.00010457,1
11.368,4.3809e-05,1
11.369,4.7501e-05,1
11.369,7.7714e-05,1
11.37,3.9277e-05,1
11.37,-6.8482e-05,1
11.371,-0.00015744,1
11.371,-0.00016667,1
11.372,-0.00010759,1
11.372,-3.3066e-05,1
11.373,2.0645e-05,1
11.373,5.6565e-05,1
11.374,0.00010155,1
11.374,0.00017104,1
11.375,0.00024456,1
11.375,0.00028954,1
11.376,0.00029122,1
11.376,0.00024388,1
11.377,0.00015879,1
11.377,6.8986e-05,1
11.378,1.5946e-05,1
11.378,2.9877e-05,1
11.379,7.2343e-05,1
11.379,7.9057e-05,1
11.38,3.8773e-05,1
11.38,-1.8631e-05,1
11.381,-6.1601e-05,1
11.382,-8.1407e-05,1
11.382,-8.1071e-05,1
11.383,-6.1433e-05,1
11.383,-3.5248e-05,1
11.384,-1.8799e-05,1
11.384,-1.5442e-05,1
11.385,-1.8967e-05,1
11.385,-1.7121e-05,1
11.386,-8.2246e-06,1
11.386,-5.539e-06,1
11.387,-1.8967e-05,1
11.387,-5.2873e-05,1
11.388,-0.0001044,1
11.388,-0.0001425,1
11.389,-0.00014704,1
11.389,-0.00013126,1
11.39,-0.00012102,1
11.39,-0.00012639,1
11.391,-0.00012488,1
11.391,-0.00010256,1
11.392,-6.2776e-05,1
11.392,-1.6617e-05,1
11.393,7.8889e-06,1
11.393,5.0355e-07,1
11.394,-1.5946e-05,1
11.395,-2.2492e-05,1
11.395,-4.6159e-05,1
11.396,-8.9464e-05,1
11.396,-9.4499e-05,1
11.397,-4.3137e-05,1
11.397,2.2324e-05,1
11.398,6.1601e-05,1
11.398,8.1575e-05,1
11.399,0.00011095,1
11.399,0.000142,1
11.4,0.0001561,1
11.4,0.00015593,1
11.401,0.00014351,1
11.401,0.0001086,1
11.402,4.9851e-05,1
11.402,-1.6785e-07,1
11.403,-9.7353e-06,1
11.403,1.4267e-05,1
11.404,4.448e-05,1
11.404,6.1601e-05,1
11.405,6.4958e-05,1
11.405,6.865e-05,1
11.406,8.4764e-05,1
11.406,0.00010692,1
11.407,0.00012337,1
11.408,0.00012757,1
11.408,0.00011531,1
11.409,8.9464e-05,1
11.409,6.0594e-05,1
11.41,3.8437e-05,1
11.41,1.9806e-05,1
11.411,-7.7211e-06,1
11.411,-3.7095e-05,1
11.412,-6.3279e-05,1
11.412,-0.00010726,1
11.413,-0.00015258,1
11.413,-0.0001608,1
11.414,-0.00012605,1
11.414,-7.1336e-05,1
11.415,-2.6688e-05,1
11.415,-1.5106e-06,1
11.416,1.3596e-05,1
11.416,3.1891e-05,1
11.417,6.4286e-05,1
11.417,0.00010994,1
11.418,0.00016516,1
11.418,0.00021166,1
11.419,0.00022962,1
11.419,0.00022408,1
11.42,0.00020964,1
11.42,0.00018346,1
11.421,0.00012941,1
11.422,4.1962e-05,1
11.422,-5.774e-05,1
11.423,-0.00013764,1
11.423,-0.000189,1
11.424,-0.00021585,1
11.424,-0.00021971,1
11.425,-0.00019084,1
11.425,-0.00013378,1
11.426,-6.6468e-05,1
11.426,-6.8818e-06,1
11.427,4.9851e-05,1
11.427,0.00010574,1
11.428,0.00013814,1
11.428,0.00012924,1
11.429,9.2821e-05,1
11.429,5.9586e-05,1
11.43,3.6927e-05,1
11.43,2.4338e-05,1
11.431,2.5345e-05,1
11.431,3.4577e-05,1
11.432,3.1388e-05,1
11.432,1.1749e-06,1
11.433,-4.2802e-05,1
11.433,-6.4622e-05,1
11.434,-4.6494e-05,1
11.434,8.5603e-06,1
11.435,6.479e-05,1
11.436,7.8386e-05,1
11.436,4.8005e-05,1
11.437,-4.8676e-06,1
11.437,-5.2033e-05,1
11.438,-6.5293e-05,1
11.438,-4.1459e-05,1
11.439,-6.2104e-06,1
11.439,1.8296e-05,1
11.44,2.2995e-05,1
11.44,1.8296e-05,1
11.441,1.1414e-05,1
11.441,3.8605e-06,1
11.442,1.3092e-05,1
11.442,5.0187e-05,1
11.443,9.6178e-05,1
11.443,0.00011229,1
11.444,8.6778e-05,1
11.444,4.5319e-05,1
11.445,2.266e-05,1
11.445,1.9471e-05,1
11.446,1.1582e-05,1
11.446,-9.2317e-06,1
11.447,-4.7669e-05,1
11.447,-0.00010256,1
11.448,-0.00013764,1
11.449,-0.0001039,1
11.449,-1.3428e-05,1
11.45,7.9057e-05,1
11.45,0.00012807,1
11.451,0.00010306,1
11.451,5.2873e-05,1
11.452,5.7572e-05,1
11.452,0.00012673,1
11.453,0.00022173,1
11.453,0.00029122,1
11.454,0.00030532,1
11.454,0.00026705,1
11.455,0.00019722,1
11.455,0.00013629,1
11.456,0.00012186,1
11.456,0.00013478,1
11.457,0.00010793,1
11.457,1.7288e-05,1
11.458,-7.6371e-05,1
11.458,-0.00012673,1
11.459,-0.00013982,1
11.459,-0.00013394,1
11.46,-0.00011565,1
11.46,-0.00010155,1
11.461,-0.00010793,1
11.461,-0.00012908,1
11.462,-0.00014049,1
11.463,-0.00013059,1
11.463,-9.836e-05,1
11.464,-5.0523e-05,1
11.464,-4.6998e-06,1
11.465,3.1724e-05,1
11.465,7.8386e-05,1
11.466,0.00012052,1
11.466,8.7617e-05,1
11.467,-2.0478e-05,1
11.467,-0.00012572,1
11.468,-0.00018161,1
11.468,-0.00019387,1
11.469,-0.00018917,1
11.469,-0.00016986,1
11.47,-0.00012354,1
11.47,-5.0019e-05,1
11.471,3.7598e-05,1
11.471,0.00012471,1
11.472,0.00020226,1
11.472,0.00025933,1
11.473,0.00029155,1
11.473,0.00031321,1
11.474,0.00032747,1
11.474,0.00030834,1
11.475,0.00025161,1
11.476,0.00017893,1
11.476,0.00011196,1
11.477,5.1865e-05,1
11.477,3.1891e-06,1
11.478,-2.9374e-05,1
11.478,-5.1698e-05,1
11.479,-5.9586e-05,1
11.479,-5.4047e-05,1
11.48,-5.6397e-05,1
11.48,-8.3253e-05,1
11.481,-0.0001368,1
11.481,-0.00019907,1
11.482,-0.00024489,1
11.482,-0.00026738,1
11.483,-0.00026906,1
11.483,-0.00025597,1
11.484,-0.00023717,1
11.484,-0.00020528,1
11.485,-0.00014955,1
11.485,-7.6204e-05,1
11.486,1.5442e-05,1
11.486,0.00013948,1
11.487,0.00028115,1
11.487,0.00039713,1
11.488,0.00044094,1
11.489,0.0004025,1
11.489,0.00032479,1
11.49,0.00025698,1
11.49,0.00021099,1
11.491,0.00018346,1
11.491,0.0001702,1
11.492,0.00015023,1
11.492,0.00010961,1
11.493,5.6901e-05,1
11.493,5.539e-06,1
11.494,-3.3402e-05,1
11.494,-4.9851e-05,1
11.495,-5.4383e-05,1
11.495,-5.7908e-05,1
11.496,-6.2608e-05,1
11.496,-6.1433e-05,1
11.497,-5.6062e-05,1
11.497,-5.1865e-05,1
11.498,-5.2033e-05,1
11.498,-6.9322e-05,1
11.499,-9.7017e-05,1
11.499,-0.00011145,1
11.5,-0.0001044,1
11.5,-9.5842e-05,1
11.501,-9.2149e-05,1
11.501,-7.2007e-05,1
11.502,-3.3738e-05,1
11.503,-2.5177e-06,1
11.503,1.2421e-05,1
11.504,3.4745e-05,1
11.504,5.0187e-05,1
11.505,3.0213e-05,1
11.505,-1.6785e-05,1
11.506,-5.8747e-05,1
11.506,-8.2918e-05,1
11.507,-0.00010004,1
11.507,-0.00011162,1
11.508,-0.00010423,1
11.508,-7.5364e-05,1
11.509,-3.3906e-05,1
11.509,6.5461e-06,1
11.51,3.4409e-05,1
11.51,4.6494e-05,1
11.511,5.153e-05,1
11.511,5.6901e-05,1
11.512,5.8244e-05,1
11.512,5.6397e-05,1
11.513,6.4286e-05,1
11.513,7.8386e-05,1
11.514,8.0903e-05,1
11.514,6.9322e-05,1
11.515,5.5222e-05,1
11.515,4.8173e-05,1
11.516,4.6326e-05,1
11.517,4.683e-05,1
11.517,4.8005e-05,1
11.518,4.9012e-05,1
11.518,4.8844e-05,1
11.519,4.5487e-05,1
11.519,4.0116e-05,1
11.52,2.6688e-05,1
11.52,-3.8605e-06,1
11.521,-4.1794e-05,1
11.521,-7.8386e-05,1
11.522,-0.00010709,1
11.522,-0.00011649,1
11.523,-0.00010524,1
11.523,-8.2414e-05,1
11.524,-5.2873e-05,1
11.524,-1.1917e-05,1
11.525,3.508e-05,1
11.525,8.0735e-05,1
11.526,0.00012941,1
11.526,0.00018715,1
11.527,0.00023616,1
11.527,0.00025093,1
11.528,0.00021199,1
11.528,0.00013713,1
11.529,7.4022e-05,1
11.53,3.9445e-05,1
11.53,2.501e-05,1
11.531,1.8799e-05,1
11.531,1.8631e-05,1
11.532,2.5345e-05,1
11.532,2.9374e-05,1
11.533,2.9541e-05,1
11.533,3.4409e-05,1
11.534,4.6326e-05,1
11.534,5.2033e-05,1
11.535,4.0116e-05,1
11.535,1.6114e-05,1
11.536,-1.8128e-05,1
11.536,-5.9922e-05,1
11.537,-9.2821e-05,1
11.537,-0.00010423,1
11.538,-9.4835e-05,1
11.538,-7.9896e-05,1
11.539,-6.0594e-05,1
11.539,-3.8102e-05,1
11.54,-2.8367e-05,1
11.54,-3.357e-05,1
11.541,-3.122e-05,1
11.541,-8.2246e-06,1
11.542,2.4506e-05,1
11.543,5.5726e-05,1
11.543,8.4428e-05,1
11.544,0.00011128,1
11.544,0.00014687,1
11.545,0.00018648,1
11.545,0.00018245,1
11.546,0.0001321,1
11.546,8.0903e-05,1
11.547,5.2537e-05,1
11.547,4.2634e-05,1
11.548,4.1459e-05,1
11.548,4.4144e-05,1
11.549,5.1362e-05,1
11.549,7.6036e-05,1
11.55,0.00011934,1
11.55,0.00016483,1
11.551,0.00019991,1
11.551,0.00020595,1
11.552,0.00017826,1
11.552,0.00013411,1
11.553,8.4092e-05,1
11.553,2.8031e-05,1
11.554,-2.3331e-05,1
11.554,-5.5558e-05,1
11.555,-8.1407e-05,1
11.555,-0.00012102,1
11.556,-0.00016567,1
11.557,-0.00019471,1
11.557,-0.00020092,1
11.558,-0.00020092,1
11.558,-0.00020696,1
11.559,-0.00020394,1
11.559,-0.00017842,1
11.56,-0.00012287,1
11.56,-3.978e-05,1
11.561,5.6901e-05,1
11.561,0.00014116,1
11.562,0.00018581,1
11.562,0.00018581,1
11.563,0.00016046,1
11.563,0.00013092,1
11.564,0.00011531,1
11.564,0.00010558,1
11.565,7.0329e-05,1
11.565,1.1749e-06,1
11.566,-6.9657e-05,1
11.566,-0.00010524,1
11.567,-0.00010037,1
11.567,-8.0735e-05,1
11.568,-7.2847e-05,1
11.568,-7.4022e-05,1
11.569,-6.3447e-05,1
11.569,-4.5823e-05,1
11.57,-4.8173e-05,1
11.571,-6.8986e-05,1
11.571,-8.661e-05,1
11.572,-8.4764e-05,1
11.572,-5.7572e-05,1
11.573,-1.2924e-05,1
11.573,2.9374e-05,1
11.574,6.0761e-05,1
11.574,9.4499e-05,1
11.575,0.00014334,1
11.575,0.00020763,1
11.576,0.00025765,1
11.576,0.00027276,1
11.577,0.00025765,1
11.577,0.00022475,1
11.578,0.00017842,1
11.578,0.00012136,1
11.579,9.2821e-05,1
11.579,0.00011363,1
11.58,0.00013277,1
11.58,0.00010457,1
11.581,3.5752e-05,1
11.581,-3.8773e-05,1
11.582,-9.6513e-05,1
11.582,-0.00013462,1
11.583,-0.00017255,1
11.584,-0.00021233,1
11.584,-0.00023146,1
11.585,-0.00022425,1
11.585,-0.00019857,1
11.586,-0.00014989,1
11.586,-7.9561e-05,1
11.587,-1.9135e-05,1
11.587,-2.5177e-06,1
11.588,-2.6184e-05,1
11.588,-3.3906e-05,1
11.589,1.091e-05,1
11.589,7.1672e-05,1
11.59,0.00010423,1
11.59,0.00010658,1
11.591,9.5842e-05,1
11.591,7.7714e-05,1
11.592,5.5894e-05,1
11.592,5.1026e-05,1
11.593,7.5868e-05,1
11.593,0.00012001,1
11.594,0.00016768,1
11.594,0.00019638,1
11.595,0.00019588,1
11.595,0.00017121,1
11.596,0.00012924,1
11.597,7.9561e-05,1
11.597,4.0787e-05,1
11.598,3.4073e-05,1
11.598,4.4144e-05,1
11.599,4.8173e-05,1
11.599,3.9948e-05,1
11.6,2.4842e-05,1
11.6,7.8889e-06,1
11.601,-1.4603e-05,1
11.601,-4.213e-05,1
11.602,-6.3615e-05,1
11.602,-8.8792e-05,1
11.603,-0.00013713,1
11.603,-0.00017758,1
11.604,-0.00018027,1
11.604,-0.00015375,1
11.605,-0.00011498,1
11.605,-7.57e-05,1
11.606,-4.9683e-05,1
11.606,-4.3977e-05,1
11.607,-5.7237e-05,1
11.607,-8.2078e-05,1
11.608,-0.00010407,1
11.608,-0.00010289,1
11.609,-7.2847e-05,1
11.609,-4.0452e-05,1
11.61,-2.652e-05,1
11.611,-2.7527e-05,1
11.611,-3.1052e-05,1
11.612,-1.7624e-05,1
11.612,3.7934e-05,1
11.613,0.00012874,1
11.613,0.0002172,1
11.614,0.00026839,1
11.614,0.00027846,1
11.615,0.00026806,1
11.615,0.00025161,1
11.616,0.00025966,1
11.616,0.00029743,1
11.617,0.00031539,1
11.617,0.00027041,1
11.618,0.00016365,1
11.618,4.8676e-05,1
11.619,-1.6281e-05,1
11.619,-2.031e-05,1
11.62,1.1749e-06,1
11.62,1.9974e-05,1
11.621,2.9541e-05,1
11.621,3.2059e-05,1
11.622,1.0575e-05,1
11.622,-3.9109e-05,1
11.623,-8.8792e-05,1
11.623,-0.000118,1
11.624,-0.00013394,1
11.625,-0.00014922,1
11.625,-0.00016902,1
11.626,-0.00018279,1
11.626,-0.00017456,1
11.627,-0.00014485,1
11.627,-0.00010205,1
11.628,-5.6901e-05,1
11.628,-2.5177e-05,1
11.629,-1.5106e-05,1
11.629,-2.0813e-05,1
11.63,-2.8702e-05,1
11.63,-3.3906e-05,1
11.631,-4.0452e-05,1
11.631,-5.8076e-05,1
11.632,-7.0329e-05,1
11.632,-4.7333e-05,1
11.633,1.1749e-06,1
11.633,4.5319e-05,1
11.634,7.0497e-05,1
11.634,8.3085e-05,1
11.635,9.2485e-05,1
11.635,0.00010054,1
11.636,0.00011313,1
11.636,0.0001284,1
11.637,0.0001331,1
11.638,0.00012605,1
11.638,0.00010927,1
11.639,8.04e-05,1
11.639,5.5222e-05,1
11.64,5.0858e-05,1
11.64,5.4887e-05,1
11.641,5.4215e-05,1
11.641,5.6565e-05,1
11.642,7.3854e-05,1
11.642,9.9199e-05,1
11.643,8.8121e-05,1
11.643,-8.3925e-07,1
11.644,-0.00011531,1
11.644,-0.00017859,1
11.645,-0.00017205,1
11.645,-0.00012052,1
11.646,-6.1601e-05,1
11.646,-1.8967e-05,1
11.647,7.0497e-06,1
11.647,3.3234e-05,1
11.648,7.7714e-05,1
11.648,0.00014032,1
11.649,0.00020461,1
11.649,0.00025362,1
11.65,0.00027074,1
11.65,0.00024388,1
11.651,0.00018379,1
11.652,0.00012068,1
11.652,6.9657e-05,1
11.653,3.4409e-05,1
11.653,1.4603e-05,1
11.654,1.796e-05,1
11.654,3.8773e-05,1
11.655,6.63e-05,1
11.655,8.3085e-05,1
11.656,6.7979e-05,1
11.656,1.3764e-05,1
11.657,-8.04e-05,1
11.657,-0.00018396,1
11.658,-0.0002558,1
11.658,-0.00027527,1
11.659,-0.00023381,1
11.659,-0.00016231,1
11.66,-0.00010356,1
11.66,-7.2343e-05,1
11.661,-5.5894e-05,1
11.661,-3.5248e-05,1
11.662,1.5106e-06,1
11.662,6.0761e-05,1
11.663,0.0001331,1
11.663,0.00019487,1
11.664,0.00023163,1
11.665,0.00024321,1
11.665,0.00022542,1
11.666,0.00017641,1
11.666,0.00011112,1
11.667,4.2802e-05,1
11.667,-9.2317e-06,1
11.668,-3.357e-05,1
11.668,-3.743e-05,1
11.669,-3.2731e-05,1
11.669,-2.6017e-05,1
11.67,-2.182e-05,1
11.67,-2.031e-05,1
11.671,-2.1653e-05,1
11.671,-2.7024e-05,1
11.672,-2.3331e-05,1
11.672,-8.2246e-06,1
11.673,7.5532e-06,1
11.673,1.0071e-05,1
11.674,-5.539e-06,1
11.674,-3.5752e-05,1
11.675,-6.5965e-05,1
11.675,-7.8889e-05,1
11.676,-6.4622e-05,1
11.676,-2.7863e-05,1
11.677,1.5106e-06,1
11.678,1.1582e-05,1
11.678,1.7288e-05,1
11.679,2.4002e-05,1
11.679,2.9374e-05,1
11.68,2.7024e-05,1
11.68,2.2492e-05,1
11.681,3.1891e-05,1
11.681,6.4958e-05,1
11.682,0.00010658,1
11.682,0.00012924,1
11.683,0.00011565,1
11.683,7.9896e-05,1
11.684,5.2537e-05,1
11.684,4.8173e-05,1
11.685,5.6397e-05,1
11.685,6.4958e-05,1
11.686,5.9251e-05,1
11.686,4.7501e-05,1
11.687,3.7934e-05,1
11.687,2.266e-05,1
11.688,-1.6953e-05,1
11.688,-8.8457e-05,1
11.689,-0.00017205,1
11.689,-0.00022307,1
11.69,-0.00023331,1
11.69,-0.00024909,1
11.691,-0.00026906,1
11.692,-0.00025362,1
11.692,-0.00019689,1
11.693,-0.00011934,1
11.693,-3.0045e-05,1
11.694,8.2414e-05,1
11.694,0.00019319,1
11.695,0.00026973,1
11.695,0.00030263,1
11.696,0.00030767,1
11.696,0.00030297,1
11.697,0.00029424,1
11.697,0.00026252,1
11.698,0.00020797,1
11.698,0.00015811,1
11.699,0.00012035,1
11.699,7.8386e-05,1
11.7,2.8534e-05,1
11.7,-1.796e-05,1
11.701,-6.7475e-05,1
11.701,-0.00010423,1
11.702,-9.7017e-05,1
11.702,-6.1601e-05,1
11.703,-3.7263e-05,1
11.703,-3.6591e-05,1
11.704,-3.1891e-05,1
11.704,1.3931e-05,1
11.705,9.2149e-05,1
11.706,0.00016667,1
11.706,0.0002083,1
11.707,0.00020259,1
11.707,0.00016097,1
11.708,0.00011179,1
11.708,7.4357e-05,1
11.709,4.8844e-05,1
11.709,3.7095e-05,1
11.71,2.501e-05,1
11.71,-1.2253e-05,1
11.711,-6.8986e-05,1
11.711,-0.00013008,1
11.712,-0.00019269,1
11.712,-0.00026772,1
11.713,-0.00032982,1
11.713,-0.00033654,1
11.714,-0.00028719,1
11.714,-0.00019739,1
11.715,-8.6442e-05,1
11.715,-2.6856e-06,1
11.716,2.4674e-05,1
11.716,1.6281e-05,1
11.717,2.0813e-05,1
11.717,5.8915e-05,1
11.718,9.7856e-05,1
11.719,8.8121e-05,1
11.719,1.9303e-05,1
11.72,-5.4887e-05,1
11.72,-6.6972e-05,1
11.721,-4.1962e-06,1
11.721,8.275e-05,1
11.722,0.00014821,1
11.722,0.00020461,1
11.723,0.0002741,1
11.723,0.00033419,1
11.724,0.00034694,1
11.724,0.00031321,1
11.725,0.00026067,1
11.725,0.00022005,1
11.726,0.00018749,1
11.726,0.00013613,1
11.727,7.6707e-05,1
11.727,4.5991e-05,1
11.728,4.8844e-05,1
11.728,5.5558e-05,1
11.729,5.0858e-05,1
11.729,3.3234e-05,1
11.73,5.8747e-06,1
11.73,-2.5849e-05,1
11.731,-4.7837e-05,1
11.732,-5.2537e-05,1
11.732,-4.4144e-05,1
11.733,-4.0787e-05,1
11.733,-5.2201e-05,1
11.734,-7.3014e-05,1
11.734,-9.0471e-05,1
11.735,-9.7856e-05,1
11.735,-9.366e-05,1
11.736,-8.1407e-05,1
11.736,-6.1265e-05,1
11.737,-3.2731e-05,1
11.737,-7.8889e-06,1
11.738,1.1749e-06,1
11.738,-6.0426e-06,1
11.739,-2.3667e-05,1
11.739,-4.1627e-05,1
11.74,-4.9516e-05,1
11.74,-4.9348e-05,1
11.741,-4.6662e-05,1
11.741,-4.1627e-05,1
11.742,-3.978e-05,1
11.742,-5.1194e-05,1
11.743,-6.9322e-05,1
11.743,-7.9393e-05,1
11.744,-7.335e-05,1
11.744,-5.6733e-05,1
11.745,-3.743e-05,1
11.746,-1.8967e-05,1
11.746,-8.2246e-06,1
11.747,-5.0355e-06,1
11.747,2.8534e-06,1
11.748,3.0716e-05,1
11.748,7.3014e-05,1
11.749,0.0001044,1
11.749,0.00010843,1
11.75,8.8289e-05,1
11.75,5.3544e-05,1
11.751,6.5461e-06,1
11.751,-6.009e-05,1
11.752,-0.00010994,1
11.752,-0.00011447,1
11.753,-8.51e-05,1
11.753,-3.4745e-05,1
11.754,1.8128e-05,1
11.754,5.1865e-05,1
11.755,5.6565e-05,1
11.755,3.8773e-05,1
11.756,1.796e-05,1
11.756,1.2924e-05,1
11.757,4.3977e-05,1
11.757,9.1478e-05,1
11.758,0.00010658,1
11.758,7.7379e-05,1
11.759,4.5151e-05,1
11.76,2.031e-05,1
11.76,-5.3208e-05,1
11.761,-0.00015543,1
11.761,-0.00020427,1
11.762,-0.00016634,1
11.762,-6.9322e-05,1
11.763,4.7501e-05,1
11.763,0.00015123,1
11.764,0.00021199,1
11.764,0.00023146,1
11.765,0.00023314,1
11.765,0.00024154,1
11.766,0.00026705,1
11.766,0.00028182,1
11.767,0.00025765,1
11.767,0.00020629,1
11.768,0.00015727,1
11.768,0.00012773,1
11.769,0.00011783,1
11.769,0.00010541,1
11.77,6.6636e-05,1
11.77,1.9303e-05,1
11.771,-6.2104e-06,1
11.771,-8.2246e-06,1
11.772,-4.8676e-06,1
11.773,-1.0071e-06,1
11.773,2.182e-06,1
11.774,1.6785e-07,1
11.774,-6.5461e-06,1
11.775,-2.5177e-06,1
11.775,1.4939e-05,1
11.776,2.6017e-05,1
11.776,1.6953e-05,1
11.777,-4.8676e-06,1
11.777,-3.1556e-05,1
11.778,-6.1601e-05,1
11.778,-9.2317e-05,1
11.779,-0.00012035,1
11.779,-0.00013948,1
11.78,-0.00014267,1
11.78,-0.0001321,1
11.781,-0.00011867,1
11.781,-0.0001091,1
11.782,-0.00010356,1
11.782,-9.987e-05,1
11.783,-9.601e-05,1
11.783,-7.8721e-05,1
11.784,-3.743e-05,1
11.784,1.8631e-05,1
11.785,6.2943e-05,1
11.786,8.1743e-05,1
11.786,8.0232e-05,1
11.787,8.1743e-05,1
11.787,8.8792e-05,1
11.788,7.3518e-05,1
11.788,3.6255e-05,1
11.789,-6.3783e-06,1
11.789,-2.0813e-05,1
11.79,-1.5106e-06,1
11.79,3.1891e-06,1
11.791,-3.3234e-05,1
11.791,-7.805e-05,1
11.792,-9.3324e-05,1
11.792,-6.1936e-05,1
11.793,2.4506e-05,1
11.793,0.00014368,1
11.794,0.00025362,1
11.794,0.00031858,1
11.795,0.0003122,1
11.795,0.00025429,1
11.796,0.00018044,1
11.796,0.00012203,1
11.797,9.1478e-05,1
11.797,7.7043e-05,1
11.798,7.5868e-05,1
11.798,8.5771e-05,1
11.799,9.4499e-05,1
11.8,9.5171e-05,1
11.8,8.51e-05,1
11.801,6.1601e-05,1
11.801,2.3163e-05,1
11.802,-1.8296e-05,1
11.802,-5.2705e-05,1
11.803,-7.7043e-05,1
11.803,-8.5603e-05,1
11.804,-8.5435e-05,1
11.804,-0.00010961,1
11.805,-0.00020713,1
11.805,-0.00032428,1
11.806,-0.00037145,1
11.806,-0.00033906,1
11.807,-0.00026017,1
11.807,-0.00016785,1
11.808,-8.7114e-05,1
11.808,-2.3163e-05,1
11.809,4.213e-05,1
11.809,0.00012639,1
11.81,0.00022408,1
11.81,0.00031791,1
11.811,0.00036742,1
11.811,0.00033217,1
11.812,0.00023851,1
11.812,0.00014989,1
11.813,9.4163e-05,1
11.814,6.6133e-05,1
11.814,5.1865e-05,1
11.815,2.3835e-05,1
11.815,-2.6688e-05,1
11.816,-6.9322e-05,1
11.816,-9.2149e-05,1
11.817,-0.00011582,1
11.817,-0.00013277,1
11.818,-0.00010675,1
11.818,-5.6901e-05,1
11.819,-3.3738e-05,1
11.819,-4.5151e-05,1
11.82,-4.9012e-05,1
11.82,-4.0284e-06,1
11.821,7.5029e-05,1
11.821,0.0001462,1
11.822,0.00018614,1
11.822,0.00020125,1
11.823,0.00020394,1
11.823,0.0001791,1
11.824,0.00011313,1
11.824,4.9348e-05,1
11.825,3.3402e-05,1
11.825,4.2466e-05,1
11.826,3.3402e-05,1
11.827,1.8463e-06,1
11.827,-3.5752e-05,1
11.828,-7.0161e-05,1
11.828,-9.1646e-05,1
11.829,-9.4163e-05,1
11.829,-9.8527e-05,1
11.83,-0.00011867,1
11.83,-0.00014452,1
11.831,-0.00016197,1
11.831,-0.00015509,1
11.832,-0.00011901,1
11.832,-7.1839e-05,1
11.833,-3.0381e-05,1
11.833,6.8818e-06,1
11.834,3.9109e-05,1
11.834,5.7572e-05,1
11.835,6.3783e-05,1
11.835,7.9393e-05,1
11.836,0.00012337,1
11.836,0.00017708,1
11.837,0.00019957,1
11.837,0.00016936,1
11.838,0.00011666,1
11.838,7.9057e-05,1
11.839,5.2873e-05,1
11.839,2.1653e-05,1
11.84,-5.2033e-06,1
11.841,-1.8296e-05,1
11.841,-2.3667e-05,1
11.842,-2.6688e-05,1
11.842,-2.1653e-05,1
11.843,-5.539e-06,1
11.843,1.5778e-05,1
11.844,3.8773e-05,1
11.844,6.5629e-05,1
11.845,8.5771e-05,1
11.845,8.4428e-05,1
11.846,5.8244e-05,1
11.846,2.8534e-05,1
11.847,9.3996e-06,1
11.847,-3.5248e-06,1
11.848,-1.2421e-05,1
11.848,-1.7624e-05,1
11.849,-2.417e-05,1
11.849,-2.7695e-05,1
11.85,-7.2175e-06,1
11.85,3.8605e-05,1
11.851,8.2414e-05,1
11.851,9.5171e-05,1
11.852,7.0497e-05,1
11.852,3.3402e-05,1
11.853,6.8818e-06,1
11.854,-5.3712e-06,1
11.854,-4.3641e-06,1
11.855,-6.714e-07,1
11.855,-1.5106e-05,1
11.856,-5.6062e-05,1
11.856,-8.9799e-05,1
11.857,-9.2988e-05,1
11.857,-6.1097e-05,1
11.858,-1.8463e-06,1
11.858,6.2943e-05,1
11.859,9.3828e-05,1
11.859,6.3951e-05,1
11.86,-1.5106e-06,1
11.86,-4.3809e-05,1
11.861,-2.2995e-05,1
11.861,4.213e-05,1
11.862,9.1646e-05,1
11.862,9.1981e-05,1
11.863,3.6591e-05,1
11.863,-7.8721e-05,1
11.864,-0.00019521,1
11.864,-0.00023281,1
11.865,-0.00015492,1
11.865,-2.031e-05,1
11.866,8.1071e-05,1
11.867,0.00011531,1
11.867,0.00010675,1
11.868,9.9535e-05,1
11.868,0.00011833,1
11.869,0.00015425,1
11.869,0.00018715,1
11.87,0.00019236,1
11.87,0.0001556,1
11.871,9.3828e-05,1
11.871,4.5823e-05,1
11.872,3.1388e-05,1
11.872,4.4144e-05,1
11.873,5.2201e-05,1
11.873,3.5416e-05,1
11.874,1.2924e-05,1
11.874,8.3925e-06,1
11.875,1.5946e-05,1
11.875,2.182e-05,1
11.876,2.7695e-05,1
11.876,4.3641e-05,1
11.877,6.5293e-05,1
11.877,8.04e-05,1
11.878,7.9057e-05,1
11.878,5.7237e-05,1
11.879,2.5345e-05,1
11.879,1.6785e-07,1
11.88,-1.4435e-05,1
11.881,-1.8631e-05,1
11.881,-1.6785e-06,1
11.882,3.8437e-05,1
11.882,8.191e-05,1
11.883,9.8192e-05,1
11.883,6.7475e-05,1
11.884,9.5674e-06,1
11.884,-3.4409e-05,1
11.885,-5.9251e-05,1
11.885,-9.4499e-05,1
11.886,-0.00015056,1
11.886,-0.00019823,1
11.887,-0.00021535,1
11.887,-0.00020948,1
11.888,-0.0001895,1
11.888,-0.00014485,1
11.889,-5.9754e-05,1
11.889,4.2802e-05,1
11.89,0.0001138,1
11.89,0.00014838,1
11.891,0.0001801,1
11.891,0.00022811,1
11.892,0.00027645,1
11.892,0.00030129,1
11.893,0.0002882,1
11.893,0.00023616,1
11.894,0.00016701,1
11.895,0.00010491,1
11.895,5.7237e-05,1
11.896,1.7624e-05,1
11.896,-1.6953e-05,1
11.897,-5.2201e-05,1
11.897,-8.1407e-05,1
11.898,-8.661e-05,1
11.898,-8.04e-05,1
11.899,-6.8315e-05,1
11.899,-4.5487e-05,1
11.9,-1.7288e-05,1
11.9,4.8676e-06,1
11.901,6.2104e-06,1
11.901,-6.8818e-06,1
11.902,-1.561e-05,1
11.902,-2.6688e-05,1
11.903,-4.1291e-05,1
11.903,-5.4383e-05,1
11.904,-6.1601e-05,1
11.904,-5.3544e-05,1
11.905,-3.4745e-05,1
11.905,-2.2156e-05,1
11.906,-2.6352e-05,1
11.906,-4.0452e-05,1
11.907,-4.5487e-05,1
11.908,-2.8367e-05,1
11.908,1.1582e-05,1
11.909,6.3279e-05,1
11.909,0.00010423,1
11.91,0.00011263,1
11.91,9.1142e-05,1
11.911,6.8147e-05,1
11.911,5.7572e-05,1
11.912,5.0858e-05,1
11.912,4.1794e-05,1
11.913,3.2059e-05,1
11.913,2.2995e-05,1
11.914,1.2924e-05,1
11.914,2.5177e-06,1
11.915,-9.9031e-06,1
11.915,-3.978e-05,1
11.916,-7.9225e-05,1
11.916,-9.6513e-05,1
11.917,-8.3421e-05,1
11.917,-4.683e-05,1
11.918,3.1891e-06,1
11.918,5.4215e-05,1
11.919,8.4932e-05,1
11.919,8.2918e-05,1
11.92,5.4887e-05,1
11.921,1.5106e-05,1
11.921,-1.6953e-05,1
11.922,-3.6255e-05,1
11.922,-5.3208e-05,1
11.923,-7.0665e-05,1
11.923,-6.6636e-05,1
11.924,-3.0381e-05,1
11.924,6.5461e-06,1
11.925,8.896e-06,1
11.925,-1.7624e-05,1
11.926,-3.6423e-05,1
11.926,-1.4603e-05,1
11.927,4.3809e-05,1
11.927,0.00010239,1
11.928,0.00013243,1
11.928,0.00011934,1
11.929,7.1839e-05,1
11.929,2.031e-05,1
11.93,-3.8605e-06,1
11.93,4.1962e-06,1
11.931,2.501e-05,1
11.931,3.9109e-05,1
11.932,4.2634e-05,1
11.932,3.3402e-05,1
11.933,2.2828e-05,1
11.933,3.6591e-05,1
11.934,8.1743e-05,1
11.935,0.00013344,1
11.935,0.0001556,1
11.936,0.0001378,1
11.936,9.3492e-05,1
11.937,5.7572e-05,1
11.937,6.2272e-05,1
11.938,0.00010709,1
11.938,0.00015325,1
11.939,0.00017775,1
11.939,0.00016768,1
11.94,0.00012102,1
11.94,6.2776e-05,1
11.941,4.1962e-06,1
11.941,-7.1839e-05,1
11.942,-0.00013378,1
11.942,-0.0001415,1
11.943,-0.00011179,1
11.943,-6.6972e-05,1
11.944,-1.6617e-05,1
11.944,1.2924e-05,1
11.945,4.1962e-06,1
11.945,-7.0497e-06,1
11.946,2.4842e-05,1
11.946,8.9296e-05,1
11.947,0.00013747,1
11.947,0.00014418,1
11.948,0.00011733,1
11.949,7.7714e-05,1
11.949,4.2802e-05,1
11.95,6.8818e-06,1
11.95,-5.4383e-05,1
11.951,-0.00012136,1
11.951,-0.00016802,1
11.952,-0.00020998,1
11.952,-0.00026151,1
11.953,-0.0003169,1
11.953,-0.00035785,1
11.954,-0.00035131,1
11.954,-0.00028786,1
11.955,-0.00018547,1
11.955,-6.5965e-05,1
11.956,5.388e-05,1
11.956,0.00016701,1
11.957,0.00025765,1
11.957,0.0003221,1
11.958,0.00036641,1
11.958,0.00038991,1
11.959,0.00038119,1
11.959,0.0003211,1
11.96,0.0002318,1
11.96,0.00016634,1
11.961,0.00012538,1
11.962,7.4022e-05,1
11.962,2.8534e-06,1
11.963,-6.4622e-05,1
11.963,-0.00011968,1
11.964,-0.00016315,1
11.964,-0.00017188,1
11.965,-0.000142,1
11.965,-9.366e-05,1
11.966,-3.357e-05,1
11.966,4.5487e-05,1
11.967,0.00013327,1
11.967,0.00020394,1
11.968,0.00024019,1
11.968,0.00023751,1
11.969,0.00020662,1
11.969,0.00016181,1
11.97,0.00010071,1
11.97,3.8102e-05,1
11.971,0,1
11.971,-8.5603e-06,1
11.972,1.796e-05,1
11.972,3.357e-05,1
11.973,-5.6901e-05,1
11.973,-0.00024002,1
11.974,-0.00039696,1
11.975,-0.00044816,1
11.975,-0.00039579,1
11.976,-0.00027947,1
11.976,-0.00014519,1
11.977,-2.6688e-05,1
11.977,6.9993e-05,1
11.978,0.00016315,1
11.978,0.00025093,1
11.979,0.00031942,1
11.979,0.00035702,1
11.98,0.00034711,1
11.98,0.00030129,1
11.981,0.00024472,1
11.981,0.00019689,1
11.982,0.00016634,1
11.982,0.00014452,1
11.983,0.00011867,1
11.983,8.6442e-05,1
11.984,4.2802e-05,1
11.984,-1.5274e-05,1
11.985,-9.2821e-05,1
11.985,-0.00019051,1
11.986,-0.00026386,1
11.986,-0.00027376,1
11.987,-0.00023365,1
11.987,-0.00019068,1
11.988,-0.00016852,1
11.989,-0.00015778,1
11.989,-0.00013109,1
11.99,-7.4189e-05,1
11.99,-3.6927e-06,1
11.991,4.7501e-05,1
11.991,6.4958e-05,1
11.992,4.9516e-05,1
11.992,1.0239e-05,1
11.993,-4.7333e-05,1
11.993,-0.00012639,1
11.994,-0.00018967,1
11.994,-0.00019051,1
11.995,-0.00013545,1
11.995,-6.1936e-05,1
11.996,1.6785e-06,1
11.996,4.8508e-05,1
11.997,8.3421e-05,1
11.997,0.00010524,1
11.998,0.00012001,1
11.998,0.00013545,1
11.999,0.00015425,1
11.999,0.00017809,1
12,0.00017104,1
12,0.00013059,1
12.001,0.0001039,1
12.002,0.00011162,1
12.002,0.00012068,1
12.003,9.4835e-05,1
12.003,4.5151e-05,1
12.004,1.0575e-05,1
12.004,1.2757e-05,1
12.005,3.1724e-05,1
12.005,3.2059e-05,1
12.006,9.5674e-06,1
12.006,-1.2253e-05,1
12.007,-7.8889e-06,1
12.007,2.9374e-05,1
12.008,8.51e-05,1
12.008,0.00012773,1
12.009,0.0001284,1
12.009,7.6371e-05,1
12.01,7.2175e-06,1
12.01,-2.1653e-05,1
12.011,-2.5177e-06,1
12.011,2.501e-05,1
12.012,2.9038e-05,1
12.012,3.5752e-05,1
12.013,0.00010423,1
12.013,0.00018245,1
12.014,0.00017775,1
12.014,9.7353e-05,1
12.015,1.561e-05,1
12.016,-1.6953e-05,1
12.016,-1.8631e-05,1
12.017,-2.7863e-05,1
12.017,-5.4887e-05,1
12.018,-8.0735e-05,1
12.018,-7.57e-05,1
12.019,-3.8773e-05,1
12.019,1.1078e-05,1
12.02,4.9012e-05,1
12.02,6.1433e-05,1
12.021,5.4551e-05,1
12.021,3.8941e-05,1
12.022,2.4002e-05,1
12.022,1.5274e-05,1
12.023,1.1246e-05,1
12.023,5.8747e-06,1
12.024,-4.1962e-06,1
12.024,-1.1078e-05,1
12.025,-1.0071e-05,1
12.025,-1.0407e-05,1
12.026,-2.9709e-05,1
12.026,-7.2343e-05,1
12.027,-0.00011666,1
12.027,-0.00014049,1
12.028,-0.00013864,1
12.028,-0.00011917,1
12.029,-9.9031e-05,1
12.03,-8.6778e-05,1
12.03,-7.9225e-05,1
12.031,-6.9154e-05,1
12.031,-5.0355e-05,1
12.032,-2.7024e-05,1
12.032,5.2033e-06,1
12.033,4.8173e-05,1
12.033,8.4092e-05,1
12.034,9.752e-05,1
12.034,8.2582e-05,1
12.035,3.1388e-05,1
12.035,-7.5532e-06,1
12.036,1.3596e-05,1
12.036,6.865e-05,1
12.037,0.00011565,1
12.037,0.0001467,1
12.038,0.00014553,1
12.038,8.5771e-05,1
12.039,2.9038e-05,1
12.039,6.8315e-05,1
12.04,0.00015543,1
12.04,0.00018917,1
12.041,0.00012807,1
12.041,1.7792e-05,1
12.042,-7.6371e-05,1
12.043,-0.00012706,1
12.043,-0.0001237,1
12.044,-6.0929e-05,1
12.044,3.2898e-05,1
12.045,0.00010524,1
12.045,0.00010927,1
12.046,2.0645e-05,1
12.046,-8.3421e-05,1
12.047,-0.00011716,1
12.047,-0.00011095,1
12.048,-9.9702e-05,1
12.048,-7.6875e-05,1
12.049,-3.4577e-05,1
12.049,1.1078e-05,1
12.05,5.9251e-05,1
12.05,0.00013529,1
12.051,0.00023684,1
12.051,0.00032982,1
12.052,0.00037884,1
12.052,0.00035702,1
12.053,0.00027611,1
12.053,0.00018715,1
12.054,0.00011749,1
12.054,7.1504e-05,1
12.055,4.2298e-05,1
12.056,1.7792e-05,1
12.056,-6.5461e-06,1
12.057,-3.2395e-05,1
12.057,-5.5558e-05,1
12.058,-7.4525e-05,1
12.058,-8.8121e-05,1
12.059,-9.5506e-05,1
12.059,-9.3996e-05,1
12.06,-8.1407e-05,1
12.06,-6.5797e-05,1
12.061,-5.4047e-05,1
12.061,-4.2802e-05,1
12.062,-2.8367e-05,1
12.062,-1.6785e-05,1
12.063,-1.8631e-05,1
12.063,-3.7095e-05,1
12.064,-5.9419e-05,1
12.064,-7.0665e-05,1
12.065,-6.5965e-05,1
12.065,-4.6494e-05,1
12.066,-2.4002e-05,1
12.066,6.0426e-06,1
12.067,9.1646e-05,1
12.067,0.0002031,1
12.068,0.00024221,1
12.068,0.00018245,1
12.069,8.5603e-05,1
12.07,2.501e-05,1
12.07,7.8889e-06,1
12.071,-1.4099e-05,1
12.071,-6.9322e-05,1
12.072,-0.00013294,1
12.072,-0.00017775,1
12.073,-0.00020192,1
12.073,-0.00017624,1
12.074,-9.6513e-05,1
12.074,-6.2104e-06,1
12.075,6.5965e-05,1
12.075,0.0001039,1
12.076,0.0001039,1
12.076,7.5532e-05,1
12.077,4.7501e-05,1
12.077,4.4144e-05,1
12.078,8.1407e-05,1
12.078,0.00014989,1
12.079,0.00021199,1
12.079,0.00022676,1
12.08,0.0001791,1
12.08,8.6442e-05,1
12.081,-1.9135e-05,1
12.081,-9.2821e-05,1
12.082,-0.00011867,1
12.082,-9.4163e-05,1
12.083,-3.3234e-05,1
12.084,1.4939e-05,1
12.084,-1.1414e-05,1
12.085,-8.4596e-05,1
12.085,-0.00010927,1
12.086,-4.6159e-05,1
12.086,6.9657e-05,1
12.087,0.0001608,1
12.087,0.00016718,1
12.088,0.00010524,1
12.088,4.5487e-05,1
12.089,3.6423e-05,1
12.089,6.6972e-05,1
12.09,7.6036e-05,1
12.09,2.3667e-05,1
12.091,-4.8508e-05,1
12.091,-8.1743e-05,1
12.092,-6.6133e-05,1
12.092,-3.5752e-05,1
12.093,-8.2246e-06,1
12.093,2.6688e-05,1
12.094,7.1504e-05,1
12.094,0.00011498,1
12.095,0.00014754,1
12.095,0.00017238,1
12.096,0.00018833,1
12.097,0.00017691,1
12.097,0.0001368,1
12.098,8.5603e-05,1
12.098,3.8773e-05,1
12.099,1.4267e-05,1
12.099,1.1414e-05,1
12.1,1.326e-05,1
12.1,6.3783e-06,1
12.101,-4.5319e-06,1
12.101,-1.4603e-05,1
12.102,-2.6688e-05,1
12.102,-3.7598e-05,1
12.103,-5.0019e-05,1
12.103,-6.0761e-05,1
12.104,-4.9516e-05,1
12.104,-2.182e-05,1
12.105,-8.2246e-06,1
12.105,-8.3925e-06,1
12.106,-7.5532e-06,1
12.106,-1.5946e-05,1
12.107,-5.0019e-05,1
12.107,-9.6178e-05,1
12.108,-0.00013109,1
12.108,-0.00015341,1
12.109,-0.00017691,1
12.11,-0.00020729,1
12.11,-0.00022039,1
12.111,-0.00019118,1
12.111,-0.00012857,1
12.112,-5.6733e-05,1
12.112,2.5177e-06,1
12.113,5.3544e-05,1
12.113,0.00011246,1
12.114,0.00016701,1
12.114,0.00019387,1
12.115,0.00017104,1
12.115,8.4596e-05,1
12.116,-4.5319e-06,1
12.116,-3.0381e-05,1
12.117,-2.6856e-06,1
12.117,2.2324e-05,1
12.118,2.6352e-05,1
12.118,5.9922e-05,1
12.119,0.00017003,1
12.119,0.00027208,1
12.12,0.00027594,1
12.12,0.00020444,1
12.121,0.00013948,1
12.121,0.00011112,1
12.122,8.9296e-05,1
12.122,5.1362e-05,1
12.123,-1.0071e-06,1
12.124,-4.683e-05,1
12.124,-4.7837e-05,1
12.125,-5.8747e-06,1
12.125,2.7695e-05,1
12.126,3.6927e-06,1
12.126,-7.335e-05,1
12.127,-0.00014603,1
12.127,-0.00016533,1
12.128,-0.00012505,1
12.128,-4.9516e-05,1
12.129,3.6759e-05,1
12.129,9.0471e-05,1
12.13,8.3421e-05,1
12.13,4.3809e-05,1
12.131,1.9471e-05,1
12.131,2.6352e-05,1
12.132,4.1123e-05,1
12.132,3.5752e-05,1
12.133,3.0213e-06,1
12.133,-2.6352e-05,1
12.134,-1.4435e-05,1
12.134,4.3473e-05,1
12.135,0.00012219,1
12.135,0.00017104,1
12.136,0.00015744,1
12.136,0.0001086,1
12.137,6.8482e-05,1
12.138,5.8412e-05,1
12.138,7.2007e-05,1
12.139,8.0735e-05,1
12.139,6.8986e-05,1
12.14,3.978e-05,1
12.14,6.5461e-06,1
12.141,-2.9374e-05,1
12.141,-6.0929e-05,1
12.142,-8.6107e-05,1
12.142,-0.00010289,1
12.143,-8.6275e-05,1
12.143,-4.4984e-05,1
12.144,-2.3163e-05,1
12.144,-3.5752e-05,1
12.145,-6.1601e-05,1
12.145,-7.1336e-05,1
12.146,-6.3951e-05,1
12.146,-5.9251e-05,1
12.147,-7.335e-05,1
12.147,-0.0001039,1
12.148,-0.00013747,1
12.148,-0.0001519,1
12.149,-0.00011917,1
12.149,-3.0716e-05,1
12.15,7.4357e-05,1
12.151,0.00013814,1
12.151,0.00013999,1
12.152,7.9225e-05,1
12.152,6.0426e-06,1
12.153,-8.5603e-06,1
12.153,2.3163e-05,1
12.154,4.9516e-05,1
12.154,5.9922e-05,1
12.155,6.6804e-05,1
12.155,7.4189e-05,1
12.156,8.4428e-05,1
12.156,0.00010256,1
12.157,0.00012538,1
12.157,0.00014939,1
12.158,0.00017507,1
12.158,0.00019521,1
12.159,0.00020075,1
12.159,0.00019571,1
12.16,0.00018195,1
12.16,0.00015828,1
12.161,0.00012303,1
12.161,7.805e-05,1
12.162,3.508e-05,1
12.162,1.0239e-05,1
12.163,6.5461e-06,1
12.164,7.2175e-06,1
12.164,-4.1962e-06,1
12.165,-1.8128e-05,1
12.165,-2.7024e-05,1
12.166,-3.743e-05,1
12.166,-6.6636e-05,1
12.167,-0.00011028,1
12.167,-0.00014049,1
12.168,-0.00014586,1
12.168,-0.00013042,1
12.169,-0.00011397,1
12.169,-0.00011313,1
12.17,-0.00011699,1
12.17,-0.00010423,1
12.171,-8.0064e-05,1
12.171,-6.1601e-05,1
12.172,-3.8773e-05,1
12.172,1.1246e-05,1
12.173,8.8457e-05,1
12.173,0.00018648,1
12.174,0.00025966,1
12.174,0.00023532,1
12.175,0.0001133,1
12.175,-2.182e-05,1
12.176,-8.8792e-05,1
12.176,-7.6539e-05,1
12.177,-4.8173e-05,1
12.178,-6.1936e-05,1
12.178,-0.00011095,1
12.179,-0.00014754,1
12.179,-0.00014385,1
12.18,-9.0303e-05,1
12.18,-1.1582e-05,1
12.181,5.2201e-05,1
12.181,8.8457e-05,1
12.182,0.00011733,1
12.182,0.00014955,1
12.183,0.00018044,1
12.183,0.00020864,1
12.184,0.00023566,1
12.184,0.00022861,1
12.185,0.00016097,1
12.185,7.0665e-05,1
12.186,2.0981e-05,1
12.186,2.9374e-05,1
12.187,5.8076e-05,1
12.187,6.8315e-05,1
12.188,5.2873e-05,1
12.188,3.0716e-05,1
12.189,3.0884e-05,1
12.189,6.7979e-05,1
12.19,0.00012404,1
12.191,0.00015023,1
12.191,0.0001185,1
12.192,2.7863e-05,1
12.192,-6.5461e-05,1
12.193,-6.4118e-05,1
12.193,1.326e-05,1
12.194,5.6565e-05,1
12.194,2.4842e-05,1
12.195,-3.9109e-05,1
12.195,-7.6204e-05,1
12.196,-6.1936e-05,1
12.196,-2.4842e-05,1
12.197,-1.3596e-05,1
12.197,-3.4241e-05,1
12.198,-7.3686e-05,1
12.198,-0.00011263,1
12.199,-0.00014401,1
12.199,-0.00018178,1
12.2,-0.0002224,1
12.2,-0.00025798,1
12.201,-0.00027544,1
12.201,-0.00025798,1
12.202,-0.00019454,1
12.202,-7.4861e-05,1
12.203,6.8986e-05,1
12.203,0.00018379,1
12.204,0.00025093,1
12.205,0.00028719,1
12.205,0.000308,1
12.206,0.000308,1
12.206,0.00028165,1
12.207,0.00023583,1
12.207,0.00019051,1
12.208,0.00019521,1
12.208,0.00023583,1
12.209,0.00023381,1
12.209,0.00013747,1
12.21,-3.0716e-05,1
12.21,-0.0001702,1
12.211,-0.00022895,1
12.211,-0.00023197,1
12.212,-0.00020847,1
12.212,-0.00016533,1
12.213,-0.00010994,1
12.213,-4.0787e-05,1
12.214,3.743e-05,1
12.214,9.5171e-05,1
12.215,0.00011196,1
12.215,9.836e-05,1
12.216,8.04e-05,1
12.216,6.6636e-05,1
12.217,4.213e-05,1
12.217,3.357e-06,1
12.218,-2.031e-05,1
12.219,-1.561e-05,1
12.219,-3.0213e-06,1
12.22,-3.5248e-06,1
12.22,-9.7353e-06,1
12.221,-8.896e-06,1
12.221,-1.8463e-06,1
12.222,-3.6927e-06,1
12.222,-1.4939e-05,1
12.223,-3.0884e-05,1
12.223,-4.3305e-05,1
12.224,-4.213e-05,1
12.224,-4.4144e-05,1
12.225,-7.3686e-05,1
12.225,-6.8986e-05,1
12.226,-1.3764e-05,1
12.226,1.326e-05,1
12.227,-2.3667e-05,1
12.227,-8.7449e-05,1
12.228,-9.8192e-05,1
12.228,-4.1123e-05,1
12.229,4.4144e-05,1
12.229,0.00010793,1
12.23,0.00013378,1
12.23,0.00015341,1
12.231,0.00017221,1
12.232,0.00014687,1
12.232,6.7643e-05,1
12.233,-2.1317e-05,1
12.233,-8.9128e-05,1
12.234,-0.00012656,1
12.234,-0.00011162,1
12.235,-3.3402e-05,1
12.235,4.7669e-05,1
12.236,5.2201e-05,1
12.236,-1.6617e-05,1
12.237,-9.0471e-05,1
12.237,-0.00011984,1
12.238,-9.3828e-05,1
12.238,-2.4338e-05,1
12.239,5.8915e-05,1
12.239,0.00013042,1
12.24,0.00015509,1
12.24,0.00010524,1
12.241,4.0116e-05,1
12.241,1.6617e-05,1
12.242,2.9038e-05,1
12.242,5.6901e-05,1
12.243,9.8024e-05,1
12.243,0.00015341,1
12.244,0.00021267,1
12.245,0.00025362,1
12.245,0.00026084,1
12.246,0.00023818,1
12.246,0.0001937,1
12.247,0.00013143,1
12.247,4.5487e-05,1
12.248,-8.3085e-05,1
12.248,-0.00019655,1
12.249,-0.00019017,1
12.249,-9.5506e-05,1
12.25,1.4939e-05,1
12.25,4.918e-05,1
12.251,-4.3305e-05,1
12.251,-0.00016567,1
12.252,-0.00019739,1
12.252,-0.00011598,1
12.253,1.9303e-05,1
12.253,0.00015996,1
12.254,0.00026571,1
12.254,0.00028249,1
12.255,0.00023079,1
12.255,0.00018648,1
12.256,0.00017339,1
12.256,0.00019487,1
12.257,0.00024288,1
12.257,0.00025899,1
12.258,0.00021166,1
12.259,0.0001368,1
12.259,7.5029e-05,1
12.26,3.3738e-05,1
12.26,-1.7288e-05,1
12.261,-7.7043e-05,1
12.261,-0.00010893,1
12.262,-0.00011565,1
12.262,-0.00013143,1
12.263,-0.00015543,1
12.263,-0.00016231,1
12.264,-0.00014821,1
12.264,-0.00013881,1
12.265,-0.00014267,1
12.265,-0.00014687,1
12.266,-0.00014318,1
12.266,-0.00013227,1
12.267,-0.00011464,1
12.267,-8.0735e-05,1
12.268,-3.1556e-05,1
12.268,1.0071e-05,1
12.269,2.6688e-05,1
12.269,1.4099e-05,1
12.27,-8.3925e-06,1
12.27,-2.5345e-05,1
12.271,-4.3809e-05,1
12.271,-8.1407e-05,1
12.272,-0.00012303,1
12.273,-0.00014015,1
12.273,-0.00012522,1
12.274,-9.2149e-05,1
12.274,-6.8986e-05,1
12.275,-6.5629e-05,1
12.275,-5.6565e-05,1
12.276,-2.501e-05,1
12.276,2.031e-05,1
12.277,6.9993e-05,1
12.277,0.00011498,1
12.278,0.00014922,1
12.278,0.00019319,1
12.279,0.00022223,1
12.279,0.00018228,1
12.28,6.3615e-05,1
12.28,-8.3757e-05,1
12.281,-0.00021686,1
12.281,-0.00030314,1
12.282,-0.00032244,1
12.282,-0.00030549,1
12.283,-0.00027829,1
12.283,-0.00023919,1
12.284,-0.00018346,1
12.284,-0.00010155,1
12.285,2.4002e-05,1
12.286,0.00020377,1
12.286,0.00043053,1
12.287,0.00064605,1
12.287,0.00076052,1
12.288,0.00073031,1
12.288,0.00060577,1
12.289,0.00046041,1
12.289,0.00032815,1
12.29,0.00022206,1
12.29,0.00014754,1
12.291,9.2485e-05,1
12.291,4.3137e-05,1
12.292,-1.1749e-06,1
12.292,-3.1724e-05,1
12.293,-5.0858e-05,1
12.293,-5.7237e-05,1
12.294,-5.7908e-05,1
12.294,-6.479e-05,1
12.295,-8.9128e-05,1
12.295,-0.00011901,1
12.296,-0.00012068,1
12.296,-8.6275e-05,1
12.297,-4.9012e-05,1
12.297,-3.3738e-05,1
12.298,-3.6423e-05,1
12.299,-4.8676e-05,1
12.299,-5.9922e-05,1
12.3,-6.0929e-05,1
12.3,-5.069e-05,1
12.301,-2.9206e-05,1
12.301,3.357e-07,1
12.302,1.9974e-05,1
12.302,7.8889e-06,1
12.303,-3.0549e-05,1
12.303,-7.5532e-05,1
12.304,-9.7856e-05,1
12.304,-3.978e-05,1
12.305,6.9657e-05,1
12.305,0.00011531,1
12.306,5.6901e-05,1
12.306,-4.448e-05,1
12.307,-0.00011363,1
12.307,-0.00012639,1
12.308,-0.00010188,1
12.308,-4.9851e-05,1
12.309,4.4144e-05,1
12.309,0.00014653,1
12.31,0.00016634,1
12.31,8.6778e-05,1
12.311,-1.6785e-05,1
12.311,-7.2007e-05,1
12.312,-6.5461e-05,1
12.313,-1.7288e-05,1
12.313,3.5248e-05,1
12.314,7.7379e-05,1
12.314,9.5171e-05,1
12.315,8.9799e-05,1
12.315,9.0471e-05,1
12.316,9.5674e-05,1
12.316,8.5771e-05,1
12.317,6.3279e-05,1
12.317,6.8147e-05,1
12.318,0.00011112,1
12.318,0.00012773,1
12.319,8.7114e-05,1
12.319,2.8702e-05,1
12.32,1.8463e-06,1
12.32,9.5674e-06,1
12.321,9.0639e-06,1
12.321,-2.031e-05,1
12.322,-5.388e-05,1
12.322,-5.5894e-05,1
12.323,-3.0549e-05,1
12.323,-1.2757e-05,1
12.324,4.5319e-06,1
12.324,5.3376e-05,1
12.325,0.00012337,1
12.325,0.0001561,1
12.326,0.0001086,1
12.327,2.6017e-05,1
12.327,-3.7766e-05,1
12.328,-7.4022e-05,1
12.328,-8.0735e-05,1
12.329,-5.7069e-05,1
12.329,-2.0478e-05,1
12.33,2.0142e-06,1
12.33,2.4506e-05,1
12.331,0.0001039,1
12.331,0.00018917,1
12.332,0.00017137,1
12.332,4.0116e-05,1
12.333,-0.00012068,1
12.333,-0.00022324,1
12.334,-0.00024002,1
12.334,-0.00021199,1
12.335,-0.00018279,1
12.335,-0.00016667,1
12.336,-0.00014653,1
12.336,-0.00010709,1
12.337,-4.4144e-05,1
12.337,3.5248e-05,1
12.338,0.00010172,1
12.338,0.00013831,1
12.339,0.00015006,1
12.34,0.00014116,1
12.34,0.00012136,1
12.341,9.3828e-05,1
12.341,5.5726e-05,1
12.342,1.0575e-05,1
12.342,-3.122e-05,1
12.343,-7.6539e-05,1
12.343,-0.00014871,1
12.344,-0.00022895,1
12.344,-0.00026738,1
12.345,-0.00023482,1
12.345,-0.00015409,1
12.346,-6.7643e-05,1
12.346,-3.357e-07,1
12.347,3.8437e-05,1
12.347,7.9896e-05,1
12.348,0.00016953,1
12.348,0.00027477,1
12.349,0.00031572,1
12.349,0.00023415,1
12.35,5.9586e-05,1
12.35,-9.3324e-05,1
12.351,-0.00013445,1
12.351,-7.9561e-05,1
12.352,1.1917e-05,1
12.352,0.00010088,1
12.353,0.00018883,1
12.354,0.00029256,1
12.354,0.00038421,1
12.355,0.00043758,1
12.355,0.00045,1
12.356,0.00041711,1
12.356,0.00033285,1
12.357,0.00020377,1
12.357,8.3421e-05,1
12.358,1.8296e-05,1
12.358,-7.2175e-06,1
12.359,-1.6617e-05,1
12.359,-2.6017e-05,1
12.36,-3.5752e-05,1
12.36,-3.1388e-05,1
12.361,-9.5674e-06,1
12.361,1.8631e-05,1
12.362,3.827e-05,1
12.362,5.2873e-05,1
12.363,6.63e-05,1
12.363,5.8579e-05,1
12.364,1.1917e-05,1
12.364,-5.2201e-05,1
12.365,-0.00010474,1
12.365,-0.00013445,1
12.366,-0.00013646,1
12.367,-0.00012303,1
12.367,-0.00010893,1
12.368,-9.9535e-05,1
12.368,-9.6513e-05,1
12.369,-0.00010289,1
12.369,-0.00011514,1
12.37,-0.00011833,1
12.37,-0.00010004,1
12.371,-7.5029e-05,1
12.371,-6.5797e-05,1
12.372,-7.2343e-05,1
12.372,-7.2679e-05,1
12.373,-5.6062e-05,1
12.373,-3.2731e-05,1
12.374,-7.5532e-06,1
12.374,3.0045e-05,1
12.375,7.1e-05,1
12.375,9.5171e-05,1
12.376,0.00012975,1
12.376,0.00019588,1
12.377,0.00024489,1
12.377,0.00022542,1
12.378,0.00013747,1
12.378,3.0716e-05,1
12.379,-4.9516e-05,1
12.38,-9.5842e-05,1
12.38,-0.00011682,1
12.381,-0.00011934,1
12.381,-0.00011934,1
12.382,-0.00013646,1
12.382,-0.00016097,1
12.383,-0.00018413,1
12.383,-0.00021535,1
12.384,-0.00024237,1
12.384,-0.00023146,1
12.385,-0.00017305,1
12.385,-7.7714e-05,1
12.386,4.5319e-05,1
12.386,0.00017406,1
12.387,0.00026403,1
12.387,0.0002892,1
12.388,0.0002751,1
12.388,0.00026537,1
12.389,0.00026101,1
12.389,0.00023449,1
12.39,0.00018245,1
12.39,0.00013008,1
12.391,9.1814e-05,1
12.391,6.1265e-05,1
12.392,2.6017e-05,1
12.392,-2.2995e-05,1
12.393,-6.4958e-05,1
12.394,-7.7379e-05,1
12.394,-6.9322e-05,1
12.395,-5.4719e-05,1
12.395,-3.9445e-05,1
12.396,-2.5177e-05,1
12.396,-9.3996e-06,1
12.397,1.8128e-05,1
12.397,5.3544e-05,1
12.398,8.9799e-05,1
12.398,0.00011565,1
12.399,0.00012203,1
12.399,0.00010927,1
12.4,7.8386e-05,1
12.4,3.8102e-05,1
12.401,2.8534e-06,1
12.401,-2.5849e-05,1
12.402,-4.7166e-05,1
12.402,-5.5894e-05,1
12.403,-6.0594e-05,1
12.403,-7.6036e-05,1
12.404,-7.9057e-05,1
12.404,-5.4383e-05,1
12.405,-1.7792e-05,1
12.405,9.2317e-06,1
12.406,1.7624e-05,1
12.406,1.9638e-05,1
12.407,3.4409e-05,1
12.408,6.6972e-05,1
12.408,9.7856e-05,1
12.409,0.00010994,1
12.409,0.00010524,1
12.41,8.4428e-05,1
12.41,5.1865e-05,1
12.411,2.9038e-05,1
12.411,2.6017e-05,1
12.412,2.6688e-05,1
12.412,7.8889e-06,1
12.413,-3.1388e-05,1
12.413,-7.0832e-05,1
12.414,-9.4331e-05,1
12.414,-9.987e-05,1
12.415,-9.8527e-05,1
12.415,-9.5171e-05,1
12.416,-5.3208e-05,1
12.416,4.062e-05,1
12.417,9.5506e-05,1
12.417,5.2705e-05,1
12.418,-3.0716e-05,1
12.418,-5.623e-05,1
12.419,-8.2246e-06,1
12.419,6.3615e-05,1
12.42,0.00012035,1
12.421,0.00014569,1
12.421,0.00013596,1
12.422,0.00010675,1
12.422,9.5171e-05,1
12.423,9.9199e-05,1
12.423,8.5771e-05,1
12.424,4.2466e-05,1
12.424,-1.6449e-05,1
12.425,-7.2847e-05,1
12.425,-0.00014032,1
12.426,-0.00020595,1
12.426,-0.00023046,1
12.427,-0.00021233,1
12.427,-0.00018178,1
12.428,-0.00014418,1
12.428,-8.6107e-05,1
12.429,-7.3854e-06,1
12.429,8.5435e-05,1
12.43,0.00018111,1
12.43,0.00027108,1
12.431,0.00033452,1
12.431,0.00034627,1
12.432,0.00031354,1
12.432,0.0002647,1
12.433,0.00021434,1
12.434,0.00017305,1
12.434,0.0001472,1
12.435,0.00012169,1
12.435,8.1743e-05,1
12.436,4.2802e-05,1
12.436,2.4674e-05,1
12.437,1.5274e-05,1
12.437,-5.539e-06,1
12.438,-2.182e-05,1
12.438,-1.8463e-05,1
12.439,-1.2924e-05,1
12.439,-2.6688e-05,1
12.44,-5.4887e-05,1
12.44,-8.0232e-05,1
12.441,-9.2988e-05,1
12.441,-9.6178e-05,1
12.442,-9.5842e-05,1
12.442,-9.6849e-05,1
12.443,-9.752e-05,1
12.443,-9.2653e-05,1
12.444,-8.5603e-05,1
12.444,-8.0735e-05,1
12.445,-6.949e-05,1
12.445,-4.2298e-05,1
12.446,-7.2175e-06,1
12.446,1.6449e-05,1
12.447,2.1317e-05,1
12.448,1.5778e-05,1
12.448,4.3641e-06,1
12.449,-1.1582e-05,1
12.449,-2.1149e-05,1
12.45,-1.6281e-05,1
12.45,-5.2033e-06,1
12.451,-1.6785e-07,1
12.451,-8.2246e-06,1
12.452,-1.2421e-05,1
12.452,3.8605e-06,1
12.453,3.2059e-05,1
12.453,6.1936e-05,1
12.454,9.5506e-05,1
12.454,0.00012488,1
12.455,0.00013243,1
12.455,0.00012068,1
12.456,0.00011078,1
12.456,0.00011061,1
12.457,0.000118,1
12.457,0.0001274,1
12.458,0.00012689,1
12.458,0.00010289,1
12.459,5.6901e-05,1
12.459,2.3667e-05,1
12.46,1.1749e-06,1
12.46,-3.6423e-05,1
12.461,-9.2821e-05,1
12.462,-0.00014871,1
12.462,-0.00018715,1
12.463,-0.00020478,1
12.463,-0.00019773,1
12.464,-0.0001472,1
12.464,-6.0426e-05,1
12.465,2.501e-05,1
12.465,8.1743e-05,1
12.466,0.00012723,1
12.466,0.00019051,1
12.467,0.00025026,1
12.467,0.00025899,1
12.468,0.00020797,1
12.468,0.00013545,1
12.469,6.865e-05,1
12.469,6.5461e-06,1
12.47,-5.4551e-05,1
12.47,-0.00011011,1
12.471,-0.0001603,1
12.471,-0.00019588,1
12.472,-0.00021938,1
12.472,-0.00025144,1
12.473,-0.00028182,1
12.473,-0.00028568,1
12.474,-0.00025563,1
12.475,-0.00019387,1
12.475,-0.00010809,1
12.476,-2.8534e-06,1
12.476,0.00011363,1
12.477,0.00022928,1
12.477,0.00033687,1
12.478,0.00043389,1
12.478,0.00049734,1
12.479,0.0004965,1
12.479,0.00043557,1
12.48,0.000355,1
12.48,0.00027158,1
12.481,0.0001744,1
12.481,6.4286e-05,1
12.482,-1.9303e-05,1
12.482,-5.4047e-05,1
12.483,-4.7501e-05,1
12.483,-2.3835e-05,1
12.484,-3.6927e-06,1
12.484,9.0639e-06,1
12.485,1.5778e-05,1
12.485,1.6953e-05,1
12.486,1.8296e-05,1
12.486,2.4338e-05,1
12.487,2.652e-05,1
12.488,9.7353e-06,1
12.488,-1.8967e-05,1
12.489,-4.0787e-05,1
12.489,-4.5151e-05,1
12.49,-4.2466e-05,1
12.49,-4.1123e-05,1
12.491,-3.8437e-05,1
12.491,-4.3977e-05,1
12.492,-5.8915e-05,1
12.492,-6.6468e-05,1
12.493,-8.0735e-05,1
12.493,-0.00011296,1
12.494,-0.00014418,1
12.494,-0.00015241,1
12.495,-0.00013378,1
12.495,-9.987e-05,1
12.496,-6.3615e-05,1
12.496,-2.3667e-05,1
12.497,2.0645e-05,1
12.497,7.1e-05,1
12.498,0.00011263,1
12.498,0.00012706,1
12.499,0.00011061,1
12.499,6.8315e-05,1
12.5,2.3667e-05,1
12.5,3.1891e-06,1
12.501,9.2317e-06,1
12.502,2.8199e-05,1
12.502,4.2634e-05,1
12.503,4.6159e-05,1
12.503,4.3809e-05,1
12.504,4.0116e-05,1
12.504,3.3066e-05,1
12.505,2.0645e-05,1
12.505,4.0284e-06,1
12.506,-1.2589e-05,1
12.506,-2.7192e-05,1
12.507,-4.3137e-05,1
12.507,-6.865e-05,1
12.508,-0.00010323,1
12.508,-0.00012723,1
12.509,-0.00012807,1
12.509,-0.00013394,1
12.51,-0.00015711,1
12.51,-0.00015023,1
12.511,-0.00010759,1
12.511,-8.1575e-05,1
12.512,-7.8386e-05,1
12.512,-5.3376e-05,1
12.513,2.8534e-06,1
12.513,7.0161e-05,1
12.514,0.00013445,1
12.514,0.00019504,1
12.515,0.00024825,1
12.516,0.00029374,1
12.516,0.00032546,1
12.517,0.00033788,1
12.517,0.00033889,1
12.518,0.00033083,1
12.518,0.00029592,1
12.519,0.00022139,1
12.519,0.00013277,1
12.52,6.7979e-05,1
12.52,3.4073e-05,1
12.521,1.6281e-05,1
12.521,-1.6785e-07,1
12.522,-2.0645e-05,1
12.522,-4.2802e-05,1
12.523,-5.7069e-05,1
12.523,-5.6565e-05,1
12.524,-4.7837e-05,1
12.524,-3.9948e-05,1
12.525,-4.0787e-05,1
12.525,-4.8844e-05,1
12.526,-5.2705e-05,1
12.526,-5.9251e-05,1
12.527,-7.7546e-05,1
12.527,-9.6849e-05,1
12.528,-0.00010037,1
12.529,-7.57e-05,1
12.529,-3.4745e-05,1
12.53,-3.357e-06,1
12.53,-8.7282e-06,1
12.531,-5.8747e-05,1
12.531,-0.00012941,1
12.532,-0.0001697,1
12.532,-0.00016986,1
12.533,-0.0001331,1
12.533,-6.3615e-05,1
12.534,1.4267e-05,1
12.534,6.8986e-05,1
12.535,9.5003e-05,1
12.535,0.00011649,1
12.536,0.00015123,1
12.536,0.00019756,1
12.537,0.00023482,1
12.537,0.00022609,1
12.538,0.00015341,1
12.538,4.6159e-05,1
12.539,-4.918e-05,1
12.539,-0.00011128,1
12.54,-0.00013663,1
12.54,-0.0001415,1
12.541,-0.00013848,1
12.541,-0.00012102,1
12.542,-8.8121e-05,1
12.543,-5.0858e-05,1
12.543,-1.7624e-05,1
12.544,2.2324e-05,1
12.544,7.9057e-05,1
12.545,0.00013931,1
12.545,0.00017574,1
12.546,0.00017406,1
12.546,0.0001514,1
12.547,0.0001373,1
12.547,0.00014351,1
12.548,0.00015828,1
12.548,0.00016869,1
12.549,0.00016869,1
12.549,0.00014922,1
12.55,0.00010776,1
12.55,7.5029e-05,1
12.551,7.2007e-05,1
12.551,8.0232e-05,1
12.552,7.5029e-05,1
12.552,5.3376e-05,1
12.553,2.3835e-05,1
12.553,-3.0884e-05,1
12.554,-0.0001321,1
12.554,-0.00022744,1
12.555,-0.00026268,1
12.556,-0.00024523,1
12.556,-0.00020226,1
12.557,-0.00015778,1
12.557,-0.00012471,1
12.558,-9.3492e-05,1
12.558,-5.623e-05,1
12.559,3.8605e-06,1
12.559,0.00010088,1
12.56,0.00021602,1
12.56,0.00029088,1
12.561,0.00029793,1
12.561,0.00026738,1
12.562,0.00022257,1
12.562,0.00015962,1
12.563,8.7114e-05,1
12.563,3.4073e-05,1
12.564,7.8889e-06,1
12.564,-1.4267e-05,1
12.565,-3.8437e-05,1
12.565,-4.7501e-05,1
12.566,-3.6255e-05,1
12.566,-1.2924e-05,1
12.567,1.0575e-05,1
12.567,1.2589e-05,1
12.568,-1.4603e-05,1
12.569,-6.3111e-05,1
12.569,-0.00011884,1
12.57,-0.00016449,1
12.57,-0.00018379,1
12.571,-0.00016886,1
12.571,-0.00013495,1
12.572,-0.00010222,1
12.572,-7.7714e-05,1
12.573,-6.1936e-05,1
12.573,-4.1794e-05,1
12.574,-2.5177e-06,1
12.574,5.5055e-05,1
12.575,0.00011531,1
12.575,0.0001613,1
12.576,0.0001895,1
12.576,0.00019319,1
12.577,0.00017272,1
12.577,0.00014888,1
12.578,0.00012639,1
12.578,9.3828e-05,1
12.579,5.9251e-05,1
12.579,2.9374e-05,1
12.58,-8.3925e-07,1
12.58,-1.4435e-05,1
12.581,1.5106e-06,1
12.581,2.7359e-05,1
12.582,4.6998e-05,1
12.583,5.6901e-05,1
12.583,5.8915e-05,1
12.584,6.0594e-05,1
12.584,6.3447e-05,1
12.585,6.1265e-05,1
12.585,4.5823e-05,1
12.586,1.6785e-05,1
12.586,-1.2589e-05,1
12.587,-3.0716e-05,1
12.587,-3.6088e-05,1
12.588,-3.8102e-05,1
12.588,-4.062e-05,1
12.589,-3.4073e-05,1
12.589,-2.4002e-05,1
12.59,-2.6184e-05,1
12.59,-3.6423e-05,1
12.591,-4.4648e-05,1
12.591,-4.9851e-05,1
12.592,-4.9012e-05,1
12.592,-4.7333e-05,1
12.593,-4.7166e-05,1
12.593,-5.7572e-05,1
12.594,-8.3085e-05,1
12.594,-8.8289e-05,1
12.595,-5.9922e-05,1
12.595,-2.3835e-05,1
12.596,-6.3783e-06,1
12.597,-5.539e-06,1
12.597,-2.1653e-05,1
12.598,-4.7669e-05,1
12.598,-5.6901e-05,1
12.599,-2.2324e-05,1
12.599,4.2466e-05,1
12.6,9.3828e-05,1
12.6,0.00010138,1
12.601,7.6204e-05,1
12.601,5.8579e-05,1
12.602,7.5029e-05,1
12.602,0.00011531,1
12.603,0.00015006,1
12.603,0.00016365,1
12.604,0.00016197,1
12.604,0.00014401,1
12.605,9.987e-05,1
12.605,4.3641e-05,1
12.606,5.2033e-06,1
12.606,-9.5674e-06,1
12.607,-1.1749e-05,1
12.607,-4.5319e-06,1
12.608,1.1582e-05,1
12.608,3.5248e-05,1
12.609,6.4286e-05,1
12.61,9.1478e-05,1
12.61,0.00010826,1
12.611,0.00010961,1
12.611,9.3324e-05,1
12.612,7.0665e-05,1
12.612,4.9516e-05,1
12.613,3.8102e-05,1
12.613,4.5655e-05,1
12.614,6.479e-05,1
12.614,7.805e-05,1
12.615,7.7714e-05,1
12.615,6.1936e-05,1
12.616,3.1891e-05,1
12.616,-1.6785e-06,1
12.617,-2.4002e-05,1
12.617,-3.1891e-05,1
12.618,-3.4409e-05,1
12.618,-4.4648e-05,1
12.619,-6.5293e-05,1
12.619,-8.4764e-05,1
12.62,-8.8624e-05,1
12.62,-7.7882e-05,1
12.621,-6.865e-05,1
12.621,-6.8147e-05,1
12.622,-6.0929e-05,1
12.623,-3.508e-05,1
12.623,8.2246e-06,1
12.624,4.4144e-05,1
12.624,4.3977e-05,1
12.625,-2.182e-06,1
12.625,-7.6036e-05,1
12.626,-0.0001274,1
12.626,-0.0001274,1
12.627,-8.275e-05,1
12.627,-1.9974e-05,1
12.628,3.4409e-05,1
12.628,5.9922e-05,1
12.629,4.0787e-05,1
12.629,-7.5532e-06,1
12.63,-4.4648e-05,1
12.63,-4.0955e-05,1
12.631,-3.3402e-05,1
12.631,-8.4428e-05,1
12.632,-0.000165,1
12.632,-0.00021602,1
12.633,-0.00021753,1
12.633,-0.00017003,1
12.634,-7.8386e-05,1
12.634,6.1097e-05,1
12.635,0.00023885,1
12.635,0.00043087,1
12.636,0.00059771,1
12.637,0.00066519,1
12.637,0.00059301,1
12.638,0.00044598,1
12.638,0.00029793,1
12.639,0.00017339,1
12.639,8.0064e-05,1
12.64,2.5177e-05,1
12.64,7.5532e-06,1
12.641,1.326e-05,1
12.641,2.9374e-05,1
12.642,4.4144e-05,1
12.642,4.3977e-05,1
12.643,2.8534e-05,1
12.643,5.539e-06,1
12.644,-1.7624e-05,1
12.644,-3.743e-05,1
12.645,-5.3208e-05,1
12.645,-6.865e-05,1
12.646,-8.2078e-05,1
12.646,-9.0471e-05,1
12.647,-9.8024e-05,1
12.647,-0.00012387,1
12.648,-0.00015828,1
12.648,-0.00016365,1
12.649,-0.00013411,1
12.649,-8.8792e-05,1
12.65,-4.9012e-05,1
12.651,-2.266e-05,1
12.651,-1.561e-05,1
12.652,-2.9877e-05,1
12.652,-4.8508e-05,1
12.653,-4.7837e-05,1
12.653,-3.8437e-05,1
12.654,-5.1362e-05,1
12.654,-9.987e-05,1
12.655,-0.00016802,1
12.655,-0.0002271,1
12.656,-0.00024405,1
12.656,-0.00019454,1
12.657,-0.00010491,1
12.657,-3.4745e-05,1
12.658,-1.2924e-05,1
12.658,-7.3854e-06,1
12.659,3.2731e-05,1
12.659,0.0001321,1
12.66,0.00026705,1
12.66,0.00038437,1
12.661,0.0004354,1
12.661,0.00041442,1
12.662,0.00035198,1
12.662,0.00027242,1
12.663,0.00019236,1
12.664,0.00013378,1
12.664,0.00010507,1
12.665,8.4764e-05,1
12.665,5.8915e-05,1
12.666,3.2898e-05,1
12.666,2.1988e-05,1
12.667,2.3835e-05,1
12.667,2.652e-05,1
12.668,2.4338e-05,1
12.668,1.7624e-05,1
12.669,2.182e-06,1
12.669,-2.2995e-05,1
12.67,-4.6494e-05,1
12.67,-4.6159e-05,1
12.671,-3.0213e-05,1
12.671,-2.6017e-05,1
12.672,-4.7669e-05,1
12.672,-9.5171e-05,1
12.673,-0.00015627,1
12.673,-0.00021317,1
12.674,-0.00023432,1
12.674,-0.00020394,1
12.675,-0.00013596,1
12.675,-5.2537e-05,1
12.676,1.8631e-05,1
12.677,6.0594e-05,1
12.677,9.5171e-05,1
12.678,0.00013059,1
12.678,0.00014939,1
12.679,0.00013814,1
12.679,0.00010222,1
12.68,5.6062e-05,1
12.68,8.896e-06,1
12.681,-2.7527e-05,1
12.681,-4.8844e-05,1
12.682,-5.623e-05,1
12.682,-5.388e-05,1
12.683,-4.8676e-05,1
12.683,-4.8508e-05,1
12.684,-5.9251e-05,1
12.684,-7.6036e-05,1
12.685,-8.191e-05,1
12.685,-6.2608e-05,1
12.686,-2.2492e-05,1
12.686,2.5849e-05,1
12.687,5.7237e-05,1
12.687,5.4887e-05,1
12.688,2.9709e-05,1
12.688,-2.3499e-06,1
12.689,-3.508e-05,1
12.689,-6.5461e-05,1
12.69,-8.6778e-05,1
12.691,-9.4835e-05,1
12.691,-9.2821e-05,1
12.692,-8.4764e-05,1
12.692,-7.3014e-05,1
12.693,-5.9922e-05,1
12.693,-4.2802e-05,1
12.694,-1.561e-05,1
12.694,3.8605e-06,1
12.695,-1.091e-05,1
12.695,-2.887e-05,1
12.696,2.8534e-06,1
12.696,8.8457e-05,1
12.697,0.00018111,1
12.697,0.00023046,1
12.698,0.00019739,1
12.698,9.5506e-05,1
12.699,5.0355e-07,1
12.699,-4.8844e-05,1
12.7,-5.7908e-05,1
12.7,-3.9445e-05,1
12.701,-4.5319e-06,1
12.701,4.4144e-05,1
12.702,0.0001091,1
12.702,0.00019185,1
12.703,0.00029995,1
12.704,0.00040133,1
12.704,0.00043825,1
12.705,0.00039394,1
12.705,0.000307,1
12.706,0.00022341,1
12.706,0.00016449,1
12.707,0.00013848,1
12.707,0.00014519,1
12.708,0.00015023,1
12.708,0.0001237,1
12.709,7.1336e-05,1
12.709,1.5946e-05,1
12.71,-3.7934e-05,1
12.71,-0.00010574,1
12.711,-0.00020713,1
12.711,-0.00030465,1
12.712,-0.00034929,1
12.712,-0.00034627,1
12.713,-0.00032815,1
12.713,-0.00030918,1
12.714,-0.00028602,1
12.714,-0.00027326,1
12.715,-0.00026067,1
12.715,-0.00018245,1
12.716,-2.2995e-05,1
12.716,0.00015962,1
12.717,0.00029256,1
12.718,0.00034023,1
12.718,0.00032815,1
12.719,0.00030599,1
12.719,0.00028534,1
12.72,0.00025899,1
12.72,0.00022979,1
12.721,0.00020729,1
12.721,0.00017809,1
12.722,0.00013126,1
12.722,8.8792e-05,1
12.723,7.7714e-05,1
12.723,8.5771e-05,1
12.724,8.4764e-05,1
12.724,5.7908e-05,1
12.725,9.3996e-06,1
12.725,-3.827e-05,1
12.726,-6.4118e-05,1
12.726,-5.8244e-05,1
12.727,-2.9038e-05,1
12.727,-1.5106e-06,1
12.728,6.2104e-06,1
12.728,-7.5532e-06,1
12.729,-3.0045e-05,1
12.729,-4.448e-05,1
12.73,-3.6927e-05,1
12.73,-9.9031e-06,1
12.731,1.5106e-05,1
12.732,1.8967e-05,1
12.732,-4.3641e-06,1
12.733,-4.0787e-05,1
12.733,-6.865e-05,1
12.734,-8.04e-05,1
12.734,-8.3253e-05,1
12.735,-9.752e-05,1
12.735,-0.00012387,1
12.736,-0.00014301,1
12.736,-0.00014989,1
12.737,-0.00015476,1
12.737,-0.0001556,1
12.738,-0.0001373,1
12.738,-9.5171e-05,1
12.739,-3.8605e-05,1
12.739,1.2421e-05,1
12.74,4.5151e-05,1
12.74,5.8076e-05,1
12.741,5.623e-05,1
12.741,5.4215e-05,1
12.742,5.8244e-05,1
12.742,6.3279e-05,1
12.743,5.7237e-05,1
12.743,4.2466e-05,1
12.744,3.6088e-05,1
12.745,4.213e-05,1
12.745,4.7166e-05,1
12.746,4.3137e-05,1
12.746,3.8773e-05,1
12.747,3.8102e-05,1
12.747,4.1459e-05,1
12.748,5.5222e-05,1
12.748,7.1e-05,1
12.749,7.4022e-05,1
12.749,5.2201e-05,1
12.75,1.0575e-05,1
12.75,-2.9709e-05,1
12.751,-6.0258e-05,1
12.751,-9.0639e-05,1
12.752,-0.00012757,1
12.752,-0.00016097,1
12.753,-0.00018614,1
12.753,-0.00018614,1
12.754,-0.00015241,1
12.754,-0.00012639,1
12.755,-0.00012287,1
12.755,-0.00010961,1
12.756,-6.479e-05,1
12.756,2.0813e-05,1
12.757,0.00013814,1
12.758,0.00026302,1
12.758,0.00036172,1
12.759,0.00040938,1
12.759,0.00040166,1
12.76,0.00036088,1
12.76,0.00031388,1
12.761,0.00026033,1
12.761,0.0001895,1
12.762,0.00011162,1
12.762,5.2033e-05,1
12.763,2.1149e-05,1
12.763,9.2317e-06,1
12.764,4.5319e-06,1
12.764,-6.714e-07,1
12.765,-8.0568e-06,1
12.765,-1.6785e-05,1
12.766,-2.7527e-05,1
12.766,-3.6423e-05,1
12.767,-4.0116e-05,1
12.767,-3.7095e-05,1
12.768,-2.9374e-05,1
12.768,-1.4435e-05,1
12.769,6.2104e-06,1
12.769,2.1149e-05,1
12.77,2.266e-05,1
12.77,6.2104e-06,1
12.771,-1.8967e-05,1
12.772,-3.3234e-05,1
12.772,-2.8702e-05,1
12.773,-1.7624e-05,1
12.773,-1.326e-05,1
12.774,-1.2589e-05,1
12.774,-9.5674e-06,1
12.775,-5.539e-06,1
12.775,-5.0355e-07,1
12.776,5.8747e-06,1
12.776,7.8889e-06,1
12.777,6.2104e-06,1
12.777,8.2246e-06,1
12.778,2.0981e-05,1
12.778,3.2898e-05,1
12.779,2.7863e-05,1
12.779,1.4939e-05,1
12.78,4.3641e-06,1
12.78,0,1
12.781,-3.8605e-06,1
12.781,-1.3596e-05,1
12.782,-1.8296e-05,1
12.782,-1.7288e-05,1
12.783,-1.6281e-05,1
12.783,-1.1246e-05,1
12.784,-5.0355e-07,1
12.784,1.7624e-05,1
12.785,3.6759e-05,1
12.786,4.1123e-05,1
12.786,4.0116e-05,1
12.787,5.153e-05,1
12.787,7.1e-05,1
12.788,8.04e-05,1
12.788,7.1839e-05,1
12.789,4.0787e-05,1
12.789,2.0142e-06,1
12.79,-1.8631e-05,1
12.79,-6.2104e-06,1
12.791,3.4745e-05,1
12.791,7.7043e-05,1
12.792,8.9799e-05,1
12.792,7.0329e-05,1
12.793,4.213e-05,1
12.793,9.3996e-06,1
12.794,-5.0019e-05,1
12.794,-0.00012522,1
12.795,-0.00017255,1
12.795,-0.00018346,1
12.796,-0.00017288,1
12.796,-0.00014838,1
12.797,-0.00011649,1
12.797,-6.9322e-05,1
12.798,-8.3925e-07,1
12.799,6.8315e-05,1
12.799,0.00012689,1
12.8,0.00016147,1
12.8,0.00016399,1
12.801,0.0001509,1
12.801,0.00012471,1
12.802,7.7714e-05,1
12.802,2.266e-05,1
12.803,-1.796e-05,1
12.803,-2.9206e-05,1
12.804,-9.0639e-06,1
12.804,2.8031e-05,1
12.805,7.0329e-05,1
12.805,0.00011632,1
12.806,0.00016466,1
12.806,0.00020528,1
12.807,0.00022576,1
12.807,0.0002271,1
12.808,0.00021669,1
12.808,0.00018967,1
12.809,0.00013814,1
12.809,7.7546e-05,1
12.81,2.7024e-05,1
12.81,-1.5106e-06,1
12.811,1.1749e-06,1
12.812,-4.8676e-06,1
12.812,-4.448e-05,1
12.813,-9.366e-05,1
12.813,-0.0001462,1
12.814,-0.00020813,1
12.814,-0.00026218,1
12.815,-0.00028685,1
12.815,-0.0002699,1
12.816,-0.00022341,1
12.816,-0.00017137,1
12.817,-0.00011968,1
12.817,-5.6901e-05,1
12.818,1.7288e-05,1
12.818,8.8457e-05,1
12.819,0.0001556,1
12.819,0.00022173,1
12.82,0.00026638,1
12.82,0.00027745,1
12.821,0.00026403,1
12.821,0.00022995,1
12.822,0.00017171,1
12.822,0.00010961,1
12.823,6.3951e-05,1
12.823,3.9445e-05,1
12.824,2.9374e-05,1
12.824,3.1388e-05,1
12.825,3.9109e-05,1
12.826,4.4144e-05,1
12.826,4.3305e-05,1
12.827,3.3738e-05,1
12.827,2.031e-05,1
12.828,7.0497e-06,1
12.828,-2.8534e-06,1
12.829,-1.091e-05,1
12.829,-2.6688e-05,1
12.83,-5.1865e-05,1
12.83,-7.7379e-05,1
12.831,-9.1814e-05,1
12.831,-8.7114e-05,1
12.832,-6.9993e-05,1
12.832,-5.9251e-05,1
12.833,-6.6972e-05,1
12.833,-9.366e-05,1
12.834,-0.00011464,1
12.834,-0.00013042,1
12.835,-0.00015274,1
12.835,-0.00015996,1
12.836,-0.00013445,1
12.836,-8.6442e-05,1
12.837,-3.1724e-05,1
12.837,1.4939e-05,1
12.838,4.7837e-05,1
12.838,7.3686e-05,1
12.839,0.0001039,1
12.84,0.00014469,1
12.84,0.00019118,1
12.841,0.0002219,1
12.841,0.00021065,1
12.842,0.00016533,1
12.842,0.00011666,1
12.843,8.04e-05,1
12.843,6.3615e-05,1
12.844,6.4286e-05,1
12.844,6.3951e-05,1
12.845,5.3544e-05,1
12.845,3.5752e-05,1
12.846,9.9031e-06,1
12.846,-2.031e-05,1
12.847,-5.1362e-05,1
12.847,-7.9728e-05,1
12.848,-9.5338e-05,1
12.848,-9.1478e-05,1
12.849,-6.9657e-05,1
12.849,-3.7766e-05,1
12.85,3.1891e-06,1
12.85,5.069e-05,1
12.851,9.7856e-05,1
12.851,0.00014049,1
12.852,0.00017003,1
12.853,0.00017826,1
12.853,0.00016432,1
12.854,0.00013478,1
12.854,0.00010423,1
12.855,8.1239e-05,1
12.855,6.0594e-05,1
12.856,2.9374e-05,1
12.856,-2.2324e-05,1
12.857,-7.8889e-05,1
12.857,-0.00012052,1
12.858,-0.00013747,1
12.858,-0.00011632,1
12.859,-6.2776e-05,1
12.859,-7.0497e-06,1
12.86,3.0884e-05,1
12.86,4.4816e-05,1
12.861,4.0787e-05,1
12.861,3.7766e-05,1
12.862,5.4719e-05,1
12.862,7.5029e-05,1
12.863,6.9657e-05,1
12.863,4.0787e-05,1
12.864,1.1246e-05,1
12.864,-1.5946e-05,1
12.865,-4.2802e-05,1
12.866,-5.9754e-05,1
12.866,-6.1265e-05,1
12.867,-5.5222e-05,1
12.867,-4.5151e-05,1
12.868,-3.978e-05,1
12.868,-4.5991e-05,1
12.869,-5.6565e-05,1
12.869,-5.9419e-05,1
12.87,-5.3376e-05,1
12.87,-4.1123e-05,1
12.871,-2.5681e-05,1
12.871,-8.5603e-06,1
12.872,9.9031e-06,1
12.872,2.887e-05,1
12.873,2.4674e-05,1
12.873,-6.8818e-06,1
12.874,-2.2995e-05,1
12.874,-1.0239e-05,1
12.875,2.3331e-05,1
12.875,6.4118e-05,1
12.876,9.2485e-05,1
12.876,9.3828e-05,1
12.877,6.5293e-05,1
12.877,3.0716e-05,1
12.878,2.266e-05,1
12.878,4.5151e-05,1
12.879,7.7546e-05,1
12.88,9.5506e-05,1
12.88,8.8457e-05,1
12.881,6.0258e-05,1
12.881,3.4409e-05,1
12.882,2.2324e-05,1
12.882,1.7456e-05,1
12.883,1.2085e-05,1
12.883,2.182e-06,1
12.884,-1.8631e-05,1
12.884,-4.8508e-05,1
12.885,-6.9322e-05,1
12.885,-4.4816e-05,1
12.886,3.508e-05,1
12.886,0.0001368,1
12.887,0.00022475,1
12.887,0.00027678,1
12.888,0.00028048,1
12.888,0.00025026,1
12.889,0.00021149,1
12.889,0.00016802,1
12.89,0.00011783,1
12.89,6.63e-05,1
12.891,2.3163e-05,1
12.891,-9.0639e-06,1
12.892,-3.1388e-05,1
12.893,-4.4816e-05,1
12.893,-5.5055e-05,1
12.894,-6.0761e-05,1
12.894,-5.2705e-05,1
12.895,-2.8199e-05,1
12.895,-6.2104e-06,1
12.896,-4.8676e-06,1
12.896,-2.4002e-05,1
12.897,-5.153e-05,1
12.897,-9.5506e-05,1
12.898,-0.00015593,1
12.898,-0.00019924,1
12.899,-0.00020864,1
12.899,-0.00018682,1
12.9,-0.00014754,1
12.9,-0.00011699,1
12.901,-9.1981e-05,1
12.901,-5.8579e-05,1
12.902,-2.887e-05,1
12.902,-2.1317e-05,1
12.903,-1.6953e-05,1
12.903,1.8128e-05,1
12.904,7.2007e-05,1
12.904,0.00012169,1
12.905,0.00015308,1
12.905,0.00015509,1
12.906,0.0001373,1
12.907,0.0001133,1
12.907,0.00010188,1
12.908,0.000118,1
12.908,0.00015224,1
12.909,0.00017356,1
12.909,0.00017171,1
12.91,0.00016298,1
12.91,0.00016231,1
12.911,0.00016852,1
12.911,0.00016265,1
12.912,0.0001274,1
12.912,6.8818e-05,1
12.913,1.1414e-05,1
12.913,-2.2324e-05,1
12.914,-3.0213e-05,1
12.914,-2.7359e-05,1
12.915,-2.5345e-05,1
12.915,-2.7359e-05,1
12.916,-3.1724e-05,1
12.916,-4.0452e-05,1
12.917,-5.1698e-05,1
12.917,-6.1265e-05,1
12.918,-7.2343e-05,1
12.918,-9.0639e-05,1
12.919,-0.00010675,1
12.919,-0.00010591,1
12.92,-9.0974e-05,1
12.921,-7.8218e-05,1
12.921,-7.4861e-05,1
12.922,-6.0929e-05,1
12.922,-1.9806e-05,1
12.923,3.1052e-05,1
12.923,6.2608e-05,1
12.924,6.5965e-05,1
12.924,4.6326e-05,1
12.925,1.7792e-05,1
12.925,-6.5461e-06,1
12.926,-2.2156e-05,1
12.926,-2.8031e-05,1
12.927,-2.6184e-05,1
12.927,-2.4338e-05,1
12.928,-2.4842e-05,1
12.928,-2.0981e-05,1
12.929,-8.5603e-06,1
12.929,1.5274e-05,1
12.93,4.2298e-05,1
12.93,5.9586e-05,1
12.931,7.4693e-05,1
12.931,0.00011128,1
12.932,0.000166,1
12.932,0.00021199,1
12.933,0.00022643,1
12.934,0.00020192,1
12.934,0.00013713,1
12.935,7.6036e-05,1
12.935,5.7237e-05,1
12.936,5.7908e-05,1
12.936,4.4144e-05,1
12.937,1.0575e-05,1
12.937,-2.7863e-05,1
12.938,-6.3279e-05,1
12.938,-0.00010105,1
12.939,-0.00013613,1
12.939,-0.00014485,1
12.94,-0.00010793,1
12.94,-2.5681e-05,1
12.941,5.9586e-05,1
12.941,9.0806e-05,1
12.942,6.3783e-05,1
12.942,1.9638e-05,1
12.943,-2.182e-06,1
12.943,8.896e-06,1
12.944,4.4144e-05,1
12.944,9.6178e-05,1
12.945,0.00013948,1
12.945,0.00012136,1
12.946,4.448e-05,1
12.947,-4.5487e-05,1
12.947,-0.00010474,1
12.948,-0.00010826,1
12.948,-7.5364e-05,1
12.949,-5.1194e-05,1
12.949,-5.3208e-05,1
12.95,-5.5558e-05,1
12.95,-3.2731e-05,1
12.951,9.9031e-06,1
12.951,5.4215e-05,1
12.952,8.8457e-05,1
12.952,0.00010558,1
12.953,0.00010457,1
12.953,8.9799e-05,1
12.954,6.7308e-05,1
12.954,4.5487e-05,1
12.955,2.6856e-05,1
12.955,8.896e-06,1
12.956,-7.7211e-06,1
12.956,-1.8967e-05,1
12.957,-2.8367e-05,1
12.957,-3.4241e-05,1
12.958,-2.9709e-05,1
12.958,-1.7792e-05,1
12.959,-1.091e-05,1
12.959,-1.2253e-05,1
12.96,-1.5274e-05,1
12.961,-1.326e-05,1
12.961,-1.5106e-05,1
12.962,-2.8534e-05,1
12.962,-4.3809e-05,1
12.963,-4.4984e-05,1
12.963,-2.3667e-05,1
12.964,1.7624e-05,1
12.964,5.8244e-05,1
12.965,7.6707e-05,1
12.965,7.7043e-05,1
12.966,6.9154e-05,1
12.966,6.3615e-05,1
12.967,6.4118e-05,1
12.967,6.6133e-05,1
12.968,7.4357e-05,1
12.968,7.7714e-05,1
12.969,5.7908e-05,1
12.969,2.4002e-05,1
12.97,-5.0355e-06,1
12.97,-2.5681e-05,1
12.971,-3.0884e-05,1
12.971,-3.2898e-05,1
12.972,-4.0787e-05,1
12.972,-3.7766e-05,1
12.973,-1.0742e-05,1
12.973,2.9374e-05,1
12.974,6.865e-05,1
12.975,0.00010121,1
12.975,0.00013008,1
12.976,0.00015157,1
12.976,0.00014553,1
12.977,0.00012572,1
12.977,0.00012471,1
12.978,0.00012874,1
12.978,0.00011632,1
12.979,8.7617e-05,1
12.979,5.2537e-05,1
12.98,1.7121e-05,1
12.98,-1.1917e-05,1
12.981,-3.0045e-05,1
12.981,-4.5319e-05,1
12.982,-6.1936e-05,1
12.982,-6.7979e-05,1
12.983,-6.1936e-05,1
12.983,-5.8076e-05,1
12.984,-6.5797e-05,1
12.984,-9.752e-05,1
12.985,-0.00015056,1
12.985,-0.00023264,1
12.986,-0.00032445,1
12.986,-0.00034728,1
12.987,-0.00027175,1
12.988,-0.00014049,1
12.988,-1.1749e-05,1
12.989,8.3925e-05,1
12.989,0.00014385,1
12.99,0.00019017,1
12.99,0.00023381,1
12.991,0.00027292,1
12.991,0.00029844,1
12.992,0.00029122,1
12.992,0.00024271,1
12.993,0.00017641,1
12.993,0.00012807,1
12.994,0.00010776,1
12.994,0.00010071,1
12.995,9.8527e-05,1
12.995,9.2988e-05,1
12.996,8.1071e-05,1
12.996,6.9322e-05,1
12.997,5.9586e-05,1
12.997,5.3208e-05,1
12.998,5.0355e-05,1
12.998,4.9012e-05,1
12.999,4.4144e-05,1
12.999,3.9109e-05,1
13,3.9277e-05,1
13.001,4.2466e-05,1
13.001,4.0116e-05,1
13.002,2.4674e-05,1
13.002,-4.1962e-06,1
13.003,-3.4241e-05,1
13.003,-5.2537e-05,1
13.004,-5.7908e-05,1
13.004,-5.9586e-05,1
13.005,-5.9251e-05,1
13.005,-5.0019e-05,1
13.006,-3.0381e-05,1
13.006,-6.714e-06,1
13.007,8.2246e-06,1
13.007,-1.6785e-07,1
13.008,-2.8199e-05,1
13.008,-5.5558e-05,1
13.009,-7.2847e-05,1
13.009,-7.8386e-05,1
13.01,-6.6468e-05,1
13.01,-4.3641e-05,1
13.011,-3.0381e-05,1
13.011,-3.6423e-05,1
13.012,-4.6662e-05,1
13.012,-3.508e-05,1
13.013,-2.8534e-06,1
13.013,2.887e-05,1
13.014,4.8844e-05,1
13.015,6.6133e-05,1
13.015,7.8889e-05,1
13.016,7.2847e-05,1
13.016,4.4816e-05,1
13.017,8.896e-06,1
13.017,-1.7792e-05,1
13.018,-3.8773e-05,1
13.018,-7.9896e-05,1
13.019,-0.00014217,1
13.019,-0.0001942,1
13.02,-0.00021149,1
13.02,-0.00020243,1
13.021,-0.00017792,1
13.021,-0.00013445,1
13.022,-6.9322e-05,1
13.022,1.796e-05,1
13.023,0.00011028,1
13.023,0.00017406,1
13.024,0.00021048,1
13.024,0.00023751,1
13.025,0.00024204,1
13.025,0.00021334,1
13.026,0.00016298,1
13.026,0.00011246,1
13.027,7.9225e-05,1
13.027,5.7572e-05,1
13.028,4.213e-05,1
13.029,3.2563e-05,1
13.029,2.1317e-05,1
13.03,1.326e-05,1
13.03,1.4771e-05,1
13.031,2.8702e-05,1
13.031,5.3544e-05,1
13.032,8.6107e-05,1
13.032,0.000118,1
13.033,0.00012404,1
13.033,0.00010037,1
13.034,6.4286e-05,1
13.034,4.0787e-05,1
13.035,4.3473e-05,1
13.035,5.4887e-05,1
13.036,5.7404e-05,1
13.036,5.153e-05,1
13.037,3.5416e-05,1
13.037,-9.2317e-06,1
13.038,-6.8315e-05,1
13.038,-0.00010675,1
13.039,-0.00011833,1
13.039,-0.00011901,1
13.04,-0.00013159,1
13.04,-0.0001279,1
13.041,-8.7114e-05,1
13.042,-3.1052e-05,1
13.042,2.031e-05,1
13.043,5.8412e-05,1
13.043,8.7449e-05,1
13.044,0.00011598,1
13.044,0.00012807,1
13.045,0.00011229,1
13.045,9.9199e-05,1
13.046,0.00011531,1
13.046,0.00012522,1
13.047,8.7617e-05,1
13.047,3.3906e-05,1
13.048,9.9031e-06,1
13.048,1.0071e-06,1
13.049,-2.4338e-05,1
13.049,-4.9516e-05,1
13.05,-4.8173e-05,1
13.05,-2.6352e-05,1
13.051,6.0426e-06,1
13.051,5.0858e-05,1
13.052,9.1142e-05,1
13.052,0.00011095,1
13.053,0.00011263,1
13.053,0.00010105,1
13.054,8.04e-05,1
13.055,6.8818e-05,1
13.055,8.7282e-05,1
13.056,0.00011313,1
13.056,9.987e-05,1
13.057,3.0213e-05,1
13.057,-7.0665e-05,1
13.058,-0.00015895,1
13.058,-0.00020159,1
13.059,-0.00018984,1
13.059,-0.0001368,1
13.06,-6.8315e-05,1
13.06,5.0355e-07,1
13.061,5.7572e-05,1
13.061,8.9799e-05,1
13.062,9.7856e-05,1
13.062,0.00010188,1
13.063,0.00010826,1
13.063,9.3156e-05,1
13.064,5.069e-05,1
13.064,5.7069e-06,1
13.065,-1.5106e-05,1
13.065,-1.2924e-05,1
13.066,1.6785e-07,1
13.066,1.4603e-05,1
13.067,2.4674e-05,1
13.067,3.0045e-05,1
13.068,3.743e-05,1
13.069,5.623e-05,1
13.069,8.1743e-05,1
13.07,9.2485e-05,1
13.07,7.335e-05,1
13.071,3.0045e-05,1
13.071,-1.9638e-05,1
13.072,-5.9586e-05,1
13.072,-7.9393e-05,1
13.073,-7.2511e-05,1
13.073,-5.0019e-05,1
13.074,-3.3234e-05,1
13.074,-3.1388e-05,1
13.075,-3.6927e-05,1
13.075,-3.2059e-05,1
13.076,-3.0213e-06,1
13.076,4.3473e-05,1
13.077,7.57e-05,1
13.077,6.2943e-05,1
13.078,1.7624e-05,1
13.078,-4.3305e-05,1
13.079,-0.00010172,1
13.079,-0.00013512,1
13.08,-0.00014049,1
13.08,-0.00014452,1
13.081,-0.0001613,1
13.082,-0.00016231,1
13.082,-0.00011632,1
13.083,-3.0716e-05,1
13.083,7.0497e-05,1
13.084,0.00017574,1
13.084,0.00027175,1
13.085,0.0002798,1
13.085,0.0001697,1
13.086,3.3066e-05,1
13.086,-6.3447e-05,1
13.087,-0.00010306,1
13.087,-0.0001044,1
13.088,-9.1981e-05,1
13.088,-7.7546e-05,1
13.089,-6.4118e-05,1
13.089,-4.1459e-05,1
13.09,-4.8676e-06,1
13.09,5.5558e-05,1
13.091,0.00013344,1
13.091,0.00019437,1
13.092,0.00021468,1
13.092,0.00019924,1
13.093,0.0001702,1
13.093,0.00014737,1
13.094,0.00012941,1
13.094,0.00010709,1
13.095,7.7379e-05,1
13.096,3.2395e-05,1
13.096,-1.561e-05,1
13.097,-4.3473e-05,1
13.097,-4.3473e-05,1
13.098,-1.9303e-05,1
13.098,1.6617e-05,1
13.099,4.9012e-05,1
13.099,7.6371e-05,1
13.1,0.00010188,1
13.1,0.00012068,1
13.101,0.00013243,1
13.101,0.00012992,1
13.102,0.00010054,1
13.102,6.1097e-05,1
13.103,3.7095e-05,1
13.103,3.0045e-05,1
13.104,2.8031e-05,1
13.104,2.266e-05,1
13.105,1.4267e-05,1
13.105,1.9303e-05,1
13.106,3.2395e-05,1
13.106,3.0716e-05,1
13.107,-6.8818e-06,1
13.107,-7.2343e-05,1
13.108,-0.00013159,1
13.108,-0.00016684,1
13.109,-0.00018564,1
13.11,-0.00020713,1
13.11,-0.00020192,1
13.111,-0.00012992,1
13.111,-3.7095e-05,1
13.112,2.1653e-05,1
13.112,6.6636e-05,1
13.113,0.00010927,1
13.113,0.0001368,1
13.114,0.00014385,1
13.114,0.00014183,1
13.115,0.00014083,1
13.115,0.00014015,1
13.116,0.00013109,1
13.116,0.00010188,1
13.117,4.6662e-05,1
13.117,-1.4099e-05,1
13.118,-4.5151e-05,1
13.118,-4.7669e-05,1
13.119,-4.1962e-05,1
13.119,-2.6688e-05,1
13.12,2.3499e-06,1
13.12,4.448e-05,1
13.121,0.00010272,1
13.121,0.00015996,1
13.122,0.00019051,1
13.123,0.00019034,1
13.123,0.00016298,1
13.124,0.00010306,1
13.124,2.0645e-05,1
13.125,-6.5629e-05,1
13.125,-0.00013982,1
13.126,-0.00019118,1
13.126,-0.00023616,1
13.127,-0.00026571,1
13.127,-0.00026268,1
13.128,-0.00023684,1
13.128,-0.0002036,1
13.129,-0.00016097,1
13.129,-0.00010004,1
13.13,-2.266e-05,1
13.13,7.0665e-05,1
13.131,0.00017255,1
13.131,0.00026101,1
13.132,0.00031724,1
13.132,0.00032731,1
13.133,0.00027829,1
13.133,0.00016751,1
13.134,4.2802e-05,1
13.134,-1.8296e-05,1
13.135,-3.6927e-06,1
13.136,3.5248e-05,1
13.136,4.7333e-05,1
13.137,2.8199e-05,1
13.137,4.0284e-06,1
13.138,-1.8463e-06,1
13.138,1.2589e-05,1
13.139,3.4745e-05,1
13.139,6.3447e-05,1
13.14,9.1142e-05,1
13.14,9.9199e-05,1
13.141,8.7449e-05,1
13.141,7.4022e-05,1
13.142,6.2272e-05,1
13.142,4.9516e-05,1
13.143,4.1459e-05,1
13.143,2.9206e-05,1
13.144,-3.0213e-06,1
13.144,-3.6423e-05,1
13.145,-6.1097e-05,1
13.145,-8.7617e-05,1
13.146,-0.00011196,1
13.146,-0.00012505,1
13.147,-0.0001227,1
13.147,-0.00010407,1
13.148,-8.9464e-05,1
13.148,-9.601e-05,1
13.149,-0.00010776,1
13.15,-0.00010155,1
13.15,-5.9586e-05,1
13.151,3.357e-07,1
13.151,3.9445e-05,1
13.152,5.9419e-05,1
13.152,8.5771e-05,1
13.153,0.00011666,1
13.153,0.00013378,1
13.154,0.00014553,1
13.154,0.00016399,1
13.155,0.00018212,1
13.155,0.00017675,1
13.156,0.0001415,1
13.156,9.5171e-05,1
13.157,5.9419e-05,1
13.157,4.1962e-05,1
13.158,2.8367e-05,1
13.158,1.2589e-05,1
13.159,3.6927e-06,1
13.159,-2.182e-06,1
13.16,-6.714e-06,1
13.16,-1.0742e-05,1
13.161,-1.561e-05,1
13.161,-1.9135e-05,1
13.162,-2.3163e-05,1
13.162,-3.1556e-05,1
13.163,-4.6494e-05,1
13.164,-6.3951e-05,1
13.164,-7.0497e-05,1
13.165,-6.0929e-05,1
13.165,-3.0716e-05,1
13.166,5.6565e-05,1
13.166,0.00017641,1
13.167,0.00021468,1
13.167,0.00013277,1
13.168,-1.7288e-05,1
13.168,-0.00013931,1
13.169,-0.00017591,1
13.169,-0.00015325,1
13.17,-0.00012874,1
13.17,-0.00012085,1
13.171,-0.00011582,1
13.171,-0.0001378,1
13.172,-0.00020243,1
13.172,-0.00026168,1
13.173,-0.0002558,1
13.173,-0.00017372,1
13.174,-7.6036e-05,1
13.174,-1.4267e-05,1
13.175,1.7792e-05,1
13.175,5.5558e-05,1
13.176,0.00012505,1
13.177,0.00022358,1
13.177,0.0003409,1
13.178,0.0004537,1
13.178,0.00051244,1
13.179,0.00048861,1
13.179,0.00040066,1
13.18,0.00028434,1
13.18,0.00017003,1
13.181,7.7379e-05,1
13.181,1.2589e-05,1
13.182,-2.6017e-05,1
13.182,-4.4312e-05,1
13.183,-4.918e-05,1
13.183,-4.8508e-05,1
13.184,-4.9516e-05,1
13.184,-5.0187e-05,1
13.185,-3.7766e-05,1
13.185,-2.8534e-06,1
13.186,3.7766e-05,1
13.186,5.0187e-05,1
13.187,2.266e-05,1
13.187,-3.1388e-05,1
13.188,-8.2918e-05,1
13.188,-0.0001044,1
13.189,-9.4499e-05,1
13.19,-6.2104e-05,1
13.19,-2.4674e-05,1
13.191,3.6927e-06,1
13.191,1.6449e-05,1
13.192,1.8631e-05,1
13.192,3.0381e-05,1
13.193,5.4047e-05,1
13.193,6.7308e-05,1
13.194,5.7237e-05,1
13.194,2.9206e-05,1
13.195,-2.182e-06,1
13.195,-3.2059e-05,1
13.196,-7.0161e-05,1
13.196,-0.00010759,1
13.197,-0.00011968,1
13.197,-0.00010054,1
13.198,-6.0929e-05,1
13.198,-1.2085e-05,1
13.199,2.6688e-05,1
13.199,4.1459e-05,1
13.2,3.2898e-05,1
13.2,1.5778e-05,1
13.201,1.4939e-05,1
13.201,4.0787e-05,1
13.202,7.7379e-05,1
13.202,9.9199e-05,1
13.203,9.752e-05,1
13.204,7.9393e-05,1
13.204,5.5894e-05,1
13.205,3.7934e-05,1
13.205,2.5849e-05,1
13.206,1.4603e-05,1
13.206,1.3428e-06,1
13.207,-1.1582e-05,1
13.207,-2.1653e-05,1
13.208,-2.9206e-05,1
13.208,-4.1123e-05,1
13.209,-6.0594e-05,1
13.209,-8.2414e-05,1
13.21,-9.4667e-05,1
13.21,-7.7882e-05,1
13.211,-3.2563e-05,1
13.211,2.6017e-05,1
13.212,8.8289e-05,1
13.212,0.0001373,1
13.213,0.00015727,1
13.213,0.00014536,1
13.214,0.00011447,1
13.214,8.5435e-05,1
13.215,7.1839e-05,1
13.215,6.7811e-05,1
13.216,6.1601e-05,1
13.216,5.069e-05,1
13.217,3.743e-05,1
13.218,2.8702e-05,1
13.218,3.0549e-05,1
13.219,3.5416e-05,1
13.219,3.1388e-05,1
13.22,1.1582e-05,1
13.22,-2.3667e-05,1
13.221,-5.7069e-05,1
13.221,-7.0329e-05,1
13.222,-6.5293e-05,1
13.222,-5.4719e-05,1
13.223,-4.7837e-05,1
13.223,-4.8844e-05,1
13.224,-5.2873e-05,1
13.224,-5.1026e-05,1
13.225,-4.2298e-05,1
13.225,-2.5177e-05,1
13.226,-2.8534e-06,1
13.226,2.031e-05,1
13.227,4.1459e-05,1
13.227,6.009e-05,1
13.228,7.8721e-05,1
13.228,0.0001039,1
13.229,0.00013327,1
13.229,0.00016231,1
13.23,0.00018296,1
13.231,0.0001796,1
13.231,0.00015593,1
13.232,0.00013411,1
13.232,0.00012555,1
13.233,0.00011397,1
13.233,8.4428e-05,1
13.234,4.2634e-05,1
13.234,1.8463e-06,1
13.235,-2.031e-05,1
13.235,-1.5778e-05,1
13.236,6.8818e-06,1
13.236,2.2995e-05,1
13.237,2.4842e-05,1
13.237,5.7237e-05,1
13.238,0.00014133,1
13.238,0.00017658,1
13.239,0.00013378,1
13.239,7.7043e-05,1
13.24,5.0858e-05,1
13.24,4.3473e-05,1
13.241,3.1556e-05,1
13.241,9.0639e-06,1
13.242,-1.8967e-05,1
13.242,-4.3473e-05,1
13.243,-6.1097e-05,1
13.243,-7.4693e-05,1
13.244,-8.5603e-05,1
13.245,-9.2317e-05,1
13.245,-9.6345e-05,1
13.246,-0.00010491,1
13.246,-0.00011145,1
13.247,-0.00010675,1
13.247,-8.896e-05,1
13.248,-6.63e-05,1
13.248,-4.6326e-05,1
13.249,-2.7024e-05,1
13.249,-7.8889e-06,1
13.25,1.4099e-05,1
13.25,4.8676e-05,1
13.251,8.7449e-05,1
13.251,0.00010054,1
13.252,5.6901e-05,1
13.252,-3.9109e-05,1
13.253,-0.00011128,1
13.253,-0.00012169,1
13.254,-0.0001086,1
13.254,-0.00012035,1
13.255,-0.00016365,1
13.255,-0.00018614,1
13.256,-0.00015845,1
13.256,-0.00010138,1
13.257,-3.508e-05,1
13.258,4.683e-05,1
13.258,0.00015291,1
13.259,0.00025077,1
13.259,0.00029995,1
13.26,0.00030599,1
13.26,0.00029894,1
13.261,0.00028299,1
13.261,0.00024137,1
13.262,0.0001801,1
13.262,0.00013075,1
13.263,0.00012169,1
13.263,0.00015157,1
13.264,0.00018648,1
13.264,0.00019521,1
13.265,0.0001796,1
13.265,0.00015392,1
13.266,0.00013596,1
13.266,0.00012454,1
13.267,0.0001039,1
13.267,7.2343e-05,1
13.268,2.4002e-05,1
13.268,-3.8437e-05,1
13.269,-0.00010373,1
13.269,-0.00015996,1
13.27,-0.00020226,1
13.271,-0.00022576,1
13.271,-0.0002318,1
13.272,-0.00022542,1
13.272,-0.00020914,1
13.273,-0.00018581,1
13.273,-0.0001472,1
13.274,-9.0135e-05,1
13.274,-3.9612e-05,1
13.275,-1.561e-05,1
13.275,-2.5345e-05,1
13.276,-6.0929e-05,1
13.276,-0.00010323,1
13.277,-0.00012555,1
13.277,-0.00013579,1
13.278,-0.00017406,1
13.278,-0.00023113,1
13.279,-0.00026654,1
13.279,-0.00027175,1
13.28,-0.00025798,1
13.28,-0.00023096,1
13.281,-0.00019017,1
13.281,-0.00014099,1
13.282,-8.3253e-05,1
13.282,-4.1962e-06,1
13.283,9.5171e-05,1
13.283,0.00020444,1
13.284,0.00030431,1
13.285,0.0003602,1
13.285,0.00035634,1
13.286,0.00030196,1
13.286,0.00021971,1
13.287,0.00013848,1
13.287,7.4861e-05,1
13.288,3.3402e-05,1
13.288,1.5946e-05,1
13.289,2.266e-05,1
13.289,4.6159e-05,1
13.29,7.2679e-05,1
13.29,9.0974e-05,1
13.291,0.00010088,1
13.291,0.00011179,1
13.292,0.0001274,1
13.292,0.00014401,1
13.293,0.0001514,1
13.293,0.0001378,1
13.294,0.00010188,1
13.294,5.8915e-05,1
13.295,2.3331e-05,1
13.295,-1.0071e-05,1
13.296,-3.9612e-05,1
13.296,-5.388e-05,1
13.297,-5.1698e-05,1
13.297,-3.1556e-05,1
13.298,2.3499e-06,1
13.299,3.1724e-05,1
13.299,5.7069e-05,1
13.3,7.2679e-05,1
13.3,6.9657e-05,1
13.301,5.6901e-05,1
13.301,5.153e-05,1
13.302,3.9109e-05,1
13.302,-5.0355e-07,1
13.303,-5.2873e-05,1
13.303,-9.6178e-05,1
13.304,-0.00014569,1
13.304,-0.00019303,1
13.305,-0.00020679,1
13.305,-0.00018061,1
13.306,-0.00012337,1
13.306,-5.4215e-05,1
13.307,1.5778e-05,1
13.307,8.51e-05,1
13.308,0.00015526,1
13.308,0.00022391,1
13.309,0.0002741,1
13.309,0.00028853,1
13.31,0.00027477,1
13.31,0.00025093,1
13.311,0.00021569,1
13.312,0.00016097,1
13.312,9.0974e-05,1
13.313,1.1246e-05,1
13.313,-7.3854e-05,1
13.314,-0.00015039,1
13.314,-0.0001937,1
13.315,-0.00019554,1
13.315,-0.00018262,1
13.316,-0.00016735,1
13.316,-0.00012522,1
13.317,-4.2466e-05,1
13.317,5.4383e-05,1
13.318,0.00013075,1
13.318,0.00017272,1
13.319,0.00018413,1
13.319,0.00016231,1
13.32,0.000118,1
13.32,8.3085e-05,1
13.321,6.8315e-05,1
13.321,7.3854e-05,1
13.322,9.8527e-05,1
13.322,0.00010591,1
13.323,8.1407e-05,1
13.323,6.8986e-05,1
13.324,8.6275e-05,1
13.325,9.3324e-05,1
13.325,7.1168e-05,1
13.326,4.9516e-05,1
13.326,6.5629e-05,1
13.327,0.00010423,1
13.327,0.00012874,1
13.328,0.00011498,1
13.328,5.6901e-05,1
13.329,-1.7624e-05,1
13.329,-7.2343e-05,1
13.33,-0.00010121,1
13.33,-0.00011044,1
13.331,-9.3156e-05,1
13.331,-5.623e-05,1
13.332,-2.8367e-05,1
13.332,-1.5274e-05,1
13.333,1.1749e-06,1
13.333,1.796e-05,1
13.334,2.7359e-05,1
13.334,3.6927e-05,1
13.335,3.9612e-05,1
13.335,2.4674e-05,1
13.336,-5.539e-06,1
13.336,-3.7766e-05,1
13.337,-5.539e-05,1
13.337,-5.3208e-05,1
13.338,-4.4648e-05,1
13.339,-3.8773e-05,1
13.339,-3.7934e-05,1
13.34,-4.3137e-05,1
13.34,-5.7404e-05,1
13.341,-6.4622e-05,1
13.341,-5.2873e-05,1
13.342,-3.2731e-05,1
13.342,-1.6785e-05,1
13.343,-3.1891e-06,1
13.343,6.0426e-06,1
13.344,-1.0071e-06,1
13.344,-2.8199e-05,1
13.345,-6.3111e-05,1
13.345,-8.5267e-05,1
13.346,-8.6946e-05,1
13.346,-7.4693e-05,1
13.347,-6.4118e-05,1
13.347,-7.1672e-05,1
13.348,-9.8527e-05,1
13.348,-0.00015023,1
13.349,-0.00021938,1
13.349,-0.00026436,1
13.35,-0.00027007,1
13.35,-0.00023952,1
13.351,-0.00018799,1
13.351,-0.00013059,1
13.352,-7.1672e-05,1
13.353,1.2253e-05,1
13.353,0.00013747,1
13.354,0.00028383,1
13.354,0.00041744,1
13.355,0.00050942,1
13.355,0.000544,1
13.356,0.00053494,1
13.356,0.00050103,1
13.357,0.00044228,1
13.357,0.0003644,1
13.358,0.00027813,1
13.358,0.00019252,1
13.359,0.00012068,1
13.359,6.4622e-05,1
13.36,2.7024e-05,1
13.36,1.8128e-05,1
13.361,3.0045e-05,1
13.361,4.3977e-05,1
13.362,5.4047e-05,1
13.362,6.1265e-05,1
13.363,6.6972e-05,1
13.363,6.3447e-05,1
13.364,3.743e-05,1
13.364,-6.3783e-06,1
13.365,-4.4312e-05,1
13.366,-7.4357e-05,1
13.366,-0.00011968,1
13.367,-0.00017272,1
13.367,-0.00020444,1
13.368,-0.00019152,1
13.368,-0.00014368,1
13.369,-9.987e-05,1
13.369,-7.9728e-05,1
13.37,-8.9296e-05,1
13.37,-0.00011263,1
13.371,-0.00011666,1
13.371,-8.7617e-05,1
13.372,-2.7695e-05,1
13.372,4.3809e-05,1
13.373,0.00010927,1
13.373,0.00015677,1
13.374,0.00018044,1
13.374,0.00018144,1
13.375,0.00014083,1
13.375,5.8244e-05,1
13.376,-1.3931e-05,1
13.376,-4.6326e-05,1
13.377,-5.4383e-05,1
13.377,-5.9586e-05,1
13.378,-6.5461e-05,1
13.379,-6.6636e-05,1
13.379,-6.2943e-05,1
13.38,-6.2608e-05,1
13.38,-8.9632e-05,1
13.381,-0.0001227,1
13.381,-0.00010625,1
13.382,-1.6114e-05,1
13.382,8.5771e-05,1
13.383,0.0001274,1
13.383,0.00012052,1
13.384,0.00010994,1
13.384,0.00010927,1
13.385,0.00011095,1
13.385,0.00012337,1
13.386,0.00015224,1
13.386,0.00015694,1
13.387,9.1142e-05,1
13.387,6.8818e-06,1
13.388,-3.743e-05,1
13.388,-4.7501e-05,1
13.389,-3.8605e-05,1
13.389,-1.4267e-05,1
13.39,1.3092e-05,1
13.39,2.1149e-05,1
13.391,5.0355e-06,1
13.391,-1.4939e-05,1
13.392,-1.1246e-05,1
13.393,1.4435e-05,1
13.393,3.2898e-05,1
13.394,3.0716e-05,1
13.394,1.4939e-05,1
13.395,5.2033e-06,1
13.395,1.3931e-05,1
13.396,3.6088e-05,1
13.396,5.4215e-05,1
13.397,5.4383e-05,1
13.397,3.6088e-05,1
13.398,1.1414e-05,1
13.398,-9.7353e-06,1
13.399,-2.3331e-05,1
13.399,-3.1891e-05,1
13.4,-3.7766e-05,1
13.4,-4.2802e-05,1
13.401,-4.6159e-05,1
13.401,-5.0355e-05,1
13.402,-5.5894e-05,1
13.402,-5.4887e-05,1
13.403,-4.4816e-05,1
13.403,-3.1556e-05,1
13.404,-1.6953e-05,1
13.404,0,1
13.405,2.5345e-05,1
13.405,5.0858e-05,1
13.406,6.949e-05,1
13.407,7.2847e-05,1
13.407,5.1698e-05,1
13.408,2.5177e-05,1
13.408,1.2757e-05,1
13.409,1.2421e-05,1
13.409,1.2421e-05,1
13.41,6.2104e-06,1
13.41,6.714e-07,1
13.411,1.1749e-06,1
13.411,-2.6856e-06,1
13.412,-1.7456e-05,1
13.412,-2.9038e-05,1
13.413,-2.9709e-05,1
13.413,-2.9206e-05,1
13.414,-3.3066e-05,1
13.414,-2.1653e-05,1
13.415,2.8031e-05,1
13.415,8.4428e-05,1
13.416,8.8792e-05,1
13.416,4.2466e-05,1
13.417,-2.182e-06,1
13.417,-2.7024e-05,1
13.418,-3.9612e-05,1
13.418,-4.8508e-05,1
13.419,-5.0355e-05,1
13.42,-3.2563e-05,1
13.42,1.1582e-05,1
13.421,7.0329e-05,1
13.421,0.00012136,1
13.422,0.0001697,1
13.422,0.00024254,1
13.423,0.00032546,1
13.423,0.00035232,1
13.424,0.00029055,1
13.424,0.00019118,1
13.425,0.00010239,1
13.425,2.8031e-05,1
13.426,-5.2873e-05,1
13.426,-0.00015123,1
13.427,-0.00021904,1
13.427,-0.00021804,1
13.428,-0.00016634,1
13.428,-0.00010776,1
13.429,-6.3951e-05,1
13.429,-3.3066e-05,1
13.43,-6.2104e-06,1
13.43,2.1317e-05,1
13.431,4.448e-05,1
13.431,5.8244e-05,1
13.432,6.4118e-05,1
13.432,6.0929e-05,1
13.433,4.5487e-05,1
13.434,2.8031e-05,1
13.434,1.7624e-05,1
13.435,3.1891e-06,1
13.435,-3.3906e-05,1
13.436,-8.2414e-05,1
13.436,-0.00011951,1
13.437,-0.0001467,1
13.437,-0.00017389,1
13.438,-0.00019084,1
13.438,-0.00018262,1
13.439,-0.00015056,1
13.439,-9.9702e-05,1
13.44,-2.031e-05,1
13.44,9.6178e-05,1
13.441,0.00023247,1
13.441,0.00033234,1
13.442,0.00036104,1
13.442,0.00034694,1
13.443,0.00031455,1
13.443,0.00026571,1
13.444,0.00020528,1
13.444,0.00014083,1
13.445,8.5771e-05,1
13.445,5.3208e-05,1
13.446,4.0116e-05,1
13.447,3.6591e-05,1
13.447,3.9612e-05,1
13.448,4.1794e-05,1
13.448,3.1388e-05,1
13.449,2.182e-06,1
13.449,-3.7263e-05,1
13.45,-6.5797e-05,1
13.45,-7.3686e-05,1
13.451,-8.2246e-05,1
13.451,-0.00010927,1
13.452,-0.00013915,1
13.452,-0.00013747,1
13.453,-0.00010558,1
13.453,-6.8818e-05,1
13.454,-4.3977e-05,1
13.454,-4.4984e-05,1
13.455,-6.8986e-05,1
13.455,-9.0303e-05,1
13.456,-8.426e-05,1
13.456,-4.7166e-05,1
13.457,-4.1962e-06,1
13.457,9.7353e-06,1
13.458,-9.9031e-06,1
13.458,-5.774e-05,1
13.459,-0.00010222,1
13.46,-0.00011347,1
13.46,-0.00010121,1
13.461,-7.5532e-05,1
13.461,-4.2298e-05,1
13.462,-1.7624e-05,1
13.462,2.5177e-06,1
13.463,3.7598e-05,1
13.463,9.0806e-05,1
13.464,0.00013814,1
13.464,0.00016097,1
13.465,0.00017406,1
13.465,0.0001942,1
13.466,0.00021938,1
13.466,0.00023465,1
13.467,0.00022206,1
13.467,0.00017372,1
13.468,9.9535e-05,1
13.468,2.1149e-05,1
13.469,-4.2634e-05,1
13.469,-8.04e-05,1
13.47,-8.7114e-05,1
13.47,-6.8315e-05,1
13.471,-3.2898e-05,1
13.471,1.4939e-05,1
13.472,6.3615e-05,1
13.472,0.00010021,1
13.473,0.0001237,1
13.474,0.00014049,1
13.474,0.00015895,1
13.475,0.00015123,1
13.475,9.0974e-05,1
13.476,2.4674e-05,1
13.476,-3.6927e-05,1
13.477,-9.0639e-05,1
13.477,-0.00010994,1
13.478,-8.9128e-05,1
13.478,-3.4913e-05,1
13.479,3.8102e-05,1
13.479,0.00010054,1
13.48,0.00012924,1
13.48,0.00012992,1
13.481,0.00012136,1
13.481,0.00011263,1
13.482,9.3156e-05,1
13.482,5.153e-05,1
13.483,1.6785e-07,1
13.483,-3.3402e-05,1
13.484,-3.8437e-05,1
13.484,-2.9541e-05,1
13.485,-2.3331e-05,1
13.485,-1.9303e-05,1
13.486,-1.1582e-05,1
13.486,-3.357e-06,1
13.487,-4.1962e-06,1
13.488,-1.2253e-05,1
13.488,-1.6281e-05,1
13.489,-8.5603e-06,1
13.489,1.0071e-05,1
13.49,4.3809e-05,1
13.49,8.3085e-05,1
13.491,9.7185e-05,1
13.491,7.1336e-05,1
13.492,1.091e-05,1
13.492,-5.6901e-05,1
13.493,-0.00010759,1
13.493,-0.00013663,1
13.494,-0.00014989,1
13.494,-0.0001519,1
13.495,-0.00015828,1
13.495,-0.0001749,1
13.496,-0.00019924,1
13.496,-0.00022055,1
13.497,-0.00020696,1
13.497,-0.00014603,1
13.498,-6.6636e-05,1
13.498,2.8534e-06,1
13.499,5.2369e-05,1
13.499,9.0135e-05,1
13.5,0.00013646,1
13.501,0.00020024,1
13.501,0.00027041,1
13.502,0.00032613,1
13.502,0.00033553,1
13.503,0.00029256,1
13.503,0.00022945,1
13.504,0.00016869,1
13.504,0.00011598,1
13.505,7.8386e-05,1
13.505,5.623e-05,1
13.506,4.1291e-05,1
13.506,2.8031e-05,1
13.507,1.7121e-05,1
13.507,9.0639e-06,1
13.508,-2.182e-06,1
13.508,-1.8967e-05,1
13.509,-3.2059e-05,1
13.509,-3.2563e-05,1
13.51,-1.6281e-05,1
13.51,1.5274e-05,1
13.511,4.2466e-05,1
13.511,4.6662e-05,1
13.512,2.9374e-05,1
13.512,8.3925e-06,1
13.513,-5.7069e-06,1
13.514,-1.5106e-05,1
13.514,-1.8296e-05,1
13.515,-1.2924e-05,1
13.515,-3.1891e-06,1
13.516,8.7282e-06,1
13.516,1.6953e-05,1
13.517,1.326e-05,1
13.517,-1.5106e-06,1
13.518,-1.6449e-05,1
13.518,-2.652e-05,1
13.519,-2.7024e-05,1
13.519,-1.7624e-05,1
13.52,-4.3641e-06,1
13.52,7.2175e-06,1
13.521,2.1317e-05,1
13.521,3.4745e-05,1
13.522,3.8773e-05,1
13.522,2.2995e-05,1
13.523,-5.8747e-06,1
13.523,-2.9877e-05,1
13.524,-4.0116e-05,1
13.524,-3.9445e-05,1
13.525,-3.4073e-05,1
13.525,-2.7695e-05,1
13.526,-2.3667e-05,1
13.526,-2.0813e-05,1
13.527,-2.0981e-05,1
13.528,-2.8031e-05,1
13.528,-3.9445e-05,1
13.529,-4.8341e-05,1
13.529,-5.7069e-05,1
13.53,-6.9322e-05,1
13.53,-7.7211e-05,1
13.531,-7.1336e-05,1
13.531,-5.6733e-05,1
13.532,-4.3137e-05,1
13.532,-2.7024e-05,1
13.533,-5.539e-06,1
13.533,1.8463e-06,1
13.534,-2.6352e-05,1
13.534,-4.7837e-05,1
13.535,-2.5345e-05,1
13.535,2.9374e-05,1
13.536,8.5771e-05,1
13.536,0.00012605,1
13.537,0.00015023,1
13.537,0.00016886,1
13.538,0.00018749,1
13.538,0.00020461,1
13.539,0.00022072,1
13.539,0.00023835,1
13.54,0.00025362,1
13.54,0.00026184,1
13.541,0.00024993,1
13.542,0.00021401,1
13.542,0.000166,1
13.543,0.00011867,1
13.543,7.9393e-05,1
13.544,4.6662e-05,1
13.544,1.7288e-05,1
13.545,-4.6998e-06,1
13.545,-8.5603e-06,1
13.546,-2.5177e-06,1
13.546,-2.8534e-06,1
13.547,-2.5345e-05,1
13.547,-6.4958e-05,1
13.548,-0.0001086,1
13.548,-0.00015123,1
13.549,-0.00019017,1
13.549,-0.00020629,1
13.55,-0.00018833,1
13.55,-0.00014368,1
13.551,-8.6946e-05,1
13.551,-3.0045e-05,1
13.552,2.3331e-05,1
13.552,7.9561e-05,1
13.553,0.00013512,1
13.553,0.00017507,1
13.554,0.00019219,1
13.555,0.00018849,1
13.555,0.00017171,1
13.556,0.00015224,1
13.556,0.00012706,1
13.557,9.7185e-05,1
13.557,6.5629e-05,1
13.558,3.0381e-05,1
13.558,-2.3499e-06,1
13.559,-2.031e-05,1
13.559,-2.6017e-05,1
13.56,-3.0213e-05,1
13.56,-4.3305e-05,1
13.561,-6.4286e-05,1
13.561,-8.6107e-05,1
13.562,-0.00010188,1
13.562,-0.00010356,1
13.563,-9.3828e-05,1
13.563,-7.1504e-05,1
13.564,-4.3137e-05,1
13.564,-2.1317e-05,1
13.565,-2.1653e-05,1
13.565,-3.8102e-05,1
13.566,-5.0858e-05,1
13.566,-4.9348e-05,1
13.567,-3.3738e-05,1
13.568,-9.2317e-06,1
13.568,1.1582e-05,1
13.569,2.3667e-05,1
13.569,4.0452e-05,1
13.57,6.1265e-05,1
13.57,7.1e-05,1
13.571,5.7908e-05,1
13.571,3.1388e-05,1
13.572,1.091e-05,1
13.572,6.0426e-06,1
13.573,1.2253e-05,1
13.573,1.6617e-05,1
13.574,1.3931e-05,1
13.574,9.0639e-06,1
13.575,6.5461e-06,1
13.575,2.8534e-06,1
13.576,-1.5106e-06,1
13.576,1.5106e-06,1
13.577,1.2924e-05,1
13.577,2.4002e-05,1
13.578,3.0381e-05,1
13.578,3.3066e-05,1
13.579,2.8702e-05,1
13.579,1.3596e-05,1
13.58,-4.1962e-06,1
13.58,-1.6449e-05,1
13.581,-2.4506e-05,1
13.582,-2.9206e-05,1
13.582,-3.1556e-05,1
13.583,-2.9038e-05,1
13.583,-2.3163e-05,1
13.584,-1.6785e-05,1
13.584,-1.326e-05,1
13.585,-6.0426e-06,1
13.585,1.5106e-05,1
13.586,4.683e-05,1
13.586,7.1672e-05,1
13.587,8.04e-05,1
13.587,7.1672e-05,1
13.588,5.2033e-05,1
13.588,3.5248e-05,1
13.589,2.8367e-05,1
13.589,2.9709e-05,1
13.59,3.3066e-05,1
13.59,3.4073e-05,1
13.591,3.1891e-05,1
13.591,2.182e-05,1
13.592,-8.3925e-07,1
13.592,-3.8102e-05,1
13.593,-7.2175e-05,1
13.593,-7.9561e-05,1
13.594,-5.8915e-05,1
13.595,-2.2995e-05,1
13.595,1.7624e-05,1
13.596,5.2201e-05,1
13.596,6.8986e-05,1
13.597,7.8721e-05,1
13.597,0.00011481,1
13.598,0.00017574,1
13.598,0.00022307,1
13.599,0.000236,1
13.599,0.00022005,1
13.6,0.0001843,1
13.6,0.00013747,1
13.601,9.6513e-05,1
13.601,7.4525e-05,1
13.602,7.1672e-05,1
13.602,7.4357e-05,1
13.603,7.335e-05,1
13.603,6.5461e-05,1
13.604,4.1291e-05,1
13.604,4.6998e-06,1
13.605,-2.2995e-05,1
13.605,-3.8605e-05,1
13.606,-5.0187e-05,1
13.606,-6.244e-05,1
13.607,-7.1336e-05,1
13.607,-7.8386e-05,1
13.608,-8.6442e-05,1
13.609,-9.9199e-05,1
13.609,-0.00011179,1
13.61,-0.00011397,1
13.61,-0.00010323,1
13.611,-8.2246e-05,1
13.611,-5.7237e-05,1
13.612,-3.1388e-05,1
13.612,1.0071e-06,1
13.613,4.2466e-05,1
13.613,8.2414e-05,1
13.614,0.00010927,1
13.614,0.00012673,1
13.615,0.0001514,1
13.615,0.00018447,1
13.616,0.00020259,1
13.616,0.00019689,1
13.617,0.00016735,1
13.617,0.00011263,1
13.618,4.4312e-05,1
13.618,-1.5946e-05,1
13.619,-5.1865e-05,1
13.619,-6.8315e-05,1
13.62,-8.0064e-05,1
13.62,-8.5435e-05,1
13.621,-8.4428e-05,1
13.621,-7.9728e-05,1
13.622,-6.865e-05,1
13.623,-5.0019e-05,1
13.623,-2.2492e-05,1
13.624,1.091e-05,1
13.624,3.4745e-05,1
13.625,3.5248e-05,1
13.625,9.2317e-06,1
13.626,-3.2395e-05,1
13.626,-6.7475e-05,1
13.627,-8.6107e-05,1
13.627,-9.5674e-05,1
13.628,-9.8192e-05,1
13.628,-8.7449e-05,1
13.629,-6.5126e-05,1
13.629,-3.592e-05,1
13.63,-7.2175e-06,1
13.63,1.8631e-05,1
13.631,4.6998e-05,1
13.631,7.3014e-05,1
13.632,8.8121e-05,1
13.632,9.5171e-05,1
13.633,7.7379e-05,1
13.633,4.5151e-05,1
13.634,3.743e-05,1
13.634,5.0858e-05,1
13.635,6.1601e-05,1
13.636,5.6565e-05,1
13.636,3.827e-05,1
13.637,2.182e-05,1
13.637,1.796e-05,1
13.638,3.6759e-05,1
13.638,8.1071e-05,1
13.639,0.00012874,1
13.639,0.00015862,1
13.64,0.00016432,1
13.64,0.00014418,1
13.641,0.00010558,1
13.641,7.5029e-05,1
13.642,5.7237e-05,1
13.642,3.743e-05,1
13.643,1.5442e-05,1
13.643,1.0071e-06,1
13.644,-1.561e-05,1
13.644,-4.3137e-05,1
13.645,-5.9419e-05,1
13.645,-5.0355e-05,1
13.646,-2.5849e-05,1
13.646,-9.5674e-06,1
13.647,-1.3931e-05,1
13.647,-2.7359e-05,1
13.648,-3.1388e-05,1
13.649,-2.1988e-05,1
13.649,-4.6998e-06,1
13.65,2.8534e-05,1
13.65,7.0665e-05,1
13.651,9.6513e-05,1
13.651,8.3757e-05,1
13.652,3.0045e-05,1
13.652,-2.8031e-05,1
13.653,-5.8412e-05,1
13.653,-7.1504e-05,1
13.654,-0.00010692,1
13.654,-0.00015492,1
13.655,-0.000166,1
13.655,-0.00012471,1
13.656,-5.8915e-05,1
13.656,-1.5106e-06,1
13.657,4.2466e-05,1
13.657,8.2078e-05,1
13.658,0.00011363,1
13.658,0.00012673,1
13.659,0.0001274,1
13.659,0.00013277,1
13.66,0.00014922,1
13.66,0.00015895,1
13.661,0.00014855,1
13.661,0.00012068,1
13.662,8.5771e-05,1
13.663,4.918e-05,1
13.663,1.4939e-05,1
13.664,-9.9031e-06,1
13.664,-1.6953e-05,1
13.665,-8.3925e-06,1
13.665,-7.8889e-06,1
13.666,-3.5248e-05,1
13.666,-8.3421e-05,1
13.667,-0.00012874,1
13.667,-0.00015258,1
13.668,-0.0001415,1
13.668,-9.7017e-05,1
13.669,-3.2059e-05,1
13.669,3.1891e-05,1
13.67,7.5029e-05,1
13.67,9.5171e-05,1
13.671,9.7017e-05,1
13.671,8.8289e-05,1
13.672,8.3421e-05,1
13.672,8.9464e-05,1
13.673,0.00010256,1
13.673,0.00010558,1
13.674,8.4428e-05,1
13.674,4.7501e-05,1
13.675,1.4267e-05,1
13.675,-4.5319e-06,1
13.676,-1.1582e-05,1
13.677,-1.561e-05,1
13.677,-1.796e-05,1
13.678,-1.796e-05,1
13.678,-1.4435e-05,1
13.679,-7.3854e-06,1
13.679,8.2246e-06,1
13.68,2.8534e-05,1
13.68,4.062e-05,1
13.681,4.9516e-05,1
13.681,5.8076e-05,1
13.682,6.2272e-05,1
13.682,5.9754e-05,1
13.683,5.2537e-05,1
13.683,4.5487e-05,1
13.684,3.743e-05,1
13.684,3.3066e-05,1
13.685,2.6688e-05,1
13.685,1.9974e-05,1
13.686,1.6449e-05,1
13.686,1.326e-05,1
13.687,-3.357e-07,1
13.687,-2.501e-05,1
13.688,-4.1123e-05,1
13.688,-5.304e-05,1
13.689,-7.2679e-05,1
13.69,-9.6345e-05,1
13.69,-0.00011514,1
13.691,-0.00012589,1
13.691,-0.00012958,1
13.692,-0.00012068,1
13.692,-0.00010692,1
13.693,-8.8121e-05,1
13.693,-4.7669e-05,1
13.694,6.3783e-06,1
13.694,5.5558e-05,1
13.695,7.6875e-05,1
13.695,9.0303e-05,1
13.696,0.000118,1
13.696,0.00013445,1
13.697,0.00012337,1
13.697,9.7017e-05,1
13.698,6.7979e-05,1
13.698,4.6159e-05,1
13.699,5.0523e-05,1
13.699,8.7785e-05,1
13.7,0.00013646,1
13.7,0.00017037,1
13.701,0.00018379,1
13.701,0.00017691,1
13.702,0.00015341,1
13.703,0.0001274,1
13.703,0.00011179,1
13.704,0.00010524,1
13.704,9.5506e-05,1
13.705,6.6972e-05,1
13.705,2.3667e-05,1
13.706,-1.5274e-05,1
13.706,-3.3738e-05,1
13.707,-2.5177e-05,1
13.707,-2.8534e-06,1
13.708,1.1917e-05,1
13.708,9.5674e-06,1
13.709,3.357e-06,1
13.709,5.0355e-07,1
13.71,-3.357e-07,1
13.71,2.5177e-06,1
13.711,5.539e-06,1
13.711,-6.714e-07,1
13.712,-1.0742e-05,1
13.712,-1.2757e-05,1
13.713,-5.8747e-06,1
13.713,-3.5248e-06,1
13.714,-9.2317e-06,1
13.714,-1.2589e-05,1
13.715,-8.7282e-06,1
13.715,-6.8818e-06,1
13.716,-1.5274e-05,1
13.717,-2.9709e-05,1
13.717,-3.3066e-05,1
13.718,-1.6281e-05,1
13.718,3.6927e-06,1
13.719,1.326e-05,1
13.719,1.1582e-05,1
13.72,-1.0407e-05,1
13.72,-5.0523e-05,1
13.721,-8.3925e-05,1
13.721,-9.4163e-05,1
13.722,-8.0232e-05,1
13.722,-5.0523e-05,1
13.723,-3.1052e-05,1
13.723,-5.9586e-05,1
13.724,-0.00013327,1
13.724,-0.0001994,1
13.725,-0.0002125,1
13.725,-0.00017557,1
13.726,-0.00011615,1
13.726,-5.5222e-05,1
13.727,2.182e-06,1
13.727,5.6733e-05,1
13.728,0.00010726,1
13.728,0.00015392,1
13.729,0.00019857,1
13.729,0.0002407,1
13.73,0.00025228,1
13.731,0.00021048,1
13.731,0.00015358,1
13.732,0.00011934,1
13.732,9.8192e-05,1
13.733,6.2608e-05,1
13.733,1.3092e-05,1
13.734,-3.1388e-05,1
13.734,-6.7475e-05,1
13.735,-9.5674e-05,1
13.735,-8.8792e-05,1
13.736,-2.2324e-05,1
13.736,7.57e-05,1
13.737,0.00014217,1
13.737,0.00014166,1
13.738,0.00010021,1
13.738,7.6875e-05,1
13.739,8.6946e-05,1
13.739,0.00011229,1
13.74,0.00013831,1
13.74,0.00016516,1
13.741,0.00017826,1
13.741,0.00015644,1
13.742,0.00010994,1
13.742,6.7475e-05,1
13.743,4.4144e-05,1
13.744,3.8773e-05,1
13.744,3.2731e-05,1
13.745,1.326e-05,1
13.745,-9.0639e-06,1
13.746,-2.031e-05,1
13.746,-2.1988e-05,1
13.747,-2.5513e-05,1
13.747,-3.1052e-05,1
13.748,-3.2395e-05,1
13.748,-3.3402e-05,1
13.749,-4.9348e-05,1
13.749,-7.6371e-05,1
13.75,-8.9464e-05,1
13.75,-7.9393e-05,1
13.751,-5.0523e-05,1
13.751,-2.4338e-05,1
13.752,-2.4842e-05,1
13.752,-4.7166e-05,1
13.753,-7.7379e-05,1
13.753,-9.7185e-05,1
13.754,-0.00010188,1
13.754,-9.752e-05,1
13.755,-8.5435e-05,1
13.755,-7.6204e-05,1
13.756,-8.2078e-05,1
13.757,-9.0974e-05,1
13.757,-8.0232e-05,1
13.758,-4.2466e-05,1
13.758,1.0407e-05,1
13.759,5.0523e-05,1
13.759,5.6733e-05,1
13.76,4.7333e-05,1
13.76,5.5558e-05,1
13.761,9.3828e-05,1
13.761,0.00015157,1
13.762,0.0002078,1
13.762,0.00025866,1
13.763,0.0002986,1
13.763,0.00030163,1
13.764,0.00025731,1
13.764,0.00018094,1
13.765,9.9199e-05,1
13.765,3.1388e-05,1
13.766,-2.6352e-05,1
13.766,-8.6107e-05,1
13.767,-0.00012102,1
13.767,-0.00010524,1
13.768,-4.8676e-05,1
13.768,9.2317e-06,1
13.769,3.8773e-05,1
13.769,4.2466e-05,1
13.77,2.8031e-05,1
13.771,5.2033e-06,1
13.771,-7.3854e-06,1
13.772,1.4267e-05,1
13.772,6.9322e-05,1
13.773,0.00011565,1
13.773,0.00011128,1
13.774,6.9657e-05,1
13.774,3.1724e-05,1
13.775,1.6953e-05,1
13.775,2.4002e-05,1
13.776,3.6759e-05,1
13.776,3.0716e-05,1
13.777,2.5177e-06,1
13.777,-2.8702e-05,1
13.778,-5.2201e-05,1
13.778,-7.3686e-05,1
13.779,-9.4499e-05,1
13.779,-0.00010188,1
13.78,-9.1981e-05,1
13.78,-7.5364e-05,1
13.781,-5.9754e-05,1
13.781,-4.8508e-05,1
13.782,-4.6494e-05,1
13.782,-5.1865e-05,1
13.783,-4.213e-05,1
13.784,-1.2253e-05,1
13.784,1.1246e-05,1
13.785,9.2317e-06,1
13.785,-1.9135e-05,1
13.786,-6.0929e-05,1
13.786,-0.00010088,1
13.787,-0.00013176,1
13.787,-0.00015895,1
13.788,-0.00018749,1
13.788,-0.00019303,1
13.789,-0.00015492,1
13.789,-8.661e-05,1
13.79,-2.3667e-05,1
13.79,1.4267e-05,1
13.791,4.8173e-05,1
13.791,9.9199e-05,1
13.792,0.00016298,1
13.792,0.00022257,1
13.793,0.00026772,1
13.793,0.00030062,1
13.794,0.00031908,1
13.794,0.000307,1
13.795,0.00026772,1
13.795,0.00022878,1
13.796,0.00020595,1
13.796,0.00018111,1
13.797,0.0001368,1
13.798,9.5171e-05,1
13.798,7.6371e-05,1
13.799,7.4693e-05,1
13.799,7.7211e-05,1
13.8,7.2679e-05,1
13.8,4.5487e-05,1
13.801,-1.5106e-06,1
13.801,-4.683e-05,1
13.802,-7.5868e-05,1
13.802,-9.8024e-05,1
13.803,-0.00011514,1
13.803,-0.00011666,1
13.804,-0.00010289,1
13.804,-8.6107e-05,1
13.805,-7.4189e-05,1
13.805,-6.009e-05,1
13.806,-3.3738e-05,1
13.806,2.182e-06,1
13.807,3.2059e-05,1
13.807,4.448e-05,1
13.808,3.9277e-05,1
13.808,1.7121e-05,1
13.809,-1.5946e-05,1
13.809,-3.7263e-05,1
13.81,-2.8534e-05,1
13.81,2.3499e-06,1
13.811,3.5248e-05,1
13.812,5.6397e-05,1
13.812,6.2272e-05,1
13.813,5.9586e-05,1
13.813,5.8076e-05,1
13.814,7.1672e-05,1
13.814,9.0471e-05,1
13.815,9.0806e-05,1
13.815,6.2608e-05,1
13.816,1.326e-05,1
13.816,-3.7766e-05,1
13.817,-8.1407e-05,1
13.817,-0.0001232,1
13.818,-0.00016818,1
13.818,-0.0001989,1
13.819,-0.00019689,1
13.819,-0.00016231,1
13.82,-0.00010927,1
13.82,-6.009e-05,1
13.821,-2.6017e-05,1
13.821,5.3712e-06,1
13.822,4.683e-05,1
13.822,9.5674e-05,1
13.823,0.00014116,1
13.823,0.00017406,1
13.824,0.00018514,1
13.825,0.00018296,1
13.825,0.00017742,1
13.826,0.00015644,1
13.826,0.00011112,1
13.827,6.2272e-05,1
13.827,3.3738e-05,1
13.828,2.3835e-05,1
13.828,2.0981e-05,1
13.829,2.1149e-05,1
13.829,2.8367e-05,1
13.83,3.7095e-05,1
13.83,4.0787e-05,1
13.831,4.3305e-05,1
13.831,5.2537e-05,1
13.832,6.1601e-05,1
13.832,6.1265e-05,1
13.833,4.0787e-05,1
13.833,-2.4338e-05,1
13.834,-0.0001133,1
13.834,-0.00016785,1
13.835,-0.00017473,1
13.835,-0.00016667,1
13.836,-0.00015895,1
13.836,-0.00013915,1
13.837,-0.00010289,1
13.838,-6.1601e-05,1
13.838,-2.0981e-05,1
13.839,2.6352e-05,1
13.839,8.7785e-05,1
13.84,0.00015895,1
13.84,0.00022005,1
13.841,0.00025077,1
13.841,0.0002412,1
13.842,0.00019387,1
13.842,0.00013075,1
13.843,8.426e-05,1
13.843,5.5726e-05,1
13.844,3.1556e-05,1
13.844,3.8605e-06,1
13.845,-3.1052e-05,1
13.845,-7.1e-05,1
13.846,-9.7688e-05,1
13.846,-9.1142e-05,1
13.847,-5.1194e-05,1
13.847,9.9031e-06,1
13.848,7.7043e-05,1
13.848,0.00013344,1
13.849,0.00017272,1
13.849,0.00019487,1
13.85,0.00018782,1
13.85,0.00015056,1
13.851,9.366e-05,1
13.852,3.6423e-05,1
13.852,-3.357e-06,1
13.853,-2.0142e-05,1
13.853,-1.4603e-05,1
13.854,8.3925e-07,1
13.854,-6.714e-07,1
13.855,-5.069e-05,1
13.855,-0.00014855,1
13.856,-0.00023767,1
13.856,-0.00028148,1
13.857,-0.00028232,1
13.857,-0.00025446,1
13.858,-0.00021132,1
13.858,-0.00016416,1
13.859,-0.00012203,1
13.859,-8.7449e-05,1
13.86,-4.6998e-05,1
13.86,2.5345e-05,1
13.861,0.00014015,1
13.861,0.00027443,1
13.862,0.00037984,1
13.862,0.00040703,1
13.863,0.00035567,1
13.863,0.00028115,1
13.864,0.00021837,1
13.864,0.00016432,1
13.865,0.00011431,1
13.866,6.9657e-05,1
13.866,3.3234e-05,1
13.867,1.5106e-06,1
13.867,-2.1653e-05,1
13.868,-1.6281e-05,1
13.868,1.7624e-05,1
13.869,6.0258e-05,1
13.869,7.805e-05,1
13.87,5.9754e-05,1
13.87,3.3234e-05,1
13.871,1.2589e-05,1
13.871,-8.2246e-06,1
13.872,-2.7024e-05,1
13.872,-3.7598e-05,1
13.873,-5.0523e-05,1
13.873,-7.9393e-05,1
13.874,-0.00011296,1
13.874,-0.00012824,1
13.875,-0.00012438,1
13.875,-0.00011733,1
13.876,-0.00011196,1
13.876,-0.00010507,1
13.877,-9.1646e-05,1
13.877,-7.2175e-05,1
13.878,-4.7837e-05,1
13.879,-2.1653e-05,1
13.879,8.5603e-06,1
13.88,4.2802e-05,1
13.88,6.8147e-05,1
13.881,7.4189e-05,1
13.881,6.2272e-05,1
13.882,4.0116e-05,1
13.882,1.796e-05,1
13.883,1.8463e-06,1
13.883,-1.1917e-05,1
13.884,-2.4674e-05,1
13.884,-3.0045e-05,1
13.885,-2.4674e-05,1
13.885,-1.6617e-05,1
13.886,-8.896e-06,1
13.886,2.182e-06,1
13.887,1.796e-05,1
13.887,3.5416e-05,1
13.888,5.2537e-05,1
13.888,6.4622e-05,1
13.889,7.2343e-05,1
13.889,8.4932e-05,1
13.89,9.6345e-05,1
13.89,8.7785e-05,1
13.891,6.1601e-05,1
13.892,3.2059e-05,1
13.892,5.0355e-06,1
13.893,-1.9303e-05,1
13.893,-3.6927e-05,1
13.894,-4.5151e-05,1
13.894,-4.3473e-05,1
13.895,-3.0381e-05,1
13.895,8.3925e-07,1
13.896,4.1123e-05,1
13.896,6.9322e-05,1
13.897,6.7308e-05,1
13.897,5.1194e-05,1
13.898,6.2104e-05,1
13.898,0.00010893,1
13.899,0.0001566,1
13.899,0.00016768,1
13.9,0.00014351,1
13.9,0.0001044,1
13.901,6.2776e-05,1
13.901,2.2156e-05,1
13.902,-9.5674e-06,1
13.902,-8.2246e-06,1
13.903,3.508e-05,1
13.903,8.2078e-05,1
13.904,0.00010105,1
13.904,0.00010021,1
13.905,8.5603e-05,1
13.906,6.6972e-05,1
13.906,6.1936e-05,1
13.907,6.7643e-05,1
13.907,7.2343e-05,1
13.908,6.5629e-05,1
13.908,4.2802e-05,1
13.909,1.2085e-05,1
13.909,-1.4939e-05,1
13.91,-4.3641e-05,1
13.91,-7.7211e-05,1
13.911,-0.00011414,1
13.911,-0.00013797,1
13.912,-0.00012572,1
13.912,-9.0303e-05,1
13.913,-6.1097e-05,1
13.913,-4.5991e-05,1
13.914,-3.1724e-05,1
13.914,-1.091e-05,1
13.915,1.4939e-05,1
13.915,4.4648e-05,1
13.916,7.7043e-05,1
13.916,8.5435e-05,1
13.917,5.0523e-05,1
13.917,1.8463e-06,1
13.918,-3.0716e-05,1
13.918,-3.6591e-05,1
13.919,-2.2828e-05,1
13.92,-5.539e-06,1
13.92,3.1891e-06,1
13.921,1.6785e-07,1
13.921,-1.8463e-06,1
13.922,1.0071e-05,1
13.922,4.2298e-05,1
13.923,8.6778e-05,1
13.923,0.00011598,1
13.924,0.00011095,1
13.924,8.3757e-05,1
13.925,5.539e-05,1
13.925,3.5416e-05,1
13.926,2.5345e-05,1
13.926,3.0045e-05,1
13.927,4.4312e-05,1
13.927,6.0258e-05,1
13.928,6.63e-05,1
13.928,5.7237e-05,1
13.929,3.592e-05,1
13.929,1.3931e-05,1
13.93,6.5461e-06,1
13.93,1.9471e-05,1
13.931,3.7934e-05,1
13.931,3.6255e-05,1
13.932,5.0355e-06,1
13.933,-3.0716e-05,1
13.933,-3.3066e-05,1
13.934,7.8889e-06,1
13.934,6.6972e-05,1
13.935,0.00010625,1
13.935,9.8527e-05,1
13.936,5.4215e-05,1
13.936,4.8676e-06,1
13.937,-2.031e-05,1
13.937,-9.5674e-06,1
13.938,2.4674e-05,1
13.938,5.2201e-05,1
13.939,5.2873e-05,1
13.939,2.7192e-05,1
13.94,-1.5946e-05,1
13.94,-5.9586e-05,1
13.941,-9.0303e-05,1
13.941,-0.00010961,1
13.942,-0.00011632,1
13.942,-0.00010574,1
13.943,-8.5603e-05,1
13.943,-6.2776e-05,1
13.944,-4.4144e-05,1
13.944,-3.2898e-05,1
13.945,-1.2421e-05,1
13.945,3.1724e-05,1
13.946,8.2078e-05,1
13.947,0.00010726,1
13.947,0.00010054,1
13.948,7.6036e-05,1
13.948,5.7572e-05,1
13.949,4.8508e-05,1
13.949,3.4409e-05,1
13.95,1.5946e-05,1
13.95,2.3499e-06,1
13.951,-1.091e-05,1
13.951,-3.0045e-05,1
13.952,-5.9586e-05,1
13.952,-8.1239e-05,1
13.953,-7.0665e-05,1
13.953,-3.9948e-05,1
13.954,-3.4745e-05,1
13.954,-8.2414e-05,1
13.955,-0.00014284,1
13.955,-0.00016953,1
13.956,-0.00014737,1
13.956,-8.7449e-05,1
13.957,-1.4603e-05,1
13.957,4.213e-05,1
13.958,7.1336e-05,1
13.958,9.1814e-05,1
13.959,0.00012068,1
13.96,0.00015727,1
13.96,0.00020192,1
13.961,0.00024808,1
13.961,0.00026436,1
13.962,0.00024288,1
13.962,0.00021199,1
13.963,0.00017758,1
13.963,0.00012689,1
13.964,7.2343e-05,1
13.964,3.9109e-05,1
13.965,3.1052e-05,1
13.965,2.6688e-05,1
13.966,1.326e-05,1
13.966,4.6998e-06,1
13.967,1.5274e-05,1
13.967,4.0787e-05,1
13.968,7.1672e-05,1
13.968,0.00010121,1
13.969,0.00011766,1
13.969,0.00011531,1
13.97,0.00010121,1
13.97,8.3757e-05,1
13.971,7.0665e-05,1
13.971,7.2679e-05,1
13.972,7.6204e-05,1
13.973,3.827e-05,1
13.973,-2.7695e-05,1
13.974,-7.2847e-05,1
13.974,-8.51e-05,1
13.975,-7.7211e-05,1
13.975,-6.0258e-05,1
13.976,-4.1627e-05,1
13.976,-2.8367e-05,1
13.977,-2.501e-05,1
13.977,-2.8367e-05,1
13.978,-3.1052e-05,1
13.978,-5.8747e-06,1
13.979,3.9445e-05,1
13.979,6.4118e-05,1
13.98,3.8773e-05,1
13.98,-2.5513e-05,1
13.981,-9.0135e-05,1
13.981,-0.00011867,1
13.982,-0.00010507,1
13.982,-7.9057e-05,1
13.983,-7.0161e-05,1
13.983,-8.3085e-05,1
13.984,-9.6345e-05,1
13.984,-9.9702e-05,1
13.985,-9.9367e-05,1
13.985,-9.0974e-05,1
13.986,-6.865e-05,1
13.987,-4.4816e-05,1
13.987,-2.9038e-05,1
13.988,-1.091e-05,1
13.988,1.9303e-05,1
13.989,4.5991e-05,1
13.989,4.4816e-05,1
13.99,-3.1891e-06,1
13.99,-9.4331e-05,1
13.991,-0.00017205,1
13.991,-0.00018514,1
13.992,-0.00014334,1
13.992,-8.8289e-05,1
13.993,-4.8173e-05,1
13.993,-2.5681e-05,1
13.994,-1.0071e-05,1
13.994,1.0575e-05,1
13.995,5.2705e-05,1
13.995,0.0001274,1
13.996,0.00021736,1
13.996,0.00028988,1
13.997,0.00031891,1
13.997,0.00029474,1
13.998,0.00023751,1
13.998,0.00019319,1
13.999,0.00018044,1
13.999,0.00018128,1
14,0.0001791,1
14.001,0.00017104,1
14.001,0.000165,1
14.002,0.00015593,1
14.002,0.00012992,1
14.003,8.1071e-05,1
14.003,1.4435e-05,1
14.004,-5.2705e-05,1
14.004,-9.7353e-05,1
14.005,-0.00011582,1
14.005,-0.00012102,1
14.006,-0.00011783,1
14.006,-0.00010524,1
14.007,-8.8289e-05,1
14.007,-6.8818e-05,1
14.008,-3.2731e-05,1
14.008,2.8702e-05,1
14.009,8.9799e-05,1
14.009,0.000118,1
14.01,0.00011397,1
14.01,0.00010675,1
14.011,0.0001091,1
14.011,0.00011128,1
14.012,0.00010188,1
14.012,8.51e-05,1
14.013,6.63e-05,1
14.014,4.213e-05,1
14.014,1.2085e-05,1
14.015,-3.0045e-05,1
14.015,-5.8244e-05,1
14.016,-4.1794e-05,1
14.016,-5.3712e-06,1
14.017,8.5603e-06,1
14.017,-1.5946e-05,1
14.018,-5.3544e-05,1
14.018,-8.4428e-05,1
14.019,-0.00012001,1
14.019,-0.00016214,1
14.02,-0.00020293,1
14.02,-0.00026587,1
14.021,-0.00031958,1
14.021,-0.00031086,1
14.022,-0.00022206,1
14.022,-9.0806e-05,1
14.023,1.3596e-05,1
14.023,6.9322e-05,1
14.024,8.8457e-05,1
14.024,0.00010507,1
14.025,0.0001472,1
14.025,0.00021267,1
14.026,0.00028115,1
14.027,0.0003315,1
14.027,0.00035618,1
14.028,0.00034829,1
14.028,0.00029928,1
14.029,0.00022106,1
14.029,0.00015526,1
14.03,0.00013243,1
14.03,0.00013747,1
14.031,0.00013075,1
14.031,9.3828e-05,1
14.032,4.5487e-05,1
14.032,1.2253e-05,1
14.033,3.0213e-06,1
14.033,1.2253e-05,1
14.034,2.2995e-05,1
14.034,2.266e-05,1
14.035,1.1246e-05,1
14.035,-4.6998e-06,1
14.036,-2.0478e-05,1
14.036,-3.3906e-05,1
14.037,-4.213e-05,1
14.037,-4.4312e-05,1
14.038,-4.0116e-05,1
14.038,-3.4073e-05,1
14.039,-3.508e-05,1
14.039,-4.1459e-05,1
14.04,-4.8173e-05,1
14.041,-5.4383e-05,1
14.041,-5.6062e-05,1
14.042,-5.5894e-05,1
14.042,-5.6565e-05,1
14.043,-5.9251e-05,1
14.043,-6.4286e-05,1
14.044,-6.6804e-05,1
14.044,-5.8412e-05,1
14.045,-4.5151e-05,1
14.045,-3.9612e-05,1
14.046,-4.0955e-05,1
14.046,-3.2563e-05,1
14.047,-5.2033e-06,1
14.047,2.5345e-05,1
14.048,4.0452e-05,1
14.048,2.6184e-05,1
14.049,-1.796e-05,1
14.049,-6.8147e-05,1
14.05,-0.00010524,1
14.05,-0.00012337,1
14.051,-0.00011901,1
14.051,-9.8863e-05,1
14.052,-6.4622e-05,1
14.052,-2.0813e-05,1
14.053,1.3931e-05,1
14.053,3.4241e-05,1
14.054,5.1698e-05,1
14.055,7.335e-05,1
14.055,9.4331e-05,1
14.056,0.0001039,1
14.056,9.1142e-05,1
14.057,6.009e-05,1
14.057,3.0045e-05,1
14.058,2.1317e-05,1
14.058,3.1052e-05,1
14.059,3.5248e-05,1
14.059,3.122e-05,1
14.06,3.4745e-05,1
14.06,4.7501e-05,1
14.061,5.6565e-05,1
14.061,6.6133e-05,1
14.062,8.1575e-05,1
14.062,8.04e-05,1
14.063,5.4887e-05,1
14.063,3.4913e-05,1
14.064,3.2395e-05,1
14.064,3.743e-05,1
14.065,4.6159e-05,1
14.065,5.6901e-05,1
14.066,6.7643e-05,1
14.066,7.3686e-05,1
14.067,7.6707e-05,1
14.068,7.6707e-05,1
14.068,7.0329e-05,1
14.069,5.7069e-05,1
14.069,4.0452e-05,1
14.07,1.7624e-05,1
14.07,-8.2246e-06,1
14.071,-3.8437e-05,1
14.071,-8.0903e-05,1
14.072,-0.00010591,1
14.072,-9.1981e-05,1
14.073,-5.1698e-05,1
14.073,-5.2033e-06,1
14.074,3.4577e-05,1
14.074,6.3279e-05,1
14.075,8.3085e-05,1
14.075,9.7856e-05,1
14.076,0.00011061,1
14.076,0.00011934,1
14.077,0.00012102,1
14.077,0.00010726,1
14.078,7.4357e-05,1
14.078,4.1459e-05,1
14.079,2.5513e-05,1
14.079,2.7695e-05,1
14.08,3.6591e-05,1
14.081,4.0116e-05,1
14.081,3.4073e-05,1
14.082,2.7527e-05,1
14.082,2.5345e-05,1
14.083,2.0645e-05,1
14.083,3.8605e-06,1
14.084,-3.2059e-05,1
14.084,-9.3156e-05,1
14.085,-0.00013898,1
14.085,-0.00013915,1
14.086,-0.00011833,1
14.086,-0.00010759,1
14.087,-0.0001091,1
14.087,-0.00010155,1
14.088,-7.9561e-05,1
14.088,-5.2201e-05,1
14.089,-2.8702e-05,1
14.089,-7.2175e-06,1
14.09,2.8031e-05,1
14.09,8.9632e-05,1
14.091,0.00015912,1
14.091,0.00020427,1
14.092,0.00021468,1
14.092,0.00020662,1
14.093,0.00019722,1
14.093,0.00018917,1
14.094,0.00016718,1
14.095,0.00013008,1
14.095,8.51e-05,1
14.096,4.2466e-05,1
14.096,1.2253e-05,1
14.097,-3.5248e-06,1
14.097,-8.896e-06,1
14.098,-7.0497e-06,1
14.098,1.6785e-07,1
14.099,1.1078e-05,1
14.099,2.3667e-05,1
14.1,2.8031e-05,1
14.1,1.561e-05,1
14.101,-7.2175e-06,1
14.101,-2.7024e-05,1
14.102,-3.9109e-05,1
14.102,-4.3473e-05,1
14.103,-4.448e-05,1
14.103,-4.6159e-05,1
14.104,-4.8005e-05,1
14.104,-5.0355e-05,1
14.105,-5.4551e-05,1
14.105,-5.5894e-05,1
14.106,-5.388e-05,1
14.106,-5.5894e-05,1
14.107,-5.7237e-05,1
14.107,-5.2033e-05,1
14.108,-3.2395e-05,1
14.109,1.4939e-05,1
14.109,7.1504e-05,1
14.11,0.00010491,1
14.11,0.00010423,1
14.111,8.1407e-05,1
14.111,5.0858e-05,1
14.112,1.9806e-05,1
14.112,-1.5106e-06,1
14.113,-6.2104e-06,1
14.113,5.8747e-06,1
14.114,3.4073e-05,1
14.114,6.6804e-05,1
14.115,6.2608e-05,1
14.115,1.1917e-05,1
14.116,-4.3137e-05,1
14.116,-7.0161e-05,1
14.117,-7.0665e-05,1
14.117,-5.8747e-05,1
14.118,-3.9277e-05,1
14.118,-1.4939e-05,1
14.119,1.1749e-06,1
14.119,5.2033e-06,1
14.12,1.5106e-06,1
14.12,-6.2104e-06,1
14.121,-1.1414e-05,1
14.122,-1.0239e-05,1
14.122,-6.2104e-06,1
14.123,1.6785e-06,1
14.123,3.5248e-05,1
14.124,9.2149e-05,1
14.124,0.00012689,1
14.125,0.00010961,1
14.125,5.9922e-05,1
14.126,1.561e-05,1
14.126,-1.6281e-05,1
14.127,-4.3305e-05,1
14.127,-4.2466e-05,1
14.128,-1.5106e-06,1
14.128,5.4551e-05,1
14.129,9.5842e-05,1
14.129,0.00011296,1
14.13,0.0001133,1
14.13,0.00010994,1
14.131,0.00011061,1
14.131,0.00012068,1
14.132,0.00013948,1
14.132,0.00015677,1
14.133,0.00015224,1
14.133,0.00012505,1
14.134,9.9199e-05,1
14.134,8.0064e-05,1
14.135,4.8005e-05,1
14.136,-1.0239e-05,1
14.136,-6.2776e-05,1
14.137,-6.6636e-05,1
14.137,-4.2802e-05,1
14.138,-2.5849e-05,1
14.138,-2.7359e-05,1
14.139,-3.6423e-05,1
14.139,-3.9109e-05,1
14.14,-3.2563e-05,1
14.14,-1.2924e-05,1
14.141,1.6617e-05,1
14.141,4.9851e-05,1
14.142,8.3085e-05,1
14.142,0.00011447,1
14.143,0.00013529,1
14.143,0.00013982,1
14.144,0.00012975,1
14.144,0.00010726,1
14.145,6.4286e-05,1
14.145,-1.2589e-05,1
14.146,-0.00010323,1
14.146,-0.00016516,1
14.147,-0.00018161,1
14.147,-0.00016735,1
14.148,-0.00014754,1
14.149,-0.0001415,1
14.149,-0.00014939,1
14.15,-0.00014066,1
14.15,-9.8863e-05,1
14.151,-4.0284e-05,1
14.151,2.1988e-05,1
14.152,7.6707e-05,1
14.152,0.00011783,1
14.153,0.00013948,1
14.153,0.00013478,1
14.154,0.00010927,1
14.154,7.2007e-05,1
14.155,3.4409e-05,1
14.155,4.8676e-06,1
14.156,-1.0407e-05,1
14.156,-1.5946e-05,1
14.157,-2.6017e-05,1
14.157,-4.4648e-05,1
14.158,-5.5222e-05,1
14.158,-3.8773e-05,1
14.159,6.714e-07,1
14.159,4.1627e-05,1
14.16,7.3686e-05,1
14.16,0.00010256,1
14.161,0.00012203,1
14.162,0.00011733,1
14.162,9.752e-05,1
14.163,8.8792e-05,1
14.163,9.9199e-05,1
14.164,0.00010591,1
14.164,9.1142e-05,1
14.165,5.3544e-05,1
14.165,1.0575e-05,1
14.166,-1.6785e-05,1
14.166,-2.0813e-05,1
14.167,-1.7121e-05,1
14.167,-1.5946e-05,1
14.168,-1.5106e-05,1
14.168,-1.6281e-05,1
14.169,-2.9709e-05,1
14.169,-6.244e-05,1
14.17,-9.7688e-05,1
14.17,-0.00011263,1
14.171,-0.00010474,1
14.171,-8.8121e-05,1
14.172,-7.6036e-05,1
14.172,-7.2679e-05,1
14.173,-6.6972e-05,1
14.173,-4.9851e-05,1
14.174,-2.1653e-05,1
14.174,5.2033e-06,1
14.175,2.4002e-05,1
14.176,2.6688e-05,1
14.176,7.8889e-06,1
14.177,-9.0639e-06,1
14.177,-6.714e-06,1
14.178,5.2033e-06,1
14.178,2.1149e-05,1
14.179,5.4887e-05,1
14.179,0.00010726,1
14.18,0.00016818,1
14.18,0.00022274,1
14.181,0.00025396,1
14.181,0.00025933,1
14.182,0.00024858,1
14.182,0.00022257,1
14.183,0.00018447,1
14.183,0.0001415,1
14.184,0.00010306,1
14.184,7.805e-05,1
14.185,6.3951e-05,1
14.185,5.0523e-05,1
14.186,2.6688e-05,1
14.186,-4.6998e-06,1
14.187,-3.6591e-05,1
14.187,-6.3615e-05,1
14.188,-8.275e-05,1
14.188,-8.9464e-05,1
14.189,-7.6875e-05,1
14.19,-4.8844e-05,1
14.19,-2.0813e-05,1
14.191,-1.6785e-06,1
14.191,4.3641e-06,1
14.192,3.357e-07,1
14.192,-1.8463e-06,1
14.193,-1.5106e-06,1
14.193,3.357e-07,1
14.194,1.6449e-05,1
14.194,3.592e-05,1
14.195,3.9109e-05,1
14.195,2.4506e-05,1
14.196,-3.1891e-06,1
14.196,-3.7934e-05,1
14.197,-7.335e-05,1
14.197,-0.00010138,1
14.198,-0.00011582,1
14.198,-0.00011229,1
14.199,-9.8527e-05,1
14.199,-8.5771e-05,1
14.2,-7.7043e-05,1
14.2,-7.1839e-05,1
14.201,-6.0594e-05,1
14.201,-3.7766e-05,1
14.202,6.714e-07,1
14.203,4.9851e-05,1
14.203,0.00010071,1
14.204,0.00014351,1
14.204,0.00017708,1
14.205,0.00019655,1
14.205,0.00019504,1
14.206,0.00017641,1
14.206,0.00014687,1
14.207,0.0001086,1
14.207,6.4958e-05,1
14.208,2.652e-05,1
14.208,1.1749e-06,1
14.209,-1.0407e-05,1
14.209,-8.2246e-06,1
14.21,3.8605e-06,1
14.21,1.0575e-05,1
14.211,9.7353e-06,1
14.211,7.2175e-06,1
14.212,1.1749e-06,1
14.212,-1.326e-05,1
14.213,-3.2898e-05,1
14.213,-4.1459e-05,1
14.214,-2.5849e-05,1
14.214,-3.5248e-06,1
14.215,1.0575e-05,1
14.216,8.2246e-06,1
14.216,-1.0239e-05,1
14.217,-3.122e-05,1
14.217,-4.1794e-05,1
14.218,-2.8031e-05,1
14.218,3.8605e-06,1
14.219,3.2563e-05,1
14.219,3.4073e-05,1
14.22,1.2924e-05,1
14.22,-8.2246e-06,1
14.221,-1.9471e-05,1
14.221,-2.5177e-05,1
14.222,-3.2395e-05,1
14.222,-3.978e-05,1
14.223,-3.6088e-05,1
14.223,-2.1149e-05,1
14.224,1.8463e-06,1
14.224,3.1388e-05,1
14.225,6.4622e-05,1
14.225,9.6849e-05,1
14.226,0.00011531,1
14.226,0.00010558,1
14.227,7.8386e-05,1
14.227,6.0594e-05,1
14.228,5.9419e-05,1
14.228,6.2943e-05,1
14.229,5.4551e-05,1
14.23,3.4745e-05,1
14.23,1.9974e-05,1
14.231,1.9974e-05,1
14.231,3.0045e-05,1
14.232,4.5487e-05,1
14.232,6.4286e-05,1
14.233,7.805e-05,1
14.233,7.5029e-05,1
14.234,5.8915e-05,1
14.234,3.9948e-05,1
14.235,1.9303e-05,1
14.235,-1.0407e-05,1
14.236,-3.9109e-05,1
14.236,-5.4215e-05,1
14.237,-6.0929e-05,1
14.237,-6.2272e-05,1
14.238,-4.9012e-05,1
14.238,-2.7359e-05,1
14.239,-1.1749e-05,1
14.239,1.1414e-05,1
14.24,4.7837e-05,1
14.24,7.6371e-05,1
14.241,8.661e-05,1
14.241,8.426e-05,1
14.242,7.2343e-05,1
14.242,3.2059e-05,1
14.243,-3.6255e-05,1
14.244,-0.00010423,1
14.244,-0.00014519,1
14.245,-0.00014385,1
14.245,-0.00010222,1
14.246,-4.7166e-05,1
14.246,-5.539e-06,1
14.247,2.9206e-05,1
14.247,8.5603e-05,1
14.248,0.00016701,1
14.248,0.00023348,1
14.249,0.00024388,1
14.249,0.00019857,1
14.25,0.00013579,1
14.25,8.3085e-05,1
14.251,3.5752e-05,1
14.251,-2.8367e-05,1
14.252,-8.9464e-05,1
14.252,-0.00012488,1
14.253,-0.00012219,1
14.253,-7.2847e-05,1
14.254,-1.8463e-06,1
14.254,5.2369e-05,1
14.255,7.3182e-05,1
14.255,6.5461e-05,1
14.256,5.4887e-05,1
14.257,5.8412e-05,1
14.257,7.1336e-05,1
14.258,7.57e-05,1
14.258,5.9251e-05,1
14.259,1.796e-05,1
14.259,-3.508e-05,1
14.26,-9.3828e-05,1
14.26,-0.00016953,1
14.261,-0.00023767,1
14.261,-0.00024993,1
14.262,-0.0002078,1
14.262,-0.0001425,1
14.263,-7.3686e-05,1
14.263,-4.5319e-06,1
14.264,6.9657e-05,1
14.264,0.00014385,1
14.265,0.00020343,1
14.265,0.00025228,1
14.266,0.00030062,1
14.266,0.00034258,1
14.267,0.00035215,1
14.267,0.00030163,1
14.268,0.00021048,1
14.268,0.00012337,1
14.269,6.0929e-05,1
14.27,1.9303e-05,1
14.27,-7.0497e-06,1
14.271,-2.031e-05,1
14.271,-1.796e-05,1
14.272,-2.5177e-06,1
14.272,1.4099e-05,1
14.273,1.1749e-05,1
14.273,-1.0575e-05,1
14.274,-2.9709e-05,1
14.274,-2.3163e-05,1
14.275,4.6998e-06,1
14.275,2.2492e-05,1
14.276,1.3931e-05,1
14.276,-1.326e-05,1
14.277,-4.5151e-05,1
14.277,-7.0497e-05,1
14.278,-8.2414e-05,1
14.278,-8.3925e-05,1
14.279,-7.4357e-05,1
14.279,-4.7501e-05,1
14.28,-4.8676e-06,1
14.28,3.8773e-05,1
14.281,5.7237e-05,1
14.281,4.4144e-05,1
14.282,2.3667e-05,1
14.282,8.5603e-06,1
14.283,-1.9806e-05,1
14.284,-5.9251e-05,1
14.284,-6.949e-05,1
14.285,-4.9516e-05,1
14.285,-3.508e-05,1
14.286,-3.3738e-05,1
14.286,-2.6184e-05,1
14.287,-1.7288e-05,1
14.287,-2.3331e-05,1
14.288,-4.0452e-05,1
14.288,-4.8341e-05,1
14.289,-3.508e-05,1
14.289,1.6785e-07,1
14.29,4.2802e-05,1
14.29,7.5364e-05,1
14.291,8.9799e-05,1
14.291,9.1142e-05,1
14.292,8.51e-05,1
14.292,6.6972e-05,1
14.293,3.6759e-05,1
14.293,6.5461e-06,1
14.294,-2.182e-05,1
14.294,-5.2369e-05,1
14.295,-7.805e-05,1
14.295,-8.661e-05,1
14.296,-7.8386e-05,1
14.296,-6.7308e-05,1
14.297,-5.9419e-05,1
14.298,-5.3376e-05,1
14.298,-3.9948e-05,1
14.299,-6.8818e-06,1
14.299,3.5416e-05,1
14.3,5.7572e-05,1
14.3,4.6326e-05,1
14.301,2.0478e-05,1
14.301,1.0071e-06,1
14.302,-1.9806e-05,1
14.302,-4.2802e-05,1
14.303,-5.0019e-05,1
14.303,-3.3402e-05,1
14.304,1.1917e-05,1
14.304,7.3686e-05,1
14.305,0.00013092,1
14.305,0.00017339,1
14.306,0.00020075,1
14.306,0.00021468,1
14.307,0.00021871,1
14.307,0.00021938,1
14.308,0.00021535,1
14.308,0.00019571,1
14.309,0.00016365,1
14.309,0.00012807,1
14.31,9.3492e-05,1
14.311,6.7475e-05,1
14.311,5.2201e-05,1
14.312,4.918e-05,1
14.312,5.5558e-05,1
14.313,6.949e-05,1
14.313,8.0735e-05,1
14.314,8.1575e-05,1
14.314,7.4357e-05,1
14.315,5.623e-05,1
14.315,2.0142e-05,1
14.316,-5.0019e-05,1
14.316,-0.00013243,1
14.317,-0.00017809,1
14.317,-0.00017691,1
14.318,-0.00014754,1
14.318,-0.00011565,1
14.319,-9.6345e-05,1
14.319,-8.275e-05,1
14.32,-6.0258e-05,1
14.32,-3.7766e-05,1
14.321,-3.508e-05,1
14.321,-6.1601e-05,1
14.322,-0.00010826,1
14.322,-0.00017121,1
14.323,-0.00022744,1
14.323,-0.00022928,1
14.324,-0.00015576,1
14.325,-5.0187e-05,1
14.325,3.0549e-05,1
14.326,7.7714e-05,1
14.326,0.00011095,1
14.327,0.00014418,1
14.327,0.00017842,1
14.328,0.00019252,1
14.328,0.00017591,1
14.329,0.00014704,1
14.329,0.00012035,1
14.33,9.5842e-05,1
14.33,6.6804e-05,1
14.331,5.5894e-05,1
14.331,7.7379e-05,1
14.332,0.00010977,1
14.332,0.00013512,1
14.333,0.00016265,1
14.333,0.00019353,1
14.334,0.00020713,1
14.334,0.00018245,1
14.335,0.00013243,1
14.335,8.7953e-05,1
14.336,6.2272e-05,1
14.336,4.2802e-05,1
14.337,2.3331e-05,1
14.338,1.5274e-05,1
14.338,7.0497e-06,1
14.339,-1.8967e-05,1
14.339,-7.3686e-05,1
14.34,-0.00014334,1
14.34,-0.00019219,1
14.341,-0.00019521,1
14.341,-0.00016097,1
14.342,-0.00011246,1
14.342,-6.009e-05,1
14.343,-1.5106e-06,1
14.343,5.6901e-05,1
14.344,9.5842e-05,1
14.344,0.00011229,1
14.345,0.00011397,1
14.345,9.6345e-05,1
14.346,4.5991e-05,1
14.346,-4.7333e-05,1
14.347,-0.00016197,1
14.347,-0.00024842,1
14.348,-0.00028081,1
14.348,-0.00027359,1
14.349,-0.00025345,1
14.349,-0.00022475,1
14.35,-0.00021166,1
14.351,-0.00020528,1
14.351,-0.0001561,1
14.352,-4.7501e-05,1
14.352,9.6513e-05,1
14.353,0.00024338,1
14.353,0.00036574,1
14.354,0.00042953,1
14.354,0.00042197,1
14.355,0.00037548,1
14.355,0.00033754,1
14.356,0.00032815,1
14.356,0.00032445,1
14.357,0.0002845,1
14.357,0.00022441,1
14.358,0.00018212,1
14.358,0.00016214,1
14.359,0.00012438,1
14.359,4.5991e-05,1
14.36,-4.213e-05,1
14.36,-9.6178e-05,1
14.361,-0.00011095,1
14.361,-0.0001086,1
14.362,-0.00011498,1
14.362,-0.00016919,1
14.363,-0.00028014,1
14.363,-0.00036507,1
14.364,-0.0003973,1
14.365,-0.00042348,1
14.365,-0.0004584,1
14.366,-0.00046024,1
14.366,-0.00040082,1
14.367,-0.00030632,1
14.367,-0.00019722,1
14.368,-3.5752e-05,1
14.368,0.00020259,1
14.369,0.00046444,1
14.369,0.00066015,1
14.37,0.00072226,1
14.37,0.00064269,1
14.371,0.00046645,1
14.371,0.00025496,1
14.372,8.1407e-05,1
14.372,-7.8889e-06,1
14.373,-2.3331e-05,1
14.373,1.8463e-06,1
14.374,4.062e-05,1
14.374,7.8721e-05,1
14.375,0.00010289,1
14.375,0.00011061,1
14.376,0.00013713,1
14.376,0.00022139,1
14.377,0.00028568,1
14.377,0.00023432,1
14.378,7.1336e-05,1
14.379,-7.6371e-05,1
14.379,-8.8121e-05,1
14.38,-2.2324e-05,1
14.38,1.5106e-06,1
14.381,-4.5487e-05,1
14.381,-0.00010172,1
14.382,-0.00012203,1
14.382,-0.00011112,1
14.383,-6.2272e-05,1
14.383,2.7024e-05,1
14.384,9.3828e-05,1
14.384,4.448e-05,1
14.385,-0.00012303,1
14.385,-0.00027611,1
14.386,-0.00032915,1
14.386,-0.00030398,1
14.387,-0.00025228,1
14.387,-0.00020461,1
14.388,-0.00015862,1
14.388,-0.00010759,1
14.389,-5.4551e-05,1
14.389,-1.0575e-05,1
14.39,2.7024e-05,1
14.39,6.4286e-05,1
14.391,8.3757e-05,1
14.392,6.9154e-05,1
14.392,3.8437e-05,1
14.393,1.8631e-05,1
14.393,9.2317e-06,1
14.394,8.7282e-06,1
14.394,3.6088e-05,1
14.395,5.9586e-05,1
14.395,4.6159e-05,1
14.396,5.0355e-07,1
14.396,-5.3376e-05,1
14.397,-9.8863e-05,1
14.397,-0.00014435,1
14.398,-0.00017742,1
14.398,-0.00016181,1
14.399,-0.00010692,1
14.399,-5.069e-05,1
14.4,-1.2421e-05,1
14.4,1.1917e-05,1
14.401,3.6591e-05,1
14.401,6.4286e-05,1
14.402,8.6442e-05,1
14.402,0.00010726,1
14.403,0.0001368,1
14.403,0.0001744,1
14.404,0.00020125,1
14.405,0.00020125,1
14.405,0.00018144,1
14.406,0.00015828,1
14.406,0.00013764,1
14.407,0.000118,1
14.407,0.00010356,1
14.408,9.6513e-05,1
14.408,9.2485e-05,1
14.409,8.7785e-05,1
14.409,8.3925e-05,1
14.41,7.9561e-05,1
14.41,6.8986e-05,1
14.411,5.2033e-05,1
14.411,3.0884e-05,1
14.412,8.5603e-06,1
14.412,-1.0575e-05,1
14.413,-2.1988e-05,1
14.413,-2.501e-05,1
14.414,-2.7192e-05,1
14.414,-3.4073e-05,1
14.415,-4.1794e-05,1
14.415,-4.2802e-05,1
14.416,-3.5752e-05,1
14.416,-2.3163e-05,1
14.417,-8.5603e-06,1
14.417,5.2033e-06,1
14.418,1.2589e-05,1
14.419,1.1917e-05,1
14.419,6.3783e-06,1
14.42,6.5461e-06,1
14.42,9.9031e-06,1
14.421,-4.5319e-06,1
14.421,-2.9374e-05,1
14.422,-3.6591e-05,1
14.422,-2.5177e-05,1
14.423,-6.8818e-06,1
14.423,1.4603e-05,1
14.424,3.9109e-05,1
14.424,7.2343e-05,1
14.425,0.0001133,1
14.425,0.00015056,1
14.426,0.0001791,1
14.426,0.00019286,1
14.427,0.00019252,1
14.427,0.00018665,1
14.428,0.00017775,1
14.428,0.00016785,1
14.429,0.00016349,1
14.429,0.00017372,1
14.43,0.00020562,1
14.43,0.00023583,1
14.431,0.00020998,1
14.431,0.00012924,1
14.432,5.1362e-05,1
14.433,-1.561e-05,1
14.433,-8.5771e-05,1
14.434,-0.00013059,1
14.434,-0.00012471,1
14.435,-9.5338e-05,1
14.435,-8.3589e-05,1
14.436,-9.366e-05,1
14.436,-0.00011028,1
14.437,-0.00011279,1
14.437,-7.5868e-05,1
14.438,1.0071e-06,1
14.438,8.5771e-05,1
14.439,0.00015962,1
14.439,0.00023146,1
14.44,0.00030465,1
14.44,0.00032882,1
14.441,0.00024422,1
14.441,6.5797e-05,1
14.442,-0.00012572,1
14.442,-0.00024523,1
14.443,-0.00027292,1
14.443,-0.00024086,1
14.444,-0.00019152,1
14.444,-0.00013579,1
14.445,-7.7379e-05,1
14.446,-3.1388e-05,1
14.446,1.1917e-05,1
14.447,6.8818e-05,1
14.447,0.00011044,1
14.448,0.00011179,1
14.448,8.2918e-05,1
14.449,4.1123e-05,1
14.449,-1.4435e-05,1
14.45,-7.3686e-05,1
14.45,-0.00010675,1
14.451,-9.7856e-05,1
14.451,-6.6636e-05,1
14.452,-3.8102e-05,1
14.452,-8.0568e-06,1
14.453,3.2395e-05,1
14.453,7.0665e-05,1
14.454,8.3085e-05,1
14.454,6.7643e-05,1
14.455,4.2298e-05,1
14.455,2.4674e-05,1
14.456,1.7288e-05,1
14.456,1.796e-05,1
14.457,4.0787e-05,1
14.457,6.6636e-05,1
14.458,5.7069e-05,1
14.459,-1.6785e-07,1
14.459,-7.7546e-05,1
14.46,-0.00013462,1
14.46,-0.00016567,1
14.461,-0.00017624,1
14.461,-0.00017574,1
14.462,-0.00017523,1
14.462,-0.0001561,1
14.463,-0.00010188,1
14.463,-3.8437e-05,1
14.464,2.5177e-06,1
14.464,1.796e-05,1
14.465,1.5778e-05,1
14.465,1.4603e-05,1
14.466,2.1653e-05,1
14.466,3.2059e-05,1
14.467,5.069e-05,1
14.467,8.8121e-05,1
14.468,0.00013411,1
14.468,0.00015425,1
14.469,0.00013042,1
14.469,9.0471e-05,1
14.47,5.8915e-05,1
14.47,4.2802e-05,1
14.471,3.6759e-05,1
14.471,3.3402e-05,1
14.472,2.6688e-05,1
14.473,8.2246e-06,1
14.473,-4.0787e-05,1
14.474,-8.275e-05,1
14.474,-4.6494e-05,1
14.475,6.865e-05,1
14.475,0.00016701,1
14.476,0.00016835,1
14.476,7.4693e-05,1
14.477,-4.2969e-05,1
14.477,-0.00011246,1
14.478,-0.00012068,1
14.478,-9.0471e-05,1
14.479,-4.2634e-05,1
14.479,6.5461e-06,1
14.48,3.2059e-05,1
14.48,3.5248e-05,1
14.481,5.0858e-05,1
14.481,8.275e-05,1
14.482,0.00011263,1
14.482,0.00013344,1
14.483,0.00012337,1
14.483,7.2679e-05,1
14.484,1.326e-05,1
14.484,-3.508e-05,1
14.485,-7.0329e-05,1
14.486,-9.5003e-05,1
14.486,-0.00012085,1
14.487,-0.00014939,1
14.487,-0.00010037,1
14.488,4.6494e-05,1
14.488,0.00013378,1
14.489,6.6972e-05,1
14.489,-5.6901e-05,1
14.49,-0.00010172,1
14.49,-5.4047e-05,1
14.491,8.7282e-06,1
14.491,4.7501e-05,1
14.492,9.2317e-05,1
14.492,0.00015425,1
14.493,0.00018379,1
14.493,0.00015425,1
14.494,0.00010793,1
14.494,7.7714e-05,1
14.495,4.8844e-05,1
14.495,6.2104e-06,1
14.496,-3.2731e-05,1
14.496,-4.1459e-05,1
14.497,-2.0645e-05,1
14.497,1.091e-05,1
14.498,4.0452e-05,1
14.498,6.7643e-05,1
14.499,0.00010507,1
14.5,0.00017641,1
14.5,0.00025228,1
14.501,0.00026839,1
14.501,0.00020931,1
14.502,0.00010457,1
14.502,-1.1414e-05,1
14.503,-9.5842e-05,1
14.503,-0.00011833,1
14.504,-9.0806e-05,1
14.504,-5.069e-05,1
14.505,-2.4338e-05,1
14.505,-1.4771e-05,1
14.506,-2.0142e-05,1
14.506,-3.4409e-05,1
14.507,-3.827e-05,1
14.507,-2.501e-05,1
14.508,-1.0575e-05,1
14.508,-2.182e-06,1
14.509,5.0355e-07,1
14.509,3.357e-07,1
14.51,1.6785e-06,1
14.51,2.9877e-05,1
14.511,9.9535e-05,1
14.511,0.00015526,1
14.512,0.0001467,1
14.512,6.4958e-05,1
14.513,-3.9445e-05,1
14.514,-9.6849e-05,1
14.514,-9.6849e-05,1
14.515,-7.2175e-05,1
14.515,-5.153e-05,1
14.516,-6.8315e-05,1
14.516,-0.00010658,1
14.517,-0.00013109,1
14.517,-0.00012538,1
14.518,-8.4428e-05,1
14.518,-3.2898e-05,1
14.519,7.0497e-06,1
14.519,2.5345e-05,1
14.52,1.5778e-05,1
14.52,8.5603e-06,1
14.521,4.1123e-05,1
14.521,9.836e-05,1
14.522,0.0001331,1
14.522,0.00011296,1
14.523,6.4118e-05,1
14.523,4.3473e-05,1
14.524,5.2537e-05,1
14.524,5.6062e-05,1
14.525,4.6159e-05,1
14.525,3.592e-05,1
14.526,3.1891e-05,1
14.527,3.3738e-05,1
14.527,3.9948e-05,1
14.528,4.3809e-05,1
14.528,4.4816e-05,1
14.529,4.2802e-05,1
14.529,4.0452e-05,1
14.53,3.7766e-05,1
14.53,3.2731e-05,1
14.531,2.5345e-05,1
14.531,1.9303e-05,1
14.532,2.8031e-05,1
14.532,5.1194e-05,1
14.533,6.2943e-05,1
14.533,5.1362e-05,1
14.534,1.2924e-05,1
14.534,-5.7404e-05,1
14.535,-0.00015174,1
14.535,-0.00018379,1
14.536,-0.00011699,1
14.536,-4.1627e-05,1
14.537,-3.3402e-05,1
14.537,-7.9393e-05,1
14.538,-0.00011984,1
14.538,-0.00011095,1
14.539,-5.5558e-05,1
14.54,1.1749e-05,1
14.54,7.1839e-05,1
14.541,0.00012068,1
14.541,0.0001368,1
14.542,0.00011632,1
14.542,9.2149e-05,1
14.543,7.7882e-05,1
14.543,3.9277e-05,1
14.544,-1.8631e-05,1
14.544,-5.7237e-05,1
14.545,-5.9251e-05,1
14.545,-2.1988e-05,1
14.546,3.9277e-05,1
14.546,0.00010004,1
14.547,0.0001378,1
14.547,0.00015744,1
14.548,0.00018849,1
14.548,0.00024254,1
14.549,0.00030867,1
14.549,0.00035735,1
14.55,0.00035265,1
14.55,0.00028182,1
14.551,0.00017708,1
14.551,8.1743e-05,1
14.552,2.7024e-05,1
14.552,2.3667e-05,1
14.553,4.9348e-05,1
14.554,6.1097e-05,1
14.554,4.0787e-05,1
14.555,5.539e-06,1
14.555,-2.3331e-05,1
14.556,-4.8173e-05,1
14.556,-7.5029e-05,1
14.557,-9.6849e-05,1
14.557,-0.00011229,1
14.558,-0.00013143,1
14.558,-0.00014553,1
14.559,-0.00014049,1
14.559,-0.00011296,1
14.56,-4.3137e-05,1
14.56,5.9419e-05,1
14.561,0.00013008,1
14.561,0.00012807,1
14.562,6.244e-05,1
14.562,1.8463e-06,1
14.563,-1.5946e-05,1
14.563,-3.3066e-05,1
14.564,-7.6204e-05,1
14.564,-0.00011901,1
14.565,-0.00013445,1
14.565,-0.00012421,1
14.566,-9.6849e-05,1
14.566,-6.9657e-05,1
14.567,-3.3906e-05,1
14.568,1.0575e-05,1
14.568,5.6565e-05,1
14.569,0.00010809,1
14.569,0.00015828,1
14.57,0.00018715,1
14.57,0.00019152,1
14.571,0.00018766,1
14.571,0.00017121,1
14.572,0.00012454,1
14.572,4.8005e-05,1
14.573,-2.887e-05,1
14.573,-8.4596e-05,1
14.574,-0.00012438,1
14.574,-0.00016197,1
14.575,-0.00018698,1
14.575,-0.00018195,1
14.576,-0.00014435,1
14.576,-8.5603e-05,1
14.577,5.2033e-06,1
14.577,0.000118,1
14.578,0.00019403,1
14.578,0.00021149,1
14.579,0.00016667,1
14.579,7.6539e-05,1
14.58,-2.5681e-05,1
14.581,-8.2078e-05,1
14.581,-0.00010759,1
14.582,-0.00015409,1
14.582,-0.00023281,1
14.583,-0.00031757,1
14.583,-0.00035601,1
14.584,-0.00031455,1
14.584,-0.00022441,1
14.585,-0.00011884,1
14.585,-2.182e-06,1
14.586,0.00012186,1
14.586,0.00021871,1
14.587,0.00027813,1
14.587,0.00030767,1
14.588,0.00030263,1
14.588,0.00027242,1
14.589,0.00022374,1
14.589,0.00016584,1
14.59,0.00011716,1
14.59,9.1142e-05,1
14.591,8.6778e-05,1
14.591,9.4667e-05,1
14.592,9.6178e-05,1
14.592,8.0903e-05,1
14.593,5.6565e-05,1
14.594,3.5584e-05,1
14.594,2.7527e-05,1
14.595,3.6759e-05,1
14.595,6.1601e-05,1
14.596,8.9296e-05,1
14.596,0.00011666,1
14.597,0.00013411,1
14.597,0.00013143,1
14.598,0.00010155,1
14.598,4.8173e-05,1
14.599,-1.5274e-05,1
14.599,-6.8818e-05,1
14.6,-0.00010256,1
14.6,-0.00012555,1
14.601,-0.00013931,1
14.601,-0.00013495,1
14.602,-0.00011296,1
14.602,-9.0135e-05,1
14.603,-7.5029e-05,1
14.603,-5.8244e-05,1
14.604,-2.8702e-05,1
14.604,6.8818e-06,1
14.605,3.2395e-05,1
14.605,4.1459e-05,1
14.606,3.7766e-05,1
14.606,1.9135e-05,1
14.607,-1.326e-05,1
14.608,-4.448e-05,1
14.608,-6.4118e-05,1
14.609,-6.7643e-05,1
14.609,-5.8915e-05,1
14.61,-4.8844e-05,1
14.61,-4.448e-05,1
14.611,-4.448e-05,1
14.611,-3.978e-05,1
14.612,-2.4338e-05,1
14.612,1.6785e-07,1
14.613,4.1291e-05,1
14.613,0.00010121,1
14.614,0.00015862,1
14.614,0.00018379,1
14.615,0.00017288,1
14.615,0.00015962,1
14.616,0.00015962,1
14.616,0.0001519,1
14.617,0.00011565,1
14.617,5.5222e-05,1
14.618,-1.7792e-05,1
14.618,-0.00010004,1
14.619,-0.00017221,1
14.619,-0.0001989,1
14.62,-0.0001556,1
14.62,-5.8244e-05,1
14.621,3.7095e-05,1
14.622,8.191e-05,1
14.622,7.8218e-05,1
14.623,6.2272e-05,1
14.623,6.5629e-05,1
14.624,8.275e-05,1
14.624,0.00010306,1
14.625,0.00012169,1
14.625,0.00011061,1
14.626,6.1265e-05,1
14.626,6.714e-06,1
14.627,-2.3835e-05,1
14.627,-3.0213e-05,1
14.628,-2.3331e-05,1
14.628,-1.8463e-05,1
14.629,-1.9806e-05,1
14.629,-2.0142e-05,1
14.63,-3.6927e-06,1
14.63,3.2563e-05,1
14.631,7.2847e-05,1
14.631,0.0001185,1
14.632,0.00016936,1
14.632,0.00020024,1
14.633,0.00019991,1
14.633,0.00017473,1
14.634,0.00013277,1
14.635,8.7114e-05,1
14.635,4.5487e-05,1
14.636,7.7211e-06,1
14.636,-3.2395e-05,1
14.637,-6.6468e-05,1
14.637,-9.3996e-05,1
14.638,-0.00011649,1
14.638,-0.00012505,1
14.639,-0.00011833,1
14.639,-0.00011347,1
14.64,-0.0001138,1
14.64,-0.00010977,1
14.641,-9.2485e-05,1
14.641,-6.0761e-05,1
14.642,-2.1485e-05,1
14.642,8.2246e-06,1
14.643,2.1317e-05,1
14.643,2.7192e-05,1
14.644,4.1123e-05,1
14.644,6.4958e-05,1
14.645,7.335e-05,1
14.645,4.3473e-05,1
14.646,-2.5849e-05,1
14.646,-0.0001227,1
14.647,-0.0001848,1
14.648,-0.00010759,1
14.648,4.4816e-05,1
14.649,0.00011934,1
14.649,8.5267e-05,1
14.65,2.031e-05,1
14.65,1.1917e-05,1
14.651,7.4022e-05,1
14.651,0.00016886,1
14.652,0.00026503,1
14.652,0.00033687,1
14.653,0.00035013,1
14.653,0.00029458,1
14.654,0.00020746,1
14.654,0.00012857,1
14.655,6.6972e-05,1
14.655,1.0239e-05,1
14.656,-4.5823e-05,1
14.656,-9.2821e-05,1
14.657,-0.0001138,1
14.657,-9.6513e-05,1
14.658,-5.7069e-05,1
14.658,-3.3234e-05,1
14.659,-3.743e-05,1
14.659,-5.2033e-05,1
14.66,-5.8747e-05,1
14.66,-5.2201e-05,1
14.661,-3.6088e-05,1
14.662,-1.9806e-05,1
14.662,-5.0355e-06,1
14.663,1.8463e-06,1
14.663,-5.2033e-06,1
14.664,-2.1653e-05,1
14.664,-4.5151e-05,1
14.665,-7.5868e-05,1
14.665,-0.0001091,1
14.666,-0.00012421,1
14.666,-0.00010541,1
14.667,-7.6371e-05,1
14.667,-6.7308e-05,1
14.668,-9.6345e-05,1
14.668,-0.00015358,1
14.669,-0.00015358,1
14.669,-6.8315e-05,1
14.67,1.4099e-05,1
14.67,3.1556e-05,1
14.671,7.2175e-06,1
14.671,-1.0575e-05,1
14.672,3.357e-06,1
14.672,4.3305e-05,1
14.673,0.00011749,1
14.673,0.00023415,1
14.674,0.00035097,1
14.675,0.00039528,1
14.675,0.00033922,1
14.676,0.00022542,1
14.676,0.00011531,1
14.677,4.1459e-05,1
14.677,1.0575e-05,1
14.678,-1.8463e-06,1
14.678,-2.9038e-05,1
14.679,-6.4286e-05,1
14.679,-7.7211e-05,1
14.68,-5.9251e-05,1
14.68,-3.5248e-06,1
14.681,8.3421e-05,1
14.681,0.00016164,1
14.682,0.0001895,1
14.682,0.00016097,1
14.683,0.0001086,1
14.683,6.0929e-05,1
14.684,2.4002e-05,1
14.684,-5.0355e-07,1
14.685,-5.7069e-06,1
14.685,-5.0355e-07,1
14.686,8.3925e-07,1
14.686,2.5177e-06,1
14.687,1.0407e-05,1
14.687,2.0478e-05,1
14.688,2.9709e-05,1
14.689,4.0452e-05,1
14.689,5.5894e-05,1
14.69,7.1168e-05,1
14.69,7.9393e-05,1
14.691,8.0064e-05,1
14.691,8.0735e-05,1
14.692,8.7114e-05,1
14.692,8.3757e-05,1
14.693,6.3615e-05,1
14.693,4.5319e-05,1
14.694,3.3234e-05,1
14.694,3.357e-06,1
14.695,-6.3951e-05,1
14.695,-0.00013713,1
14.696,-0.00019152,1
14.696,-0.00021971,1
14.697,-0.00022106,1
14.697,-0.00020243,1
14.698,-0.00017775,1
14.698,-0.00015258,1
14.699,-0.00011666,1
14.699,-6.6972e-05,1
14.7,2.0981e-05,1
14.7,0.00017104,1
14.701,0.00029508,1
14.701,0.00030112,1
14.702,0.00019252,1
14.703,4.8508e-05,1
14.703,-4.7501e-05,1
14.704,-8.3421e-05,1
14.704,-0.00010105,1
14.705,-0.00010826,1
14.705,-8.1407e-05,1
14.706,-3.6759e-05,1
14.706,1.0071e-06,1
14.707,2.887e-05,1
14.707,3.8605e-05,1
14.708,2.3667e-05,1
14.708,-7.7211e-06,1
14.709,-3.1556e-05,1
14.709,-3.3234e-05,1
14.71,-2.2492e-05,1
14.71,-1.4939e-05,1
14.711,-1.6953e-05,1
14.711,-2.2995e-05,1
14.712,-1.6953e-05,1
14.712,2.182e-06,1
14.713,2.501e-05,1
14.713,4.448e-05,1
14.714,5.8915e-05,1
14.714,6.8986e-05,1
14.715,8.8457e-05,1
14.716,0.00013008,1
14.716,0.00017322,1
14.717,0.00018782,1
14.717,0.00015895,1
14.718,0.00010004,1
14.718,4.3473e-05,1
14.719,1.0575e-05,1
14.719,-6.2104e-06,1
14.72,-2.3667e-05,1
14.72,-3.978e-05,1
14.721,-5.0523e-05,1
14.721,-5.6565e-05,1
14.722,-5.9922e-05,1
14.722,-6.1433e-05,1
14.723,-5.9922e-05,1
14.723,-6.8818e-05,1
14.724,-9.131e-05,1
14.724,-9.9367e-05,1
14.725,-8.0735e-05,1
14.725,-5.7069e-05,1
14.726,-4.3809e-05,1
14.726,-5.069e-05,1
14.727,-6.9993e-05,1
14.727,-6.0594e-05,1
14.728,-6.8818e-06,1
14.729,7.2679e-05,1
14.729,0.00013545,1
14.73,0.00014888,1
14.73,0.0001274,1
14.731,0.00010961,1
14.731,0.00011229,1
14.732,0.0001274,1
14.732,0.0001415,1
14.733,0.0001556,1
14.733,0.00017171,1
14.734,0.00017943,1
14.734,0.00015795,1
14.735,0.00010726,1
14.735,5.9419e-05,1
14.736,4.1794e-05,1
14.736,4.3473e-05,1
14.737,4.5991e-05,1
14.737,4.8341e-05,1
14.738,5.0187e-05,1
14.738,4.9516e-05,1
14.739,4.5151e-05,1
14.739,3.8773e-05,1
14.74,3.5248e-05,1
14.74,3.5248e-05,1
14.741,4.0116e-05,1
14.741,4.0452e-05,1
14.742,2.4674e-05,1
14.743,-7.8889e-06,1
14.743,-3.4913e-05,1
14.744,-3.5584e-05,1
14.744,-2.3331e-05,1
14.745,-2.2492e-05,1
14.745,-3.4073e-05,1
14.746,-3.7934e-05,1
14.746,-2.7359e-05,1
14.747,-1.2757e-05,1
14.747,-3.8605e-06,1
14.748,-2.8534e-06,1
14.748,-9.7353e-06,1
14.749,-1.7121e-05,1
14.749,-1.9638e-05,1
14.75,-1.6114e-05,1
14.75,-3.8605e-06,1
14.751,1.6281e-05,1
14.751,2.5345e-05,1
14.752,1.0239e-05,1
14.752,-1.8463e-05,1
14.753,-3.3738e-05,1
14.753,-3.8102e-05,1
14.754,-4.5823e-05,1
14.754,-5.6733e-05,1
14.755,-6.4286e-05,1
14.755,-6.0594e-05,1
14.756,-4.2298e-05,1
14.757,-1.9135e-05,1
14.757,6.5461e-06,1
14.758,4.448e-05,1
14.758,0.00010256,1
14.759,0.0001744,1
14.759,0.00023818,1
14.76,0.00027141,1
14.76,0.00026033,1
14.761,0.00020964,1
14.761,0.00013613,1
14.762,5.6397e-05,1
14.762,-1.3092e-05,1
14.763,-4.918e-05,1
14.763,-5.2537e-05,1
14.764,-5.0187e-05,1
14.764,-5.8412e-05,1
14.765,-6.4958e-05,1
14.765,-5.3544e-05,1
14.766,-3.2227e-05,1
14.766,-9.0639e-06,1
14.767,8.896e-06,1
14.767,1.3931e-05,1
14.768,2.1149e-05,1
14.768,4.5487e-05,1
14.769,7.1504e-05,1
14.77,8.0903e-05,1
14.77,6.2943e-05,1
14.771,1.1917e-05,1
14.771,-4.8508e-05,1
14.772,-0.00010558,1
14.772,-0.00020377,1
14.773,-0.00028299,1
14.773,-0.00029894,1
14.774,-0.00031153,1
14.774,-0.00034678,1
14.775,-0.00036255,1
14.775,-0.0003117,1
14.776,-0.00020729,1
14.776,-8.6778e-05,1
14.777,3.4577e-05,1
14.777,0.00016634,1
14.778,0.00031942,1
14.778,0.00046847,1
14.779,0.00055541,1
14.779,0.00054064,1
14.78,0.00045202,1
14.78,0.00033536,1
14.781,0.00022274,1
14.781,0.0001425,1
14.782,0.00011598,1
14.783,0.00012723,1
14.783,0.00012857,1
14.784,9.7353e-05,1
14.784,3.5584e-05,1
14.785,-3.4241e-05,1
14.785,-5.1698e-05,1
14.786,-1.0071e-05,1
14.786,1.3764e-05,1
14.787,-2.6352e-05,1
14.787,-0.00010574,1
14.788,-0.00017641,1
14.788,-0.00020511,1
14.789,-0.00019168,1
14.789,-0.00015274,1
14.79,-0.00010205,1
14.79,-5.2705e-05,1
14.791,-1.0407e-05,1
14.791,3.4745e-05,1
14.792,7.6036e-05,1
14.792,8.5771e-05,1
14.793,7.0329e-05,1
14.793,7.6875e-05,1
14.794,0.00011716,1
14.794,0.0001462,1
14.795,0.00013478,1
14.795,0.00010457,1
14.796,7.8386e-05,1
14.797,5.2705e-05,1
14.797,2.4674e-05,1
14.798,-4.1962e-06,1
14.798,-1.8463e-05,1
14.799,-1.1749e-05,1
14.799,-1.8463e-06,1
14.8,-3.1891e-06,1
14.8,-1.7792e-05,1
14.801,-4.1962e-05,1
14.801,-6.6972e-05,1
14.802,-8.191e-05,1
14.802,-8.4092e-05,1
14.803,-7.5364e-05,1
14.803,-6.1936e-05,1
14.804,-5.153e-05,1
14.804,-4.9683e-05,1
14.805,-5.1362e-05,1
14.805,-4.3641e-05,1
14.806,-2.3163e-05,1
14.806,-6.3783e-06,1
14.807,-1.7624e-05,1
14.807,-4.8508e-05,1
14.808,-7.9728e-05,1
14.808,-9.6513e-05,1
14.809,-8.4092e-05,1
14.809,-4.6662e-05,1
14.81,-5.7069e-06,1
14.811,2.4002e-05,1
14.811,4.0116e-05,1
14.812,4.5487e-05,1
14.812,5.304e-05,1
14.813,7.1336e-05,1
14.813,0.00010457,1
14.814,0.00015274,1
14.814,0.00020327,1
14.815,0.00023415,1
14.815,0.00023046,1
14.816,0.00018984,1
14.816,0.00013629,1
14.817,9.2149e-05,1
14.817,6.3111e-05,1
14.818,4.7837e-05,1
14.818,4.0452e-05,1
14.819,4.1291e-05,1
14.819,4.8173e-05,1
14.82,4.8676e-05,1
14.82,3.6423e-05,1
14.821,1.8967e-05,1
14.821,8.3925e-06,1
14.822,9.2317e-06,1
14.822,7.2175e-06,1
14.823,-8.3925e-06,1
14.824,-2.9038e-05,1
14.824,-4.5655e-05,1
14.825,-5.7404e-05,1
14.825,-6.6804e-05,1
14.826,-7.5532e-05,1
14.826,-7.7379e-05,1
14.827,-6.7475e-05,1
14.827,-4.8844e-05,1
14.828,-2.8534e-05,1
14.828,-1.4939e-05,1
14.829,-3.5248e-06,1
14.829,1.1078e-05,1
14.83,2.9374e-05,1
14.83,4.213e-05,1
14.831,2.652e-05,1
14.831,1.6281e-05,1
14.832,2.7527e-05,1
14.832,4.1794e-05,1
14.833,4.0787e-05,1
14.833,2.2995e-05,1
14.834,1.5106e-06,1
14.834,-9.3996e-06,1
14.835,-5.2033e-06,1
14.835,1.9638e-05,1
14.836,7.0832e-05,1
14.836,0.00011464,1
14.837,0.00010574,1
14.838,5.2873e-05,1
14.838,5.2033e-06,1
14.839,-2.8534e-06,1
14.839,1.9806e-05,1
14.84,4.2466e-05,1
14.84,5.623e-05,1
14.841,7.1e-05,1
14.841,8.7785e-05,1
14.842,8.9464e-05,1
14.842,6.8315e-05,1
14.843,4.3137e-05,1
14.843,2.9374e-05,1
14.844,2.182e-05,1
14.844,1.326e-05,1
14.845,5.2033e-06,1
14.845,5.2033e-06,1
14.846,1.2589e-05,1
14.846,1.8128e-05,1
14.847,1.1078e-05,1
14.847,-1.4603e-05,1
14.848,-5.1698e-05,1
14.848,-9.1478e-05,1
14.849,-0.00012035,1
14.849,-0.00013378,1
14.85,-0.00015325,1
14.851,-0.00018917,1
14.851,-0.00021418,1
14.852,-0.00019152,1
14.852,-0.0001232,1
14.853,-3.3906e-05,1
14.853,6.1265e-05,1
14.854,0.00014116,1
14.854,0.00017708,1
14.855,0.00017624,1
14.855,0.00017977,1
14.856,0.00019252,1
14.856,0.00019454,1
14.857,0.00018061,1
14.857,0.00015325,1
14.858,0.00011196,1
14.858,6.5461e-05,1
14.859,3.1724e-05,1
14.859,2.7359e-05,1
14.86,5.5894e-05,1
14.86,9.5171e-05,1
14.861,0.00011901,1
14.861,0.00012538,1
14.862,0.00012169,1
14.862,0.00010256,1
14.863,5.9419e-05,1
14.864,-2.182e-06,1
14.864,-6.2272e-05,1
14.865,-9.4499e-05,1
14.865,-9.5171e-05,1
14.866,-7.7043e-05,1
14.866,-5.5558e-05,1
14.867,-4.0955e-05,1
14.867,-3.4241e-05,1
14.868,-2.6352e-05,1
14.868,-7.5532e-06,1
14.869,2.0142e-05,1
14.869,4.4648e-05,1
14.87,5.9586e-05,1
14.87,7.335e-05,1
14.871,8.51e-05,1
14.871,8.4932e-05,1
14.872,7.2343e-05,1
14.872,6.3615e-05,1
14.873,6.5293e-05,1
14.873,5.9922e-05,1
14.874,3.7766e-05,1
14.874,1.4267e-05,1
14.875,8.896e-06,1
14.875,8.896e-06,1
14.876,4.8676e-06,1
14.876,3.357e-07,1
14.877,-1.2924e-05,1
14.878,-3.5752e-05,1
14.878,-7.8218e-05,1
14.879,-0.00014267,1
14.879,-0.00020226,1
14.88,-0.00022576,1
14.88,-0.00021434,1
14.881,-0.00019101,1
14.881,-0.00015996,1
14.882,-0.00010373,1
14.882,-2.2324e-05,1
14.883,7.2343e-05,1
14.883,0.00016835,1
14.884,0.00023381,1
14.884,0.00026235,1
14.885,0.00026755,1
14.885,0.00023868,1
14.886,0.00017037,1
14.886,8.275e-05,1
14.887,3.357e-07,1
14.887,-5.4551e-05,1
14.888,-7.9057e-05,1
14.888,-8.1743e-05,1
14.889,-6.7979e-05,1
14.889,-4.5823e-05,1
14.89,-2.3331e-05,1
14.89,-3.1891e-06,1
14.891,1.6617e-05,1
14.892,4.5151e-05,1
14.892,8.2246e-05,1
14.893,0.00011363,1
14.893,0.00013143,1
14.894,0.0001326,1
14.894,0.0001133,1
14.895,8.0903e-05,1
14.895,4.6494e-05,1
14.896,-2.182e-06,1
14.896,-5.5726e-05,1
14.897,-8.0903e-05,1
14.897,-7.1839e-05,1
14.898,-4.7501e-05,1
14.898,-3.3402e-05,1
14.899,-4.7837e-05,1
14.899,-7.2175e-05,1
14.9,-7.0665e-05,1
14.9,-3.508e-05,1
14.901,1.4939e-05,1
14.901,5.4719e-05,1
14.902,7.0832e-05,1
14.902,6.3615e-05,1
14.903,4.213e-05,1
14.903,2.6688e-05,1
14.904,2.6352e-05,1
14.905,2.6688e-05,1
14.905,9.5674e-06,1
14.906,-2.8367e-05,1
14.906,-6.4958e-05,1
14.907,-6.6636e-05,1
14.907,-2.2324e-05,1
14.908,3.5752e-05,1
14.908,6.9657e-05,1
14.909,7.3518e-05,1
14.909,6.3615e-05,1
14.91,6.5629e-05,1
14.91,8.7953e-05,1
14.911,0.00011531,1
14.911,0.00013344,1
14.912,0.0001462,1
14.912,0.00015224,1
14.913,0.00014083,1
14.913,0.00011296,1
14.914,7.7546e-05,1
14.914,4.683e-05,1
14.915,2.8031e-05,1
14.915,1.5106e-05,1
14.916,6.3783e-06,1
14.916,-1.6785e-07,1
14.917,-7.7211e-06,1
14.918,-1.4603e-05,1
14.918,-1.8967e-05,1
14.919,-1.3428e-05,1
14.919,6.2104e-06,1
14.92,2.8367e-05,1
14.92,3.7263e-05,1
14.921,2.9206e-05,1
14.921,1.1246e-05,1
14.922,-6.8818e-06,1
14.922,-1.5274e-05,1
14.923,-9.0639e-06,1
14.923,-1.0071e-06,1
14.924,-1.5274e-05,1
14.924,-5.4887e-05,1
14.925,-9.4667e-05,1
14.925,-0.0001086,1
14.926,-8.6107e-05,1
14.926,-3.8941e-05,1
14.927,-1.3931e-05,1
14.927,-3.9109e-05,1
14.928,-6.8147e-05,1
14.928,-5.1698e-05,1
14.929,-6.8818e-06,1
14.929,2.6017e-05,1
14.93,3.743e-05,1
14.93,3.1724e-05,1
14.931,1.4603e-05,1
14.932,-5.539e-06,1
14.932,-2.6352e-05,1
14.933,-3.9612e-05,1
14.933,-3.2395e-05,1
14.934,8.3925e-07,1
14.934,3.978e-05,1
14.935,6.1936e-05,1
14.935,6.8315e-05,1
14.936,7.6036e-05,1
14.936,9.2485e-05,1
14.937,0.00011196,1
14.937,0.00012119,1
14.938,0.00011431,1
14.938,9.6345e-05,1
14.939,7.6371e-05,1
14.939,5.8747e-05,1
14.94,4.8173e-05,1
14.94,4.8508e-05,1
14.941,5.4551e-05,1
14.941,5.6565e-05,1
14.942,5.2873e-05,1
14.942,4.4816e-05,1
14.943,3.508e-05,1
14.943,2.9038e-05,1
14.944,2.501e-05,1
14.944,1.9135e-05,1
14.945,1.2253e-05,1
14.946,1.1582e-05,1
14.946,1.8296e-05,1
14.947,2.0645e-05,1
14.947,1.2589e-05,1
14.948,-5.2033e-06,1
14.948,-2.4674e-05,1
14.949,-3.8773e-05,1
14.949,-4.5823e-05,1
14.95,-5.153e-05,1
14.95,-5.388e-05,1
14.951,-4.062e-05,1
14.951,-1.8296e-05,1
14.952,-5.0355e-06,1
14.952,-7.5532e-06,1
14.953,-1.4603e-05,1
14.953,-2.4506e-05,1
14.954,-3.9612e-05,1
14.954,-4.7501e-05,1
14.955,-3.4241e-05,1
14.955,-5.2033e-06,1
14.956,2.7024e-05,1
14.956,5.6062e-05,1
14.957,8.5603e-05,1
14.957,0.00012203,1
14.958,0.0001655,1
14.959,0.00019857,1
14.959,0.00019991,1
14.96,0.00016483,1
14.96,0.0001086,1
14.961,5.153e-05,1
14.961,-1.6785e-06,1
14.962,-5.3208e-05,1
14.962,-8.9464e-05,1
14.963,-9.9535e-05,1
14.963,-8.2582e-05,1
14.964,-4.7333e-05,1
14.964,-4.0284e-06,1
14.965,5.8915e-05,1
14.965,0.00012874,1
14.966,0.00016147,1
14.966,0.00012639,1
14.967,5.6062e-05,1
14.967,8.896e-06,1
14.968,4.8676e-06,1
14.968,1.4939e-05,1
14.969,1.1246e-05,1
14.969,-4.3641e-06,1
14.97,-1.7121e-05,1
14.97,-2.501e-05,1
14.971,-2.9877e-05,1
14.972,-1.9303e-05,1
14.972,5.539e-06,1
14.973,2.266e-05,1
14.973,2.2492e-05,1
14.974,1.3596e-05,1
14.974,6.3783e-06,1
14.975,2.5177e-06,1
14.975,1.8463e-06,1
14.976,5.2033e-06,1
14.976,1.4267e-05,1
14.977,2.031e-05,1
14.977,1.5778e-05,1
14.978,4.8676e-06,1
14.978,5.0355e-07,1
14.979,1.8296e-05,1
14.979,5.1865e-05,1
14.98,7.4357e-05,1
14.98,7.0665e-05,1
14.981,4.9516e-05,1
14.981,2.1317e-05,1
14.982,-5.0355e-06,1
14.982,-2.0981e-05,1
14.983,-2.4338e-05,1
14.983,-2.266e-05,1
14.984,-2.8534e-05,1
14.984,-4.5319e-05,1
14.985,-6.7308e-05,1
14.986,-8.5435e-05,1
14.986,-9.836e-05,1
14.987,-0.00012203,1
14.987,-0.00014368,1
14.988,-0.00013394,1
14.988,-8.7282e-05,1
14.989,-3.0549e-05,1
14.989,9.9031e-06,1
14.99,3.6255e-05,1
14.99,6.0258e-05,1
14.991,8.5771e-05,1
14.991,0.00010927,1
14.992,0.00012471,1
14.992,0.00013411,1
14.993,0.00013881,1
14.993,0.00013478,1
14.994,0.00012303,1
14.994,9.8695e-05,1
14.995,5.8915e-05,1
14.995,2.0813e-05,1
14.996,5.8747e-06,1
14.996,1.7624e-05,1
14.997,4.1123e-05,1
14.997,6.3951e-05,1
14.998,7.9057e-05,1
14.998,8.5435e-05,1
14.999,8.1071e-05,1
15,6.4118e-05,1
15,3.2898e-05,1
15.001,1.1749e-06,1
15.001,-2.5177e-06,1
15.002,1.0407e-05,1
15.002,1.5274e-05,1
15.003,6.2104e-06,1
15.003,-3.6927e-06,1
15.004,-7.8889e-06,1
15.004,-9.9031e-06,1
15.005,-1.0407e-05,1
15.005,-5.7069e-06,1
15.006,6.3783e-06,1
15.006,1.8631e-05,1
15.007,1.8631e-05,1
15.007,7.7211e-06,1
15.008,5.2033e-06,1
15.008,1.326e-05,1
15.009,1.796e-05,1
15.009,1.796e-05,1
15.01,2.4338e-05,1
15.01,4.8844e-05,1
15.011,8.4932e-05,1
15.011,0.0001133,1
15.012,0.00011464,1
15.013,0.00010021,1
15.013,9.5842e-05,1
15.014,9.7856e-05,1
15.014,8.7785e-05,1
15.015,6.63e-05,1
15.015,4.0116e-05,1
15.016,1.1917e-05,1
15.016,-1.8631e-05,1
15.017,-4.8676e-05,1
15.017,-6.7979e-05,1
15.018,-7.1839e-05,1
15.018,-6.6468e-05,1
15.019,-5.5726e-05,1
15.019,-4.1123e-05,1
15.02,-3.4913e-05,1
15.02,-4.1459e-05,1
15.021,-6.1433e-05,1
15.021,-0.00010977,1
15.022,-0.00016332,1
15.022,-0.00017087,1
15.023,-0.00011867,1
15.023,-2.6184e-05,1
15.024,6.3783e-05,1
15.024,0.00011498,1
15.025,0.00012203,1
15.025,0.00010591,1
15.026,9.5003e-05,1
15.027,9.8192e-05,1
15.027,9.6178e-05,1
15.028,6.714e-05,1
15.028,7.2175e-06,1
15.029,-5.8244e-05,1
15.029,-9.6345e-05,1
15.03,-0.00010541,1
15.03,-9.9535e-05,1
15.031,-8.191e-05,1
15.031,-6.1601e-05,1
15.032,-4.0452e-05,1
15.032,-1.8463e-05,1
15.033,0,1
15.033,1.9806e-05,1
15.034,4.3473e-05,1
15.034,6.5293e-05,1
15.035,8.3757e-05,1
15.035,0.00010793,1
15.036,0.00014049,1
15.036,0.00017171,1
15.037,0.00018849,1
15.037,0.00018296,1
15.038,0.00016533,1
15.038,0.00015023,1
15.039,0.00013814,1
15.04,0.00012555,1
15.04,0.00011733,1
15.041,0.00011632,1
15.041,0.00011716,1
15.042,0.00011984,1
15.042,0.00011766,1
15.043,9.2485e-05,1
15.043,4.4312e-05,1
15.044,-3.5248e-06,1
15.044,-2.7695e-05,1
15.045,-3.4073e-05,1
15.045,-4.3137e-05,1
15.046,-5.388e-05,1
15.046,-6.2608e-05,1
15.047,-7.5364e-05,1
15.047,-9.1142e-05,1
15.048,-9.8863e-05,1
15.048,-8.2918e-05,1
15.049,-4.2466e-05,1
15.049,7.0497e-06,1
15.05,4.6326e-05,1
15.05,6.0929e-05,1
15.051,5.3208e-05,1
15.051,3.6423e-05,1
15.052,1.8967e-05,1
15.053,2.5177e-06,1
15.053,-1.091e-05,1
15.054,-1.4771e-05,1
15.054,-1.796e-05,1
15.055,-3.3738e-05,1
15.055,-6.3447e-05,1
15.056,-8.9128e-05,1
15.056,-9.7017e-05,1
15.057,-0.00010155,1
15.057,-0.00011917,1
15.058,-0.0001655,1
15.058,-0.00023449,1
15.059,-0.0002647,1
15.059,-0.00022206,1
15.06,-0.00013848,1
15.06,-8.5267e-05,1
15.061,-8.6107e-05,1
15.061,-9.1814e-05,1
15.062,-5.3208e-05,1
15.062,4.6662e-05,1
15.063,0.00019152,1
15.063,0.00034527,1
15.064,0.00046645,1
15.064,0.00051748,1
15.065,0.00048559,1
15.065,0.00040116,1
15.066,0.00032445,1
15.067,0.00028148,1
15.067,0.00024271,1
15.068,0.0001791,1
15.068,0.00010457,1
15.069,4.7501e-05,1
15.069,1.2253e-05,1
15.07,-1.5946e-05,1
15.07,-3.9277e-05,1
15.071,-5.1865e-05,1
15.071,-5.4047e-05,1
15.072,-5.6733e-05,1
15.072,-7.1672e-05,1
15.073,-9.2988e-05,1
15.073,-0.00010692,1
15.074,-0.00010877,1
15.074,-9.8192e-05,1
15.075,-8.1407e-05,1
15.075,-6.2776e-05,1
15.076,-4.6494e-05,1
15.076,-3.6927e-05,1
15.077,-4.2802e-05,1
15.077,-5.7908e-05,1
15.078,-6.5629e-05,1
15.078,-5.304e-05,1
15.079,-2.4338e-05,1
15.079,-1.5106e-06,1
15.08,5.539e-06,1
15.081,2.8534e-06,1
15.081,-5.539e-06,1
15.082,-2.4842e-05,1
15.082,-4.7501e-05,1
15.083,-6.5965e-05,1
15.083,-6.9154e-05,1
15.084,-5.539e-05,1
15.084,-3.7263e-05,1
15.085,-2.2324e-05,1
15.085,-1.6281e-05,1
15.086,-9.0639e-06,1
15.086,1.2589e-05,1
15.087,3.8773e-05,1
15.087,6.6972e-05,1
15.088,0.00010726,1
15.088,0.0001519,1
15.089,0.00018296,1
15.089,0.00018648,1
15.09,0.00015392,1
15.09,0.00010071,1
15.091,6.0929e-05,1
15.091,3.8102e-05,1
15.092,1.9974e-05,1
15.092,3.6927e-06,1
15.093,-8.0568e-06,1
15.094,-1.6281e-05,1
15.094,-1.8967e-05,1
15.095,-1.8631e-05,1
15.095,-1.8296e-05,1
15.096,-1.7624e-05,1
15.096,-1.4267e-05,1
15.097,-4.8676e-06,1
15.097,1.091e-05,1
15.098,2.5345e-05,1
15.098,2.4002e-05,1
15.099,1.1749e-06,1
15.099,-3.3738e-05,1
15.1,-7.1168e-05,1
15.1,-0.00010809,1
15.101,-0.00014083,1
15.101,-0.00015492,1
15.102,-0.00015224,1
15.102,-0.00015409,1
15.103,-0.00015979,1
15.103,-0.00014939,1
15.104,-0.00011229,1
15.104,-4.7166e-05,1
15.105,4.7333e-05,1
15.105,0.00015694,1
15.106,0.00026033,1
15.107,0.00035937,1
15.107,0.00044027,1
15.108,0.00046712,1
15.108,0.00042046,1
15.109,0.00032412,1
15.109,0.00021065,1
15.11,9.0806e-05,1
15.11,-3.0045e-05,1
15.111,-0.00014351,1
15.111,-0.00022727,1
15.112,-0.00025429,1
15.112,-0.00023851,1
15.113,-0.00019823,1
15.113,-0.00014821,1
15.114,-7.3518e-05,1
15.114,3.5752e-05,1
15.115,0.00014989,1
15.115,0.00024691,1
15.116,0.00032311,1
15.116,0.00036608,1
15.117,0.00035164,1
15.117,0.00028249,1
15.118,0.00020041,1
15.118,0.00014015,1
15.119,0.00010188,1
15.119,6.9657e-05,1
15.12,2.8702e-05,1
15.121,-2.2492e-05,1
15.121,-6.865e-05,1
15.122,-9.5338e-05,1
15.122,-0.00011044,1
15.123,-0.00012773,1
15.123,-0.00014821,1
15.124,-0.00015727,1
15.124,-0.00014737,1
15.125,-0.00012723,1
15.125,-0.00011901,1
15.126,-0.00013361,1
15.126,-0.0001519,1
15.127,-0.0001472,1
15.127,-0.00011666,1
15.128,-7.5532e-05,1
15.128,-4.3137e-05,1
15.129,-3.5752e-05,1
15.129,-4.1291e-05,1
15.13,-3.0045e-05,1
15.13,4.8676e-06,1
15.131,5.4047e-05,1
15.131,9.2653e-05,1
15.132,8.896e-05,1
15.132,4.9348e-05,1
15.133,3.122e-05,1
15.133,6.5293e-05,1
15.134,0.00010961,1
15.135,0.00012824,1
15.135,0.00011128,1
15.136,6.7643e-05,1
15.136,1.9974e-05,1
15.137,-1.2253e-05,1
15.137,-2.6352e-05,1
15.138,-3.2731e-05,1
15.138,-3.1052e-05,1
15.139,-1.3596e-05,1
15.139,6.3783e-06,1
15.14,7.5532e-06,1
15.14,-8.3925e-07,1
15.141,1.3428e-06,1
15.141,6.5461e-06,1
15.142,8.0568e-06,1
15.142,2.4674e-05,1
15.143,6.8986e-05,1
15.143,0.00013613,1
15.144,0.00019152,1
15.144,0.00018883,1
15.145,0.00013344,1
15.145,6.4622e-05,1
15.146,5.0355e-07,1
15.146,-5.5055e-05,1
15.147,-8.3589e-05,1
15.148,-8.2078e-05,1
15.148,-7.0832e-05,1
15.149,-6.5629e-05,1
15.149,-6.2272e-05,1
15.15,-5.3544e-05,1
15.15,-3.3738e-05,1
15.151,5.0355e-06,1
15.151,5.6062e-05,1
15.152,0.00010138,1
15.152,0.00012505,1
15.153,0.00012857,1
15.153,0.00012136,1
15.154,0.00010088,1
15.154,7.3014e-05,1
15.155,5.8076e-05,1
15.155,2.8031e-05,1
15.156,-3.4409e-05,1
15.156,-0.00011649,1
15.157,-0.00018363,1
15.157,-0.0001994,1
15.158,-0.00016584,1
15.158,-0.00010625,1
15.159,-3.5248e-05,1
15.159,4.2802e-05,1
15.16,0.00012505,1
15.161,0.00019924,1
15.161,0.00024187,1
15.162,0.00024858,1
15.162,0.00021971,1
15.163,0.00013713,1
15.163,2.5177e-06,1
15.164,-0.00015106,1
15.164,-0.00027326,1
15.165,-0.00034224,1
15.165,-0.00035769,1
15.166,-0.00032546,1
15.166,-0.00026252,1
15.167,-0.00019504,1
15.167,-0.00013176,1
15.168,-4.7837e-05,1
15.168,9.0974e-05,1
15.169,0.00029525,1
15.169,0.00051395,1
15.17,0.00065982,1
15.17,0.0006907,1
15.171,0.00061147,1
15.171,0.00045957,1
15.172,0.00029928,1
15.172,0.00017893,1
15.173,0.00010121,1
15.173,4.8844e-05,1
15.174,1.2924e-05,1
15.175,-1.561e-05,1
15.175,-4.6326e-05,1
15.176,-7.5029e-05,1
15.176,-8.661e-05,1
15.177,-8.4764e-05,1
15.177,-8.8457e-05,1
15.178,-0.00010574,1
15.178,-0.00013243,1
15.179,-0.00015946,1
15.179,-0.00017473,1
15.18,-0.0001744,1
15.18,-0.00016399,1
15.181,-0.00015325,1
15.181,-0.00014385,1
15.182,-0.00012656,1
15.182,-9.2988e-05,1
15.183,-4.5487e-05,1
15.183,5.0355e-06,1
15.184,4.4144e-05,1
15.184,6.4286e-05,1
15.185,6.7643e-05,1
15.185,5.7237e-05,1
15.186,4.3977e-05,1
15.186,3.1388e-05,1
15.187,1.6281e-05,1
15.188,2.5177e-06,1
15.188,-1.8463e-06,1
15.189,-4.1962e-06,1
15.189,-1.5778e-05,1
15.19,-3.3402e-05,1
15.19,-4.7501e-05,1
15.191,-5.9754e-05,1
15.191,-6.6804e-05,1
15.192,-6.1936e-05,1
15.192,-4.918e-05,1
15.193,-3.5248e-05,1
15.193,-2.2156e-05,1
15.194,-6.5461e-06,1
15.194,1.326e-05,1
15.195,3.7095e-05,1
15.195,6.7643e-05,1
15.196,0.0001086,1
15.196,0.00014888,1
15.197,0.00016483,1
15.197,0.00015627,1
15.198,0.00013478,1
15.198,0.00010256,1
15.199,6.1601e-05,1
15.199,2.6688e-05,1
15.2,2.182e-05,1
15.2,4.0116e-05,1
15.201,5.153e-05,1
15.202,4.3977e-05,1
15.202,2.3163e-05,1
15.203,-3.357e-06,1
15.203,-2.5177e-05,1
15.204,-4.3977e-05,1
15.204,-6.3783e-05,1
15.205,-7.0497e-05,1
15.205,-6.1601e-05,1
15.206,-5.7908e-05,1
15.206,-7.9728e-05,1
15.207,-0.00011431,1
15.207,-0.00012387,1
15.208,-8.3421e-05,1
15.208,-2.3667e-05,1
15.209,3.0213e-06,1
15.209,-1.561e-05,1
15.21,-4.062e-05,1
15.21,-4.5151e-05,1
15.211,-3.5248e-05,1
15.211,-1.326e-05,1
15.212,2.266e-05,1
15.212,5.6901e-05,1
15.213,7.6371e-05,1
15.213,8.5771e-05,1
15.214,9.5506e-05,1
15.214,9.2149e-05,1
15.215,6.2608e-05,1
15.216,2.2324e-05,1
15.216,-3.5248e-06,1
15.217,-1.8631e-05,1
15.217,-2.3499e-05,1
15.218,-3.1891e-06,1
15.218,3.743e-05,1
15.219,7.4693e-05,1
15.219,0.00010658,1
15.22,0.000142,1
15.22,0.0001848,1
15.221,0.00023516,1
15.221,0.00027443,1
15.222,0.00028954,1
15.222,0.00028165,1
15.223,0.00024623,1
15.223,0.00018144,1
15.224,0.00010692,1
15.224,4.8005e-05,1
15.225,1.2253e-05,1
15.225,-7.8889e-06,1
15.226,-1.0239e-05,1
15.226,3.1052e-05,1
15.227,9.2149e-05,1
15.227,0.00011867,1
15.228,9.4163e-05,1
15.229,4.2298e-05,1
15.229,-7.0497e-06,1
15.23,-4.0787e-05,1
15.23,-6.63e-05,1
15.231,-8.1407e-05,1
15.231,-7.0832e-05,1
15.232,-3.4241e-05,1
15.232,-5.7069e-06,1
15.233,-6.3783e-06,1
15.233,-6.2104e-06,1
15.234,3.0045e-05,1
15.234,7.9057e-05,1
15.235,8.8457e-05,1
15.235,4.918e-05,1
15.236,-6.8818e-06,1
15.236,-4.7669e-05,1
15.237,-5.9251e-05,1
15.237,-5.2537e-05,1
15.238,-4.8508e-05,1
15.238,-6.1601e-05,1
15.239,-8.6275e-05,1
15.239,-0.00011901,1
15.24,-0.00014502,1
15.24,-0.000142,1
15.241,-0.00011615,1
15.242,-9.0303e-05,1
15.242,-7.8889e-05,1
15.243,-9.7688e-05,1
15.243,-0.00013562,1
15.244,-0.00014603,1
15.244,-0.00010188,1
15.245,-1.8967e-05,1
15.245,6.8315e-05,1
15.246,0.00012605,1
15.246,0.00014871,1
15.247,0.00015274,1
15.247,0.00015409,1
15.248,0.00015291,1
15.248,0.000142,1
15.249,0.0001274,1
15.249,0.0001185,1
15.25,0.00010625,1
15.25,8.2414e-05,1
15.251,5.9586e-05,1
15.251,5.388e-05,1
15.252,5.774e-05,1
15.252,5.3544e-05,1
15.253,3.4409e-05,1
15.253,7.3854e-06,1
15.254,-1.3596e-05,1
15.254,-2.6352e-05,1
15.255,-3.0045e-05,1
15.256,-2.501e-05,1
15.256,-1.5778e-05,1
15.257,-1.5274e-05,1
15.257,-3.2898e-05,1
15.258,-6.2943e-05,1
15.258,-8.661e-05,1
15.259,-8.3421e-05,1
15.259,-5.153e-05,1
15.26,-9.5674e-06,1
15.26,1.8967e-05,1
15.261,2.7863e-05,1
15.261,2.6688e-05,1
15.262,2.0813e-05,1
15.262,1.9135e-05,1
15.263,3.3402e-05,1
15.263,5.3376e-05,1
15.264,6.2776e-05,1
15.264,6.0929e-05,1
15.265,4.9348e-05,1
15.265,2.652e-05,1
15.266,3.5248e-06,1
15.266,-5.0355e-06,1
15.267,3.0213e-06,1
15.267,5.2033e-06,1
15.268,-1.796e-05,1
15.268,-4.2466e-05,1
15.269,-4.1459e-05,1
15.27,-2.031e-05,1
15.27,1.1749e-06,1
15.271,1.8296e-05,1
15.271,3.2731e-05,1
15.272,4.5151e-05,1
15.272,5.7572e-05,1
15.273,6.7979e-05,1
15.273,7.7043e-05,1
15.274,8.9128e-05,1
15.274,8.7785e-05,1
15.275,5.539e-05,1
15.275,1.6617e-05,1
15.276,-7.3854e-06,1
15.276,-2.7359e-05,1
15.277,-5.388e-05,1
15.277,-7.2175e-05,1
15.278,-8.7449e-05,1
15.278,-0.00011514,1
15.279,-0.00013143,1
15.279,-0.00012136,1
15.28,-9.5003e-05,1
15.28,-6.3783e-05,1
15.281,-2.5177e-05,1
15.281,3.0045e-05,1
15.282,9.0639e-05,1
15.283,0.00014788,1
15.283,0.00020494,1
15.284,0.00026336,1
15.284,0.00032462,1
15.285,0.00036641,1
15.285,0.00034762,1
15.286,0.00026235,1
15.286,0.0001472,1
15.287,5.153e-05,1
15.287,3.5248e-06,1
15.288,-1.0239e-05,1
15.288,-2.2492e-05,1
15.289,-4.8005e-05,1
15.289,-7.2007e-05,1
15.29,-6.4622e-05,1
15.29,-1.8967e-05,1
15.291,3.1388e-05,1
15.291,5.623e-05,1
15.292,5.5726e-05,1
15.292,4.5823e-05,1
15.293,2.8031e-05,1
15.293,-7.5532e-06,1
15.294,-4.7333e-05,1
15.294,-6.7643e-05,1
15.295,-7.4357e-05,1
15.296,-8.1407e-05,1
15.296,-8.2246e-05,1
15.297,-7.7546e-05,1
15.297,-8.04e-05,1
15.298,-9.2317e-05,1
15.298,-9.836e-05,1
15.299,-7.8218e-05,1
15.299,-2.8031e-05,1
15.3,2.6688e-05,1
15.3,6.8986e-05,1
15.301,8.5771e-05,1
15.301,6.8986e-05,1
15.302,2.6352e-05,1
15.302,-2.6352e-05,1
15.303,-6.1769e-05,1
15.303,-5.6062e-05,1
15.304,-3.2227e-05,1
15.304,-2.1653e-05,1
15.305,-1.5442e-05,1
15.305,3.8605e-06,1
15.306,3.3402e-05,1
15.306,6.4958e-05,1
15.307,8.9128e-05,1
15.307,0.00010994,1
15.308,0.00012538,1
15.308,0.00012723,1
15.309,0.0001091,1
15.31,6.9657e-05,1
15.31,2.6352e-05,1
15.311,-6.714e-07,1
15.311,-2.031e-05,1
15.312,-4.6159e-05,1
15.312,-5.6565e-05,1
15.313,-3.3738e-05,1
15.313,-1.091e-05,1
15.314,-4.5319e-06,1
15.314,7.2175e-06,1
15.315,3.743e-05,1
15.315,7.9057e-05,1
15.316,0.00012169,1
15.316,0.00015425,1
15.317,0.00014334,1
15.317,9.3492e-05,1
15.318,3.978e-05,1
15.318,-8.3925e-07,1
15.319,-2.2995e-05,1
15.319,-2.9374e-05,1
15.32,-3.8102e-05,1
15.32,-5.2873e-05,1
15.321,-6.3951e-05,1
15.321,-6.479e-05,1
15.322,-5.1362e-05,1
15.322,-2.3667e-05,1
15.323,1.3931e-05,1
15.324,4.5319e-05,1
15.324,5.9251e-05,1
15.325,6.4622e-05,1
15.325,7.0832e-05,1
15.326,7.5868e-05,1
15.326,7.0665e-05,1
15.327,5.153e-05,1
15.327,3.357e-05,1
15.328,2.8031e-05,1
15.328,5.2033e-06,1
15.329,-5.539e-05,1
15.329,-0.00010893,1
15.33,-0.00012454,1
15.33,-0.00010877,1
15.331,-7.7043e-05,1
15.331,-3.4745e-05,1
15.332,1.2757e-05,1
15.332,5.2201e-05,1
15.333,7.7714e-05,1
15.333,9.752e-05,1
15.334,0.0001133,1
15.334,0.00011095,1
15.335,9.3492e-05,1
15.335,8.1407e-05,1
15.336,7.0832e-05,1
15.337,4.6494e-05,1
15.337,9.9031e-06,1
15.338,-2.3331e-05,1
15.338,-3.3738e-05,1
15.339,-5.539e-06,1
15.339,4.6998e-05,1
15.34,8.9632e-05,1
15.34,9.6513e-05,1
15.341,6.9322e-05,1
15.341,2.9709e-05,1
15.342,-1.0071e-06,1
15.342,-8.896e-06,1
15.343,1.6617e-05,1
15.343,6.4958e-05,1
15.344,0.00010289,1
15.344,0.00010323,1
15.345,6.1601e-05,1
15.345,3.8605e-06,1
15.346,-2.5849e-05,1
15.346,-1.5442e-05,1
15.347,1.0407e-05,1
15.347,2.3163e-05,1
15.348,9.3996e-06,1
15.348,-2.1317e-05,1
15.349,-3.3906e-05,1
15.35,-8.3925e-07,1
15.35,4.3809e-05,1
15.351,5.2201e-05,1
15.351,1.7288e-05,1
15.352,-3.508e-05,1
15.352,-7.9561e-05,1
15.353,-9.9199e-05,1
15.353,-8.9632e-05,1
15.354,-5.5055e-05,1
15.354,-3.0213e-06,1
15.355,4.9851e-05,1
15.355,8.0903e-05,1
15.356,8.1407e-05,1
15.356,6.9322e-05,1
15.357,6.1265e-05,1
15.357,5.539e-05,1
15.358,4.3641e-05,1
15.358,2.1317e-05,1
15.359,-1.561e-05,1
15.359,-4.7166e-05,1
15.36,-5.539e-05,1
15.36,-4.062e-05,1
15.361,-1.8463e-06,1
15.361,4.1291e-05,1
15.362,5.8579e-05,1
15.362,4.062e-05,1
15.363,-8.5603e-06,1
15.364,-7.4022e-05,1
15.364,-0.00013109,1
15.365,-0.00015123,1
15.365,-0.00013243,1
15.366,-9.9031e-05,1
15.366,-7.5364e-05,1
15.367,-5.8412e-05,1
15.367,-3.7934e-05,1
15.368,5.0355e-07,1
15.368,8.275e-05,1
15.369,0.00021468,1
15.369,0.0003498,1
15.37,0.00041979,1
15.37,0.00039998,1
15.371,0.00032445,1
15.371,0.00024137,1
15.372,0.00017372,1
15.372,0.00011313,1
15.373,5.0187e-05,1
15.373,-1.7792e-05,1
15.374,-6.4958e-05,1
15.374,-7.4189e-05,1
15.375,-5.4887e-05,1
15.375,-3.0381e-05,1
15.376,-1.6281e-05,1
15.377,-1.1078e-05,1
15.377,-7.7211e-06,1
15.378,-3.8605e-06,1
15.378,-1.8463e-06,1
15.379,-5.539e-06,1
15.379,-2.182e-06,1
15.38,1.0407e-05,1
15.38,1.1078e-05,1
15.381,-2.6856e-06,1
15.381,-1.3596e-05,1
15.382,-1.561e-05,1
15.382,-1.091e-05,1
15.383,-5.7069e-06,1
15.383,-3.5248e-06,1
15.384,-1.0407e-05,1
15.384,-1.7624e-05,1
15.385,-8.7282e-06,1
15.385,2.0813e-05,1
15.386,4.6494e-05,1
15.386,4.7166e-05,1
15.387,3.3066e-05,1
15.387,1.796e-05,1
15.388,-6.2104e-06,1
15.388,-4.7669e-05,1
15.389,-9.8192e-05,1
15.389,-0.00014334,1
15.39,-0.00017675,1
15.391,-0.00021971,1
15.391,-0.00025563,1
15.392,-0.00025194,1
15.392,-0.00021619,1
15.393,-0.00016231,1
15.393,-8.9799e-05,1
15.394,1.5106e-06,1
15.394,0.00011296,1
15.395,0.00021233,1
15.395,0.00026151,1
15.396,0.00027007,1
15.396,0.00026571,1
15.397,0.00025161,1
15.397,0.00021334,1
15.398,0.00015627,1
15.398,0.00010172,1
15.399,7.1e-05,1
15.399,5.623e-05,1
15.4,3.6591e-05,1
15.4,8.896e-06,1
15.401,-1.1582e-05,1
15.401,-6.8818e-06,1
15.402,1.7456e-05,1
15.402,4.3137e-05,1
15.403,5.9586e-05,1
15.403,6.4622e-05,1
15.404,5.4887e-05,1
15.405,2.9374e-05,1
15.405,2.182e-06,1
15.406,-1.5946e-05,1
15.406,-2.4002e-05,1
15.407,-3.0381e-05,1
15.407,-4.3473e-05,1
15.408,-5.9586e-05,1
15.408,-7.6875e-05,1
15.409,-9.4163e-05,1
15.409,-9.9535e-05,1
15.41,-7.57e-05,1
15.41,-2.2492e-05,1
15.411,2.7359e-05,1
15.411,4.5151e-05,1
15.412,3.7934e-05,1
15.412,4.2466e-05,1
15.413,7.8386e-05,1
15.413,0.00013948,1
15.414,0.0001937,1
15.414,0.00021099,1
15.415,0.00019991,1
15.415,0.00017406,1
15.416,0.00013176,1
15.416,7.6204e-05,1
15.417,2.6017e-05,1
15.418,-5.539e-06,1
15.418,-2.0981e-05,1
15.419,-3.3402e-05,1
15.419,-5.1865e-05,1
15.42,-7.4022e-05,1
15.42,-9.601e-05,1
15.421,-0.00011481,1
15.421,-0.00012773,1
15.422,-0.00013109,1
15.422,-0.00012505,1
15.423,-0.00011733,1
15.423,-0.00010726,1
15.424,-9.752e-05,1
15.424,-8.9967e-05,1
15.425,-8.1407e-05,1
15.425,-9.6849e-05,1
15.426,-0.00013445,1
15.426,-0.00015056,1
15.427,-0.00011733,1
15.427,-4.8341e-05,1
15.428,2.501e-05,1
15.428,9.0303e-05,1
15.429,0.00014687,1
15.429,0.00018749,1
15.43,0.00021115,1
15.431,0.00023046,1
15.431,0.00024002,1
15.432,0.00022542,1
15.432,0.00018849,1
15.433,0.00014754,1
15.433,0.00012152,1
15.434,0.00012354,1
15.434,0.00016466,1
15.435,0.0002271,1
15.435,0.00027024,1
15.436,0.00027242,1
15.436,0.00024187,1
15.437,0.00019924,1
15.437,0.00015543,1
15.438,0.00010977,1
15.438,7.2847e-05,1
15.439,4.7669e-05,1
15.439,3.2731e-05,1
15.44,3.2059e-05,1
15.44,2.7695e-05,1
15.441,8.3925e-07,1
15.441,-3.9948e-05,1
15.442,-7.5029e-05,1
15.442,-9.752e-05,1
15.443,-0.00011162,1
15.443,-0.00011901,1
15.444,-0.00012303,1
15.445,-0.00013277,1
15.445,-0.00014821,1
15.446,-0.00014922,1
15.446,-0.00012992,1
15.447,-0.00010507,1
15.447,-8.3421e-05,1
15.448,-6.9657e-05,1
15.448,-6.1433e-05,1
15.449,-5.4551e-05,1
15.449,-5.2537e-05,1
15.45,-5.4551e-05,1
15.45,-5.4215e-05,1
15.451,-5.0187e-05,1
15.451,-4.4816e-05,1
15.452,-4.1962e-05,1
15.452,-4.4144e-05,1
15.453,-4.5823e-05,1
15.453,-3.7766e-05,1
15.454,-1.8463e-05,1
15.454,5.2033e-06,1
15.455,2.7024e-05,1
15.455,4.2802e-05,1
15.456,4.9683e-05,1
15.456,4.9516e-05,1
15.457,4.5151e-05,1
15.457,4.1962e-05,1
15.458,4.5319e-05,1
15.459,5.2705e-05,1
15.459,5.3544e-05,1
15.46,5.0858e-05,1
15.46,4.683e-05,1
15.461,3.9109e-05,1
15.461,2.6352e-05,1
15.462,1.1582e-05,1
15.462,1.0071e-06,1
15.463,-2.5177e-06,1
15.463,-2.8534e-06,1
15.464,-4.8676e-06,1
15.464,3.357e-07,1
15.465,2.5345e-05,1
15.465,6.009e-05,1
15.466,8.1071e-05,1
15.466,7.8386e-05,1
15.467,5.8579e-05,1
15.467,3.3402e-05,1
15.468,1.561e-05,1
15.468,1.1749e-05,1
15.469,-8.3925e-06,1
15.469,-5.0523e-05,1
15.47,-8.2414e-05,1
15.47,-8.0735e-05,1
15.471,-5.6901e-05,1
15.472,-4.5823e-05,1
15.472,-5.1362e-05,1
15.473,-6.9993e-05,1
15.473,-0.00011078,1
15.474,-0.00014905,1
15.474,-0.00014234,1
15.475,-8.3925e-05,1
15.475,-6.8818e-06,1
15.476,6.63e-05,1
15.476,0.0001378,1
15.477,0.00019957,1
15.477,0.00023348,1
15.478,0.00024288,1
15.478,0.00024691,1
15.479,0.00024154,1
15.479,0.00021199,1
15.48,0.00015207,1
15.48,8.0232e-05,1
15.481,1.6281e-05,1
15.481,-2.3163e-05,1
15.482,-3.5752e-05,1
15.482,-3.1556e-05,1
15.483,-1.1917e-05,1
15.483,1.9638e-05,1
15.484,4.8173e-05,1
15.485,6.4958e-05,1
15.485,7.4189e-05,1
15.486,8.1239e-05,1
15.486,8.04e-05,1
15.487,6.7308e-05,1
15.487,5.4719e-05,1
15.488,5.8076e-05,1
15.488,7.2007e-05,1
15.489,7.0329e-05,1
15.489,2.7695e-05,1
15.49,-3.743e-05,1
15.49,-8.9464e-05,1
15.491,-0.00012052,1
15.491,-0.00013931,1
15.492,-0.00014452,1
15.492,-0.00013042,1
15.493,-9.9199e-05,1
15.493,-3.9109e-05,1
15.494,6.4286e-05,1
15.494,0.00018682,1
15.495,0.00026957,1
15.495,0.0002835,1
15.496,0.00025496,1
15.496,0.00021434,1
15.497,0.00016466,1
15.497,0.00010658,1
15.498,4.6159e-05,1
15.499,-8.3925e-07,1
15.499,-2.6017e-05,1
15.5,-3.2395e-05,1
15.5,-2.9206e-05,1
15.501,-2.9206e-05,1
15.501,-3.508e-05,1
15.502,-4.2802e-05,1
15.502,-4.9516e-05,1
15.503,-5.2873e-05,1
15.503,-4.9851e-05,1
15.504,-4.4144e-05,1
15.504,-4.2466e-05,1
15.505,-4.0452e-05,1
15.505,-3.2059e-05,1
15.506,-3.4409e-05,1
15.506,-5.4383e-05,1
15.507,-6.8147e-05,1
15.507,-6.8818e-05,1
15.508,-6.9657e-05,1
15.508,-7.3014e-05,1
15.509,-8.7953e-05,1
15.509,-0.00011749,1
15.51,-0.00015912,1
15.51,-0.0002172,1
15.511,-0.00026184,1
15.511,-0.00025144,1
15.512,-0.00017675,1
15.513,-7.0665e-05,1
15.513,1.9303e-05,1
15.514,8.0903e-05,1
15.514,0.00013529,1
15.515,0.00019722,1
15.515,0.00025866,1
15.516,0.00030431,1
15.516,0.00032345,1
15.517,0.00030381,1
15.517,0.00024237,1
15.518,0.0001697,1
15.518,0.00011934,1
15.519,9.8024e-05,1
15.519,9.1646e-05,1
15.52,7.7714e-05,1
15.52,4.6662e-05,1
15.521,8.3925e-06,1
15.521,-1.5946e-05,1
15.522,-1.4267e-05,1
15.522,7.3854e-06,1
15.523,2.9709e-05,1
15.523,3.3402e-05,1
15.524,1.6281e-05,1
15.524,-3.8605e-06,1
15.525,-1.2924e-05,1
15.526,-1.3596e-05,1
15.526,-4.5319e-06,1
15.527,1.1917e-05,1
15.527,2.4674e-05,1
15.528,2.5345e-05,1
15.528,1.796e-05,1
15.529,9.9031e-06,1
15.529,8.3925e-06,1
15.53,1.9303e-05,1
15.53,3.7934e-05,1
15.531,5.0523e-05,1
15.531,5.2537e-05,1
15.532,5.069e-05,1
15.532,4.2802e-05,1
15.533,2.9374e-05,1
15.533,1.4267e-05,1
15.534,3.0213e-06,1
15.534,-1.6785e-06,1
15.535,-1.8463e-06,1
15.535,-2.3499e-06,1
15.536,-3.5248e-06,1
15.536,-1.8463e-06,1
15.537,1.1749e-06,1
15.537,1.1749e-06,1
15.538,-2.8534e-06,1
15.539,-6.8818e-06,1
15.539,-7.5532e-06,1
15.54,-5.539e-06,1
15.54,-3.8605e-06,1
15.541,-4.1962e-06,1
15.541,-3.8605e-06,1
15.542,-2.5177e-06,1
15.542,-2.5177e-06,1
15.543,-1.8463e-06,1
15.543,6.714e-07,1
15.544,2.3499e-06,1
15.544,1.0071e-06,1
15.545,-1.6785e-07,1
15.545,0,1
15.546,1.6785e-07,1
15.546,2.5177e-06,1
15.547,4.1962e-06,1
15.547,2.8534e-06,1
15.548,1.1749e-06,1
15.548,2.3499e-06,1
15.549,5.8747e-06,1
15.549,6.8818e-06,1
15.55,6.2104e-06,1
15.55,7.2175e-06,1
15.551,9.9031e-06,1
15.551,1.3931e-05,1
15.552,2.0645e-05,1
15.553,2.8534e-05,1
15.553,3.3402e-05,1
15.554,3.3066e-05,1
15.554,3.0045e-05,1
15.555,2.8031e-05,1
15.555,2.8199e-05,1
15.556,2.8367e-05,1
15.556,2.7192e-05,1
15.557,2.501e-05,1
15.557,2.3331e-05,1
15.558,2.2995e-05,1
15.558,2.2324e-05,1
15.559,2.2995e-05,1
15.559,2.3331e-05,1
15.56,2.2828e-05,1
15.56,2.1988e-05,1
15.561,2.266e-05,1
15.561,3.4073e-05,1
15.562,5.623e-05,1
15.562,7.2343e-05,1
15.563,6.8986e-05,1
15.563,4.6494e-05,1
15.564,1.9471e-05,1
15.564,8.3925e-07,1
15.565,-7.5532e-06,1
15.566,-2.031e-05,1
15.566,-4.3473e-05,1
15.567,-6.1601e-05,1
15.567,-5.8915e-05,1
15.568,-4.0452e-05,1
15.568,-2.2995e-05,1
15.569,-7.5532e-06,1
15.569,7.2175e-06,1
15.57,1.3596e-05,1
15.57,1.0239e-05,1
15.571,7.2175e-06,1
15.571,4.1962e-06,1
15.572,-1.1414e-05,1
15.572,-2.5681e-05,1
15.573,-2.7359e-05,1
15.573,-1.9638e-05,1
15.574,-1.2589e-05,1
15.574,-1.4939e-05,1
15.575,-2.5345e-05,1
15.575,-4.1459e-05,1
15.576,-5.153e-05,1
15.576,-4.4144e-05,1
15.577,-1.1246e-05,1
15.577,4.683e-05,1
15.578,0.00011028,1
15.578,0.00015291,1
15.579,0.00017238,1
15.58,0.00018614,1
15.58,0.00019588,1
15.581,0.00019034,1
15.581,0.0001707,1
15.582,0.00014955,1
15.582,0.00013344,1
15.583,0.00012203,1
15.583,0.00011313,1
15.584,0.00010826,1
15.584,0.00010692,1
15.585,0.00011095,1
15.585,0.00012186,1
15.586,0.00012169,1
15.586,9.2485e-05,1
15.587,5.5055e-05,1
15.587,4.3473e-05,1
15.588,5.623e-05,1
15.588,6.2943e-05,1
15.589,4.3473e-05,1
15.589,4.1962e-06,1
15.59,-3.0045e-05,1
15.59,-3.7766e-05,1
15.591,-1.9806e-05,1
15.591,9.3996e-06,1
15.592,3.508e-05,1
15.592,4.683e-05,1
15.593,3.8437e-05,1
15.594,4.6998e-06,1
15.594,-4.6494e-05,1
15.595,-8.0064e-05,1
15.595,-6.714e-05,1
15.596,-3.1724e-05,1
15.596,-1.3931e-05,1
15.597,-2.1653e-05,1
15.597,-3.7598e-05,1
15.598,-5.0523e-05,1
15.598,-5.6733e-05,1
15.599,-5.6733e-05,1
15.599,-5.9419e-05,1
15.6,-8.1575e-05,1
15.6,-0.0001237,1
15.601,-0.00015862,1
15.601,-0.00017473,1
15.602,-0.00017322,1
15.602,-0.00015392,1
15.603,-0.00012857,1
15.603,-0.00011397,1
15.604,-0.00010977,1
15.604,-9.836e-05,1
15.605,-5.8915e-05,1
15.605,1.8799e-05,1
15.606,0.00010961,1
15.607,0.00017809,1
15.607,0.00020394,1
15.608,0.00019185,1
15.608,0.00015778,1
15.609,0.0001044,1
15.609,4.2634e-05,1
15.61,-5.539e-06,1
15.61,-3.1724e-05,1
15.611,-3.7934e-05,1
15.611,-2.6352e-05,1
15.612,-5.539e-06,1
15.612,1.1917e-05,1
15.613,1.8631e-05,1
15.613,2.6352e-05,1
15.614,4.6159e-05,1
15.614,6.9657e-05,1
15.615,8.9464e-05,1
15.615,0.00010491,1
15.616,0.00012001,1
15.616,0.00012052,1
15.617,9.0806e-05,1
15.617,3.6759e-05,1
15.618,-1.4939e-05,1
15.618,-3.9109e-05,1
15.619,-3.0045e-05,1
15.62,-9.5674e-06,1
15.62,1.6785e-07,1
15.621,-4.5319e-06,1
15.621,-6.5461e-06,1
15.622,4.3641e-06,1
15.622,2.0645e-05,1
15.623,2.8031e-05,1
15.623,2.6017e-05,1
15.624,2.9709e-05,1
15.624,5.3544e-05,1
15.625,8.9799e-05,1
15.625,0.00011128,1
15.626,0.00010658,1
15.626,8.8289e-05,1
15.627,7.4357e-05,1
15.627,6.8986e-05,1
15.628,6.8482e-05,1
15.628,7.1e-05,1
15.629,6.8986e-05,1
15.629,5.7404e-05,1
15.63,5.4719e-05,1
15.63,7.0665e-05,1
15.631,8.3085e-05,1
15.631,7.0161e-05,1
15.632,3.3402e-05,1
15.632,8.3925e-07,1
15.633,5.7069e-06,1
15.634,5.2873e-05,1
15.634,9.2821e-05,1
15.635,6.1601e-05,1
15.635,-3.8102e-05,1
15.636,-0.00013176,1
15.636,-0.0001702,1
15.637,-0.00016164,1
15.637,-0.00014519,1
15.638,-0.00013915,1
15.638,-0.00013327,1
15.639,-0.00012639,1
15.639,-0.0001284,1
15.64,-0.00013109,1
15.64,-0.00010021,1
15.641,-3.0045e-05,1
15.641,3.0045e-05,1
15.642,5.6901e-05,1
15.642,8.1071e-05,1
15.643,0.00010893,1
15.643,0.00011867,1
15.644,0.00010726,1
15.644,9.3828e-05,1
15.645,8.9128e-05,1
15.645,7.8721e-05,1
15.646,5.0187e-05,1
15.646,1.5946e-05,1
15.647,-2.182e-06,1
15.648,2.182e-06,1
15.648,2.4338e-05,1
15.649,4.8844e-05,1
15.649,5.8915e-05,1
15.65,5.7908e-05,1
15.65,6.3279e-05,1
15.651,8.0232e-05,1
15.651,9.1142e-05,1
15.652,8.7282e-05,1
15.652,8.3253e-05,1
15.653,8.0903e-05,1
15.653,5.7237e-05,1
15.654,9.7353e-06,1
15.654,-3.3402e-05,1
15.655,-5.5558e-05,1
15.655,-6.3951e-05,1
15.656,-6.9993e-05,1
15.656,-6.8147e-05,1
15.657,-4.7501e-05,1
15.657,-8.2246e-06,1
15.658,4.3809e-05,1
15.658,0.00010054,1
15.659,0.0001514,1
15.659,0.00017809,1
15.66,0.0001697,1
15.661,0.00013411,1
15.661,8.1071e-05,1
15.662,3.0381e-05,1
15.662,7.2175e-06,1
15.663,7.7211e-06,1
15.663,1.5946e-05,1
15.664,1.5778e-05,1
15.664,1.6785e-06,1
15.665,-1.796e-05,1
15.665,-3.1556e-05,1
15.666,-3.6927e-05,1
15.666,-3.7095e-05,1
15.667,-2.7359e-05,1
15.667,0,1
15.668,4.3305e-05,1
15.668,7.9896e-05,1
15.669,8.9128e-05,1
15.669,7.335e-05,1
15.67,3.6423e-05,1
15.67,-1.3931e-05,1
15.671,-5.8915e-05,1
15.671,-8.51e-05,1
15.672,-8.7282e-05,1
15.672,-6.9322e-05,1
15.673,-2.4506e-05,1
15.674,4.683e-05,1
15.674,0.00011196,1
15.675,0.00012723,1
15.675,0.00010491,1
15.676,9.3156e-05,1
15.676,9.836e-05,1
15.677,8.7114e-05,1
15.677,4.918e-05,1
15.678,2.8534e-06,1
15.678,-3.8605e-05,1
15.679,-6.4958e-05,1
15.679,-7.7379e-05,1
15.68,-7.805e-05,1
15.68,-5.7572e-05,1
15.681,-2.4842e-05,1
15.681,-7.7211e-06,1
15.682,-1.2589e-05,1
15.682,-3.1388e-05,1
15.683,-4.213e-05,1
15.683,-3.2059e-05,1
15.684,-1.5946e-05,1
15.684,-1.1749e-05,1
15.685,-1.8967e-05,1
15.685,-2.4506e-05,1
15.686,-1.8128e-05,1
15.686,-8.3925e-06,1
15.687,-1.091e-05,1
15.688,-2.7024e-05,1
15.688,-4.3977e-05,1
15.689,-5.069e-05,1
15.689,-4.1794e-05,1
15.69,-2.3331e-05,1
15.69,-3.5248e-06,1
15.691,1.8631e-05,1
15.691,4.7501e-05,1
15.692,8.51e-05,1
15.692,0.000118,1
15.693,0.00013378,1
15.693,0.00013545,1
15.694,0.00013948,1
15.694,0.00014653,1
15.695,0.0001373,1
15.695,0.00010256,1
15.696,5.388e-05,1
15.696,2.5177e-06,1
15.697,-5.4383e-05,1
15.697,-9.7856e-05,1
15.698,-0.0001044,1
15.698,-8.1239e-05,1
15.699,-4.1291e-05,1
15.699,1.4603e-05,1
15.7,6.7475e-05,1
15.7,9.4499e-05,1
15.701,9.4835e-05,1
15.702,8.2078e-05,1
15.702,7.8721e-05,1
15.703,8.3421e-05,1
15.703,8.4428e-05,1
15.704,7.9393e-05,1
15.704,7.3686e-05,1
15.705,6.3279e-05,1
15.705,4.5487e-05,1
15.706,2.9709e-05,1
15.706,3.9445e-05,1
15.707,8.0735e-05,1
15.707,0.00012605,1
15.708,0.00015056,1
15.708,0.00014284,1
15.709,0.00010558,1
15.709,6.3951e-05,1
15.71,2.6688e-05,1
15.71,-1.0239e-05,1
15.711,-5.153e-05,1
15.711,-9.5674e-05,1
15.712,-0.00012891,1
15.712,-0.00013814,1
15.713,-0.00013227,1
15.713,-0.00011833,1
15.714,-9.4499e-05,1
15.715,-6.7475e-05,1
15.715,-4.918e-05,1
15.716,-4.7669e-05,1
15.716,-6.3951e-05,1
15.717,-6.4118e-05,1
15.717,-3.3738e-05,1
15.718,5.0355e-06,1
15.718,3.7598e-05,1
15.719,6.2608e-05,1
15.719,8.4596e-05,1
15.72,0.00010457,1
15.72,0.00011347,1
15.721,0.00010994,1
15.721,0.00010927,1
15.722,0.00012068,1
15.722,0.00013176,1
15.723,0.00012572,1
15.723,9.5842e-05,1
15.724,5.4551e-05,1
15.724,2.4338e-05,1
15.725,1.7288e-05,1
15.725,1.9974e-05,1
15.726,1.4267e-05,1
15.726,-1.5106e-06,1
15.727,-1.7121e-05,1
15.727,-2.887e-05,1
15.728,-3.743e-05,1
15.729,-4.3473e-05,1
15.729,-4.7501e-05,1
15.73,-4.8844e-05,1
15.73,-5.1865e-05,1
15.731,-5.9586e-05,1
15.731,-7.2511e-05,1
15.732,-8.7114e-05,1
15.732,-8.4092e-05,1
15.733,-5.4047e-05,1
15.733,-9.2317e-06,1
15.734,2.8702e-05,1
15.734,4.7837e-05,1
15.735,4.6662e-05,1
15.735,3.4073e-05,1
15.736,2.5681e-05,1
15.736,2.3331e-05,1
15.737,2.3667e-05,1
15.737,2.1988e-05,1
15.738,1.3764e-05,1
15.738,1.8463e-06,1
15.739,-3.5248e-06,1
15.739,-3.357e-07,1
15.74,1.5946e-05,1
15.74,5.3544e-05,1
15.741,0.00010625,1
15.742,0.00014871,1
15.742,0.00015006,1
15.743,0.00010625,1
15.743,4.2802e-05,1
15.744,-1.0407e-05,1
15.744,-3.9612e-05,1
15.745,-4.1459e-05,1
15.745,-1.9638e-05,1
15.746,2.4674e-05,1
15.746,7.805e-05,1
15.747,0.00011749,1
15.747,0.00012605,1
15.748,0.00010961,1
15.748,8.7114e-05,1
15.749,6.6972e-05,1
15.749,4.2802e-05,1
15.75,8.3925e-06,1
15.75,-2.7024e-05,1
15.751,-4.7166e-05,1
15.751,-5.4887e-05,1
15.752,-5.623e-05,1
15.752,-4.3809e-05,1
15.753,-1.1582e-05,1
15.753,2.3667e-05,1
15.754,4.1459e-05,1
15.755,3.3738e-05,1
15.755,6.0426e-06,1
15.756,-1.9638e-05,1
15.756,-2.7024e-05,1
15.757,-1.7121e-05,1
15.757,-3.357e-07,1
15.758,1.1246e-05,1
15.758,1.6617e-05,1
15.759,3.2563e-05,1
15.759,6.2943e-05,1
15.76,9.1142e-05,1
15.76,9.0471e-05,1
15.761,6.1097e-05,1
15.761,2.3331e-05,1
15.762,1.6785e-07,1
15.762,6.8818e-06,1
15.763,2.6017e-05,1
15.763,2.652e-05,1
15.764,5.0355e-07,1
15.764,-3.0213e-05,1
15.765,-4.6494e-05,1
15.765,-4.8508e-05,1
15.766,-3.1891e-05,1
15.766,6.2104e-06,1
15.767,5.0858e-05,1
15.767,7.5532e-05,1
15.768,7.1672e-05,1
15.769,5.0187e-05,1
15.769,3.0213e-05,1
15.77,2.1988e-05,1
15.77,2.2156e-05,1
15.771,1.4603e-05,1
15.771,-7.2175e-06,1
15.772,-3.827e-05,1
15.772,-6.7643e-05,1
15.773,-7.7546e-05,1
15.773,-6.1433e-05,1
15.774,-3.3066e-05,1
15.774,-4.8676e-06,1
15.775,1.4435e-05,1
15.775,2.4674e-05,1
15.776,3.4073e-05,1
15.776,5.153e-05,1
15.777,7.7379e-05,1
15.777,9.8527e-05,1
15.778,0.00010491,1
15.778,9.9031e-05,1
15.779,8.9128e-05,1
15.779,7.3686e-05,1
15.78,5.7237e-05,1
15.78,5.2201e-05,1
15.781,5.2873e-05,1
15.781,4.0787e-05,1
15.782,1.0575e-05,1
15.783,-2.501e-05,1
15.783,-4.6662e-05,1
15.784,-4.8508e-05,1
15.784,-3.9109e-05,1
15.785,-2.9374e-05,1
15.785,-3.5248e-06,1
15.786,5.4887e-05,1
15.786,0.00011179,1
15.787,0.00013143,1
15.787,0.00010994,1
15.788,6.63e-05,1
15.788,2.8534e-05,1
15.789,1.0575e-05,1
15.789,8.5603e-06,1
15.79,1.9806e-05,1
15.79,3.0045e-05,1
15.791,1.796e-05,1
15.791,-2.8031e-05,1
15.792,-0.00011867,1
15.792,-0.00024456,1
15.793,-0.00031337,1
15.793,-0.00027964,1
15.794,-0.00018144,1
15.794,-6.3447e-05,1
15.795,5.0858e-05,1
15.796,0.00014318,1
15.796,0.0001984,1
15.797,0.00023012,1
15.797,0.00025832,1
15.798,0.00028232,1
15.798,0.00028719,1
15.799,0.00026621,1
15.799,0.0002318,1
15.8,0.00019974,1
15.8,0.00016164,1
15.801,9.9535e-05,1
15.801,1.9974e-05,1
15.802,-5.1194e-05,1
15.802,-9.4499e-05,1
15.803,-0.0001086,1
15.803,-0.00010491,1
15.804,-9.9702e-05,1
15.804,-0.00010004,1
15.805,-0.00010423,1
15.805,-0.00010709,1
15.806,-0.00010188,1
15.806,-8.9799e-05,1
15.807,-8.2246e-05,1
15.807,-7.3014e-05,1
15.808,-4.1291e-05,1
15.809,2.5177e-06,1
15.809,2.6688e-05,1
15.81,1.6449e-05,1
15.81,-2.031e-05,1
15.811,-6.9322e-05,1
15.811,-0.00010961,1
15.812,-0.00012807,1
15.812,-0.0001279,1
15.813,-0.00010138,1
15.813,-4.2466e-05,1
15.814,2.6352e-05,1
15.814,7.1672e-05,1
15.815,9.3828e-05,1
15.815,0.00011212,1
15.816,0.00013361,1
15.816,0.00015862,1
15.817,0.00018648,1
15.817,0.00021199,1
15.818,0.00022223,1
15.818,0.00020797,1
15.819,0.0001749,1
15.819,0.00014083,1
15.82,0.00011363,1
15.82,9.1142e-05,1
15.821,6.8315e-05,1
15.821,3.7095e-05,1
15.822,2.5177e-06,1
15.823,-1.7456e-05,1
15.823,-1.8631e-05,1
15.824,-7.0497e-06,1
15.824,7.5532e-06,1
15.825,1.8967e-05,1
15.825,2.7863e-05,1
15.826,3.3738e-05,1
15.826,4.0787e-05,1
15.827,5.304e-05,1
15.827,5.8412e-05,1
15.828,4.4144e-05,1
15.828,1.3596e-05,1
15.829,-1.7288e-05,1
15.829,-3.6088e-05,1
15.83,-4.3809e-05,1
15.83,-4.448e-05,1
15.831,-4.062e-05,1
15.831,-4.1794e-05,1
15.832,-4.7166e-05,1
15.832,-3.2731e-05,1
15.833,5.0355e-06,1
15.833,3.5752e-05,1
15.834,5.0858e-05,1
15.834,6.2943e-05,1
15.835,5.9419e-05,1
15.835,2.8031e-05,1
15.836,-9.9031e-06,1
15.837,-3.8437e-05,1
15.837,-5.623e-05,1
15.838,-6.6636e-05,1
15.838,-7.335e-05,1
15.839,-7.7211e-05,1
15.839,-8.3589e-05,1
15.84,-9.1981e-05,1
15.84,-8.51e-05,1
15.841,-5.6733e-05,1
15.841,-2.9038e-05,1
15.842,-1.6953e-05,1
15.842,-1.5946e-05,1
15.843,-2.2995e-05,1
15.843,-2.6184e-05,1
15.844,-1.8296e-05,1
15.844,-1.4603e-05,1
15.845,-3.0716e-05,1
15.845,-5.5055e-05,1
15.846,-6.3279e-05,1
15.846,-4.7333e-05,1
15.847,-2.3163e-05,1
15.847,-5.8747e-06,1
15.848,4.1962e-06,1
15.848,2.8367e-05,1
15.849,8.1071e-05,1
15.85,0.00014015,1
15.85,0.00017406,1
15.851,0.00017557,1
15.851,0.00016097,1
15.852,0.00014586,1
15.852,0.00013545,1
15.853,0.00012404,1
15.853,0.00010658,1
15.854,9.1142e-05,1
15.854,8.2246e-05,1
15.855,7.335e-05,1
15.855,6.0594e-05,1
15.856,4.683e-05,1
15.856,4.0116e-05,1
15.857,3.8102e-05,1
15.857,3.0716e-05,1
15.858,2.2324e-05,1
15.858,1.796e-05,1
15.859,4.5319e-06,1
15.859,-1.7624e-05,1
15.86,-3.6088e-05,1
15.86,-3.978e-05,1
15.861,-2.8031e-05,1
15.861,-1.1246e-05,1
15.862,-5.8747e-06,1
15.863,-2.8702e-05,1
15.863,-7.1336e-05,1
15.864,-0.00010877,1
15.864,-0.0001237,1
15.865,-0.00012136,1
15.865,-0.00010558,1
15.866,-7.9728e-05,1
15.866,-6.6972e-05,1
15.867,-7.0665e-05,1
15.867,-6.3279e-05,1
15.868,-6.5461e-06,1
15.868,0.00010423,1
15.869,0.00021904,1
15.869,0.00029592,1
15.87,0.00033083,1
15.87,0.00031489,1
15.871,0.00024691,1
15.871,0.0001608,1
15.872,9.3996e-05,1
15.872,6.009e-05,1
15.873,4.9516e-05,1
15.873,4.5151e-05,1
15.874,2.9709e-05,1
15.874,-1.3428e-06,1
15.875,-3.5752e-05,1
15.875,-6.5629e-05,1
15.876,-0.00011296,1
15.877,-0.00016281,1
15.877,-0.00017104,1
15.878,-0.00013243,1
15.878,-7.2175e-05,1
15.879,-8.2246e-06,1
15.879,4.7837e-05,1
15.88,8.0232e-05,1
15.88,8.8121e-05,1
15.881,0.00010188,1
15.881,0.00013512,1
15.882,0.00017842,1
15.882,0.00020108,1
15.883,0.00017406,1
15.883,0.00013109,1
15.884,0.00011431,1
15.884,9.8527e-05,1
15.885,4.918e-05,1
15.885,2.182e-06,1
15.886,-1.091e-05,1
15.886,-1.0575e-05,1
15.887,-2.5177e-05,1
15.887,-5.6062e-05,1
15.888,-0.00010088,1
15.888,-0.0001467,1
15.889,-0.00016735,1
15.889,-0.00015392,1
15.89,-0.0001279,1
15.891,-9.3492e-05,1
15.891,-3.6088e-05,1
15.892,3.8437e-05,1
15.892,9.6849e-05,1
15.893,0.00011044,1
15.893,9.1646e-05,1
15.894,7.335e-05,1
15.894,6.1265e-05,1
15.895,3.8773e-05,1
15.895,6.0426e-06,1
15.896,-3.0549e-05,1
15.896,-6.7979e-05,1
15.897,-9.3156e-05,1
15.897,-0.00010289,1
15.898,-0.00010121,1
15.898,-9.2149e-05,1
15.899,-7.9057e-05,1
15.899,-6.4622e-05,1
15.9,-3.7095e-05,1
15.9,6.5461e-06,1
15.901,5.623e-05,1
15.901,9.9199e-05,1
15.902,0.00013394,1
15.902,0.00015912,1
15.903,0.00016231,1
15.904,0.00013411,1
15.904,8.51e-05,1
15.905,2.4506e-05,1
15.905,-5.1026e-05,1
15.906,-0.00011498,1
15.906,-0.00012992,1
15.907,-9.3492e-05,1
15.907,-2.9877e-05,1
15.908,3.0716e-05,1
15.908,6.5629e-05,1
15.909,7.3686e-05,1
15.909,7.1336e-05,1
15.91,6.6972e-05,1
15.91,5.9419e-05,1
15.911,5.2033e-05,1
15.911,4.9516e-05,1
15.912,3.0045e-05,1
15.912,-1.2589e-05,1
15.913,-4.3809e-05,1
15.913,-3.4745e-05,1
15.914,-5.0355e-07,1
15.914,4.3473e-05,1
15.915,0.00010457,1
15.915,0.00017557,1
15.916,0.00022794,1
15.916,0.00023835,1
15.917,0.00020461,1
15.918,0.0001519,1
15.918,0.00010323,1
15.919,7.2343e-05,1
15.919,6.0929e-05,1
15.92,5.153e-05,1
15.92,3.122e-05,1
15.921,3.0213e-06,1
15.921,-2.0813e-05,1
15.922,-3.0716e-05,1
15.922,-3.3402e-05,1
15.923,-3.978e-05,1
15.923,-5.1362e-05,1
15.924,-6.479e-05,1
15.924,-8.5435e-05,1
15.925,-0.00011414,1
15.925,-0.00013478,1
15.926,-0.00013545,1
15.926,-0.00011867,1
15.927,-9.3156e-05,1
15.927,-7.3686e-05,1
15.928,-6.0258e-05,1
15.928,-3.8773e-05,1
15.929,-9.5674e-06,1
15.929,1.5442e-05,1
15.93,3.743e-05,1
15.931,6.0929e-05,1
15.931,8.4764e-05,1
15.932,0.00011128,1
15.932,0.00014586,1
15.933,0.00017876,1
15.933,0.00018161,1
15.934,0.00014217,1
15.934,8.1407e-05,1
15.935,1.8631e-05,1
15.935,-3.6088e-05,1
15.936,-7.2511e-05,1
15.936,-8.7449e-05,1
15.937,-8.6442e-05,1
15.937,-7.4693e-05,1
15.938,-5.5894e-05,1
15.938,-3.6591e-05,1
15.939,-1.796e-05,1
15.939,1.326e-05,1
15.94,5.9754e-05,1
15.94,9.2149e-05,1
15.941,9.7017e-05,1
15.941,8.7114e-05,1
15.942,7.6707e-05,1
15.942,7.805e-05,1
15.943,8.7449e-05,1
15.944,9.2317e-05,1
15.944,8.4596e-05,1
15.945,6.1936e-05,1
15.945,3.1724e-05,1
15.946,1.1917e-05,1
15.946,1.1917e-05,1
15.947,2.5177e-06,1
15.947,-2.501e-05,1
15.948,-3.0045e-05,1
15.948,-1.9806e-05,1
15.949,-2.5345e-05,1
15.949,-4.7166e-05,1
15.95,-6.1936e-05,1
15.95,-6.0929e-05,1
15.951,-6.4622e-05,1
15.951,-7.1e-05,1
15.952,-6.0929e-05,1
15.952,-3.6423e-05,1
15.953,-5.0355e-07,1
15.953,5.623e-05,1
15.954,0.00011833,1
15.954,0.00015962,1
15.955,0.00016902,1
15.955,0.0001608,1
15.956,0.00015392,1
15.956,0.00014351,1
15.957,0.00012119,1
15.958,9.2485e-05,1
15.958,5.8915e-05,1
15.959,1.1749e-05,1
15.959,-4.1291e-05,1
15.96,-7.6707e-05,1
15.96,-9.3156e-05,1
15.961,-0.00010793,1
15.961,-0.00012102,1
15.962,-0.00012035,1
15.962,-0.00010591,1
15.963,-8.3421e-05,1
15.963,-5.1194e-05,1
15.964,-3.8605e-06,1
15.964,5.4551e-05,1
15.965,9.8863e-05,1
15.965,9.9199e-05,1
15.966,4.213e-05,1
15.966,-4.1627e-05,1
15.967,-9.5171e-05,1
15.967,-9.6849e-05,1
15.968,-6.714e-05,1
15.968,-3.4409e-05,1
15.969,-1.3092e-05,1
15.969,-2.8534e-06,1
15.97,1.3428e-06,1
15.97,6.5461e-06,1
15.971,2.7695e-05,1
15.972,7.8721e-05,1
15.972,0.00013814,1
15.973,0.00017473,1
15.973,0.00017876,1
15.974,0.00016835,1
15.974,0.00015526,1
15.975,0.00013747,1
15.975,0.00012236,1
15.976,0.000118,1
15.976,0.00011901,1
15.977,0.00012874,1
15.977,0.00014989,1
15.978,0.00017809,1
15.978,0.00017356,1
15.979,9.8863e-05,1
15.979,-3.6927e-06,1
15.98,-7.7714e-05,1
15.98,-0.00011078,1
15.981,-0.00011162,1
15.981,-8.8289e-05,1
15.982,-5.7404e-05,1
15.982,-3.978e-05,1
15.983,-4.0116e-05,1
15.983,-4.5823e-05,1
15.984,-4.5487e-05,1
15.985,-4.213e-05,1
15.985,-4.5823e-05,1
15.986,-5.2537e-05,1
15.986,-4.8676e-05,1
15.987,-2.8367e-05,1
15.987,-1.5106e-06,1
15.988,1.3931e-05,1
15.988,7.0497e-06,1
15.989,-1.7288e-05,1
15.989,-4.8173e-05,1
15.99,-6.9993e-05,1
15.99,-6.7979e-05,1
15.991,-3.4745e-05,1
15.991,3.8605e-06,1
15.992,1.3764e-05,1
15.992,-3.8605e-06,1
15.993,-2.501e-05,1
15.993,-2.8031e-05,1
15.994,-3.5248e-06,1
15.994,4.4144e-05,1
15.995,8.04e-05,1
15.995,8.3757e-05,1
15.996,7.6204e-05,1
15.996,7.3686e-05,1
15.997,6.3951e-05,1
15.998,4.2466e-05,1
15.998,2.7695e-05,1
15.999,2.6017e-05,1
15.999,2.8702e-05,1
16,2.4506e-05,1
16,1.3931e-05,1
16.001,4.8676e-06,1
16.001,1.8463e-06,1
16.002,4.1962e-06,1
16.002,8.2246e-06,1
16.003,1.326e-05,1
16.003,1.8128e-05,1
16.004,2.0478e-05,1
16.004,2.1988e-05,1
16.005,2.4002e-05,1
16.005,2.7863e-05,1
16.006,2.7863e-05,1
16.006,2.031e-05,1
16.007,9.2317e-06,1
16.007,5.0355e-07,1
16.008,-4.3641e-06,1
16.008,-7.2175e-06,1
16.009,-4.6998e-06,1
16.009,2.5177e-06,1
16.01,8.896e-06,1
16.01,1.3092e-05,1
16.011,1.5946e-05,1
16.012,1.9638e-05,1
16.012,2.6688e-05,1
16.013,3.6591e-05,1
16.013,5.153e-05,1
16.014,7.2847e-05,1
16.014,9.0806e-05,1
16.015,9.0806e-05,1
16.015,5.8244e-05,1
16.016,1.2085e-05,1
16.016,-5.7069e-06,1
16.017,-8.7282e-06,1
16.017,-3.1052e-05,1
16.018,-6.9993e-05,1
16.018,-0.00010608,1
16.019,-0.00012605,1
16.019,-0.00012673,1
16.02,-0.00011968,1
16.02,-0.00010877,1
16.021,-7.9225e-05,1
16.021,-2.0981e-05,1
16.022,5.9922e-05,1
16.022,0.00014166,1
16.023,0.0002172,1
16.023,0.00029055,1
16.024,0.00034325,1
16.024,0.00035148,1
16.025,0.00032663,1
16.026,0.00028618,1
16.026,0.00022928,1
16.027,0.00015912,1
16.027,8.9464e-05,1
16.028,3.0716e-05,1
16.028,-1.0071e-05,1
16.029,-2.6017e-05,1
16.029,-1.4603e-05,1
16.03,7.0497e-06,1
16.03,1.7288e-05,1
16.031,9.9031e-06,1
16.031,-1.8463e-06,1
16.032,-8.896e-06,1
16.032,-1.4267e-05,1
16.033,-2.3331e-05,1
16.033,-4.1794e-05,1
16.034,-6.5293e-05,1
16.034,-9.0471e-05,1
16.035,-0.00011145,1
16.035,-0.00012035,1
16.036,-0.00011598,1
16.036,-9.4499e-05,1
16.037,-4.6494e-05,1
16.037,2.5177e-06,1
16.038,1.8631e-05,1
16.039,9.9031e-06,1
16.039,-4.1962e-06,1
16.04,-1.1917e-05,1
16.04,-7.5532e-06,1
16.041,-3.6927e-06,1
16.041,-1.2757e-05,1
16.042,-2.9038e-05,1
16.042,-4.6662e-05,1
16.043,-5.6062e-05,1
16.043,-5.4551e-05,1
16.044,-4.6662e-05,1
16.044,-2.9709e-05,1
16.045,1.0071e-06,1
16.045,4.0116e-05,1
16.046,6.865e-05,1
16.046,7.4022e-05,1
16.047,5.7237e-05,1
16.047,3.122e-05,1
16.048,1.1582e-05,1
16.048,-5.539e-06,1
16.049,-3.0716e-05,1
16.049,-7.6204e-05,1
16.05,-0.00012018,1
16.05,-0.00012454,1
16.051,-0.00010541,1
16.052,-0.00010037,1
16.052,-0.00010323,1
16.053,-8.2078e-05,1
16.053,-3.3066e-05,1
16.054,1.326e-05,1
16.054,4.3137e-05,1
16.055,7.4189e-05,1
16.055,0.00011464,1
16.056,0.00014418,1
16.056,0.00014855,1
16.057,0.0001467,1
16.057,0.00015543,1
16.058,0.00016835,1
16.058,0.00017137,1
16.059,0.00016298,1
16.059,0.00015425,1
16.06,0.00014485,1
16.06,0.0001279,1
16.061,0.00010423,1
16.061,8.1743e-05,1
16.062,6.8818e-05,1
16.062,6.3615e-05,1
16.063,5.9586e-05,1
16.063,5.2033e-05,1
16.064,4.4144e-05,1
16.064,4.683e-05,1
16.065,5.4215e-05,1
16.066,4.918e-05,1
16.066,3.2898e-05,1
16.067,1.6449e-05,1
16.067,-4.1962e-06,1
16.068,-2.3163e-05,1
16.068,-2.501e-05,1
16.069,-1.4939e-05,1
16.069,-4.1962e-06,1
16.07,3.8605e-06,1
16.07,1.1917e-05,1
16.071,2.4338e-05,1
16.071,3.6255e-05,1
16.072,3.9612e-05,1
16.072,3.5752e-05,1
16.073,3.6255e-05,1
16.073,4.7669e-05,1
16.074,6.3111e-05,1
16.074,6.0258e-05,1
16.075,3.0716e-05,1
16.075,-8.3925e-06,1
16.076,-4.683e-05,1
16.076,-7.7714e-05,1
16.077,-8.7449e-05,1
16.077,-7.7546e-05,1
16.078,-6.5293e-05,1
16.078,-5.623e-05,1
16.079,-3.9109e-05,1
16.08,-1.5442e-05,1
16.08,4.8676e-06,1
16.081,1.326e-05,1
16.081,3.8605e-06,1
16.082,-1.6953e-05,1
16.082,-4.7837e-05,1
16.083,-8.5771e-05,1
16.083,-0.00010776,1
16.084,-0.00010222,1
16.084,-8.5435e-05,1
16.085,-7.2007e-05,1
16.085,-5.8579e-05,1
16.086,-3.3066e-05,1
16.086,1.9974e-05,1
16.087,0.00012068,1
16.087,0.00021199,1
16.088,0.00022509,1
16.088,0.00017037,1
16.089,0.00010558,1
16.089,6.6972e-05,1
16.09,5.7404e-05,1
16.09,5.4551e-05,1
16.091,3.6423e-05,1
16.091,1.5106e-06,1
16.092,-3.2563e-05,1
16.093,-4.9516e-05,1
16.093,-5.0019e-05,1
16.094,-2.9374e-05,1
16.094,8.3925e-06,1
16.095,3.4073e-05,1
16.095,2.7024e-05,1
16.096,-5.539e-06,1
16.096,-3.3234e-05,1
16.097,-2.8367e-05,1
16.097,2.1317e-05,1
16.098,9.5842e-05,1
16.098,0.00015123,1
16.099,0.00016701,1
16.099,0.0001603,1
16.1,0.00014989,1
16.1,0.00015023,1
16.101,0.0001603,1
16.101,0.0001566,1
16.102,0.00012807,1
16.102,8.5771e-05,1
16.103,5.0858e-05,1
16.103,2.5345e-05,1
16.104,8.3925e-07,1
16.104,-2.6688e-05,1
16.105,-5.2873e-05,1
16.105,-8.6107e-05,1
16.106,-0.00012085,1
16.107,-0.00012572,1
16.107,-8.9464e-05,1
16.108,-3.3738e-05,1
16.108,1.561e-05,1
16.109,4.213e-05,1
16.109,4.4648e-05,1
16.11,2.8534e-05,1
16.11,-1.0071e-06,1
16.111,-1.9806e-05,1
16.111,-1.2757e-05,1
16.112,9.0639e-06,1
16.112,1.796e-05,1
16.113,0,1
16.113,-2.9374e-05,1
16.114,-5.388e-05,1
16.114,-6.3615e-05,1
16.115,-6.0929e-05,1
16.115,-5.0019e-05,1
16.116,-2.7863e-05,1
16.116,4.8676e-06,1
16.117,3.6255e-05,1
16.117,5.3544e-05,1
16.118,5.6062e-05,1
16.118,5.1865e-05,1
16.119,4.5655e-05,1
16.12,3.6591e-05,1
16.12,2.182e-05,1
16.121,-5.539e-06,1
16.121,-3.7095e-05,1
16.122,-5.2033e-05,1
16.122,-4.448e-05,1
16.123,-2.9709e-05,1
16.123,-2.5177e-05,1
16.124,-2.5513e-05,1
16.124,-1.4267e-05,1
16.125,5.2033e-06,1
16.125,2.652e-05,1
16.126,5.3544e-05,1
16.126,7.8721e-05,1
16.127,9.8024e-05,1
16.127,0.00010658,1
16.128,9.5003e-05,1
16.128,6.2608e-05,1
16.129,1.6449e-05,1
16.129,-2.501e-05,1
16.13,-4.9851e-05,1
16.13,-6.009e-05,1
16.131,-6.5629e-05,1
16.131,-6.7979e-05,1
16.132,-6.244e-05,1
16.133,-5.0187e-05,1
16.133,-3.508e-05,1
16.134,-2.182e-05,1
16.134,-1.5106e-06,1
16.135,2.0981e-05,1
16.135,1.6617e-05,1
16.136,-3.7095e-05,1
16.136,-9.987e-05,1
16.137,-0.00011682,1
16.137,-8.7114e-05,1
16.138,-4.1627e-05,1
16.138,0,1
16.139,3.5416e-05,1
16.139,6.7475e-05,1
16.14,9.836e-05,1
16.14,0.00012605,1
16.141,0.0001556,1
16.141,0.00019135,1
16.142,0.00022173,1
16.142,0.00022391,1
16.143,0.00018447,1
16.143,0.00011061,1
16.144,3.4577e-05,1
16.144,-1.2589e-05,1
16.145,-2.7863e-05,1
16.145,-2.8199e-05,1
16.146,-2.8031e-05,1
16.147,-3.0213e-05,1
16.147,-3.0716e-05,1
16.148,-2.5681e-05,1
16.148,-2.4842e-05,1
16.149,-3.6088e-05,1
16.149,-5.3376e-05,1
16.15,-7.1e-05,1
16.15,-8.2918e-05,1
16.151,-9.0303e-05,1
16.151,-9.366e-05,1
16.152,-8.7449e-05,1
16.152,-6.1936e-05,1
16.153,-1.4267e-05,1
16.153,5.0523e-05,1
16.154,0.00012136,1
16.154,0.00018782,1
16.155,0.00023885,1
16.155,0.00026352,1
16.156,0.00024926,1
16.156,0.00019957,1
16.157,0.00014217,1
16.157,0.00010574,1
16.158,9.2485e-05,1
16.158,9.5842e-05,1
16.159,0.00011128,1
16.16,0.00012337,1
16.16,0.00011313,1
16.161,7.6875e-05,1
16.161,2.9709e-05,1
16.162,-1.7456e-05,1
16.162,-5.7908e-05,1
16.163,-8.1071e-05,1
16.163,-8.8792e-05,1
16.164,-9.1646e-05,1
16.164,-9.7856e-05,1
16.165,-0.00011095,1
16.165,-0.00013327,1
16.166,-0.00014234,1
16.166,-0.00012572,1
16.167,-9.6513e-05,1
16.167,-5.6565e-05,1
16.168,-9.2317e-06,1
16.168,3.3234e-05,1
16.169,5.9251e-05,1
16.169,7.3014e-05,1
16.17,8.51e-05,1
16.17,0.00010222,1
16.171,0.00011615,1
16.171,0.00011884,1
16.172,0.00011514,1
16.172,0.00011044,1
16.173,0.00010054,1
16.174,7.2175e-05,1
16.174,3.122e-05,1
16.175,-5.0355e-07,1
16.175,-1.7792e-05,1
16.176,-2.7863e-05,1
16.176,-3.508e-05,1
16.177,-3.978e-05,1
16.177,-4.3641e-05,1
16.178,-4.3305e-05,1
16.178,-3.9612e-05,1
16.179,-3.1388e-05,1
16.179,-8.5603e-06,1
16.18,2.7359e-05,1
16.18,5.5894e-05,1
16.181,6.6804e-05,1
16.181,5.8579e-05,1
16.182,4.8005e-05,1
16.182,5.069e-05,1
16.183,5.388e-05,1
16.183,3.8605e-05,1
16.184,8.2246e-06,1
16.184,-2.4842e-05,1
16.185,-4.3473e-05,1
16.185,-4.4144e-05,1
16.186,-3.9109e-05,1
16.186,-3.1724e-05,1
16.187,-2.031e-05,1
16.188,-1.0575e-05,1
16.188,-1.1246e-05,1
16.189,-1.4267e-05,1
16.189,-6.2104e-06,1
16.19,1.4603e-05,1
16.19,4.6494e-05,1
16.191,7.9728e-05,1
16.191,9.5171e-05,1
16.192,8.7449e-05,1
16.192,6.3951e-05,1
16.193,3.592e-05,1
16.193,1.9303e-05,1
16.194,1.8296e-05,1
16.194,1.4939e-05,1
16.195,4.8676e-06,1
16.195,-1.0071e-06,1
16.196,-2.5681e-05,1
16.196,-0.0001086,1
16.197,-0.00019487,1
16.197,-0.00021317,1
16.198,-0.00016936,1
16.198,-0.00010675,1
16.199,-4.9516e-05,1
16.199,1.7624e-05,1
16.2,9.2485e-05,1
16.201,0.00015157,1
16.201,0.00018715,1
16.202,0.00020528,1
16.202,0.00021199,1
16.203,0.00021552,1
16.203,0.00020797,1
16.204,0.00017574,1
16.204,0.000142,1
16.205,0.00013294,1
16.205,0.00013193,1
16.206,0.00010826,1
16.206,5.8915e-05,1
16.207,6.8818e-06,1
16.207,-2.9709e-05,1
16.208,-4.8508e-05,1
16.208,-5.4047e-05,1
16.209,-4.8508e-05,1
16.209,-3.9948e-05,1
16.21,-3.0213e-05,1
16.21,-8.2246e-06,1
16.211,2.3163e-05,1
16.211,4.6326e-05,1
16.212,5.623e-05,1
16.212,5.2873e-05,1
16.213,3.743e-05,1
16.213,1.2589e-05,1
16.214,-1.1246e-05,1
16.215,-1.4099e-05,1
16.215,-2.8534e-06,1
16.216,-5.0355e-07,1
16.216,-1.7288e-05,1
16.217,-4.918e-05,1
16.217,-8.3421e-05,1
16.218,-0.00010625,1
16.218,-0.00010524,1
16.219,-8.04e-05,1
16.219,-3.7766e-05,1
16.22,1.1582e-05,1
16.22,4.7333e-05,1
16.221,5.6062e-05,1
16.221,4.7501e-05,1
16.222,4.5487e-05,1
16.222,6.0258e-05,1
16.223,8.7785e-05,1
16.223,0.000118,1
16.224,0.00013814,1
16.224,0.0001368,1
16.225,0.00011531,1
16.225,9.0471e-05,1
16.226,7.7379e-05,1
16.226,6.63e-05,1
16.227,4.7837e-05,1
16.228,1.6953e-05,1
16.228,-2.6688e-05,1
16.229,-6.63e-05,1
16.229,-8.3757e-05,1
16.23,-7.6371e-05,1
16.23,-5.5222e-05,1
16.231,-3.3066e-05,1
16.231,-1.4099e-05,1
16.232,-7.5532e-06,1
16.232,-2.0478e-05,1
16.233,-3.6591e-05,1
16.233,-3.9109e-05,1
16.234,-2.0981e-05,1
16.234,-7.5532e-06,1
16.235,-1.9806e-05,1
16.235,-4.9348e-05,1
16.236,-8.1239e-05,1
16.236,-9.9702e-05,1
16.237,-9.0135e-05,1
16.237,-5.4047e-05,1
16.238,-5.2033e-06,1
16.238,3.592e-05,1
16.239,5.7237e-05,1
16.239,7.1e-05,1
16.24,8.661e-05,1
16.241,8.8457e-05,1
16.241,7.6371e-05,1
16.242,6.1433e-05,1
16.242,4.9851e-05,1
16.243,4.7837e-05,1
16.243,5.6062e-05,1
16.244,7.2343e-05,1
16.244,9.8527e-05,1
16.245,0.00012656,1
16.245,0.00013999,1
16.246,0.00013579,1
16.246,0.00012505,1
16.247,0.00012438,1
16.247,0.00012941,1
16.248,0.00012186,1
16.248,0.00010088,1
16.249,8.0735e-05,1
16.249,6.1936e-05,1
16.25,4.062e-05,1
16.25,1.6449e-05,1
16.251,-5.8747e-06,1
16.251,-2.0981e-05,1
16.252,-1.9974e-05,1
16.252,-9.3996e-06,1
16.253,-5.7069e-06,1
16.253,-1.6449e-05,1
16.254,-3.0716e-05,1
16.255,-3.0381e-05,1
16.255,-2.0645e-05,1
16.256,-2.4338e-05,1
16.256,-5.0187e-05,1
16.257,-8.8792e-05,1
16.257,-0.00011514,1
16.258,-0.00011699,1
16.258,-0.00010222,1
16.259,-7.3518e-05,1
16.259,-2.6352e-05,1
16.26,2.1317e-05,1
16.26,4.2298e-05,1
16.261,4.2802e-05,1
16.261,4.1794e-05,1
16.262,3.4073e-05,1
16.262,7.8889e-06,1
16.263,-2.5177e-05,1
16.263,-4.9851e-05,1
16.264,-6.0426e-05,1
16.264,-5.7237e-05,1
16.265,-5.9754e-05,1
16.265,-6.9322e-05,1
16.266,-6.1097e-05,1
16.266,-2.652e-05,1
16.267,4.8676e-06,1
16.267,1.4267e-05,1
16.268,1.7288e-05,1
16.269,2.4338e-05,1
16.269,3.827e-05,1
16.27,6.1936e-05,1
16.27,9.1142e-05,1
16.271,0.00012337,1
16.271,0.0001509,1
16.272,0.00016634,1
16.272,0.00015828,1
16.273,0.00012337,1
16.273,8.2582e-05,1
16.274,4.0452e-05,1
16.274,-1.1917e-05,1
16.275,-5.7237e-05,1
16.275,-9.8527e-05,1
16.276,-0.0001326,1
16.276,-0.00012757,1
16.277,-8.0735e-05,1
16.277,-2.1653e-05,1
16.278,2.1988e-05,1
16.278,5.4887e-05,1
16.279,8.9799e-05,1
16.279,0.00012706,1
16.28,0.00016231,1
16.28,0.00019034,1
16.281,0.00019101,1
16.282,0.00016097,1
16.282,0.0001232,1
16.283,9.2653e-05,1
16.283,7.6036e-05,1
16.284,6.9322e-05,1
16.284,6.4958e-05,1
16.285,6.5461e-05,1
16.285,6.5965e-05,1
16.286,4.918e-05,1
16.286,2.0981e-05,1
16.287,5.8747e-06,1
16.287,4.1962e-06,1
16.288,-3.1891e-06,1
16.288,-1.5442e-05,1
16.289,-6.2104e-06,1
16.289,2.2492e-05,1
16.29,3.4073e-05,1
16.29,1.2421e-05,1
16.291,-2.3163e-05,1
16.291,-4.1291e-05,1
16.292,-3.6423e-05,1
16.292,-9.5674e-06,1
16.293,3.0381e-05,1
16.293,5.8747e-05,1
16.294,5.0523e-05,1
16.294,-4.5319e-06,1
16.295,-8.2414e-05,1
16.296,-0.00014401,1
16.296,-0.00016466,1
16.297,-0.00012941,1
16.297,-6.4958e-05,1
16.298,-2.0981e-05,1
16.298,-1.4435e-05,1
16.299,-2.4338e-05,1
16.299,-3.3906e-05,1
16.3,-3.8102e-05,1
16.3,-2.5681e-05,1
16.301,3.6927e-06,1
16.301,3.743e-05,1
16.302,6.7643e-05,1
16.302,8.4092e-05,1
16.303,6.4958e-05,1
16.303,1.1749e-06,1
16.304,-6.8147e-05,1
16.304,-0.00010759,1
16.305,-0.00011212,1
16.305,-9.6849e-05,1
16.306,-7.9728e-05,1
16.306,-5.3208e-05,1
16.307,-6.5461e-06,1
16.307,5.0187e-05,1
16.308,0.00010289,1
16.309,0.0001519,1
16.309,0.00020394,1
16.31,0.00025396,1
16.31,0.00028081,1
16.311,0.00027578,1
16.311,0.00024204,1
16.312,0.00019924,1
16.312,0.00016214,1
16.313,0.00012807,1
16.313,8.7449e-05,1
16.314,3.743e-05,1
16.314,-1.0575e-05,1
16.315,-3.4409e-05,1
16.315,-3.1052e-05,1
16.316,-2.3667e-05,1
16.316,-2.4002e-05,1
16.317,-2.5849e-05,1
16.317,-2.7863e-05,1
16.318,-3.1724e-05,1
16.318,-3.0045e-05,1
16.319,-2.2995e-05,1
16.319,-2.5177e-05,1
16.32,-4.0116e-05,1
16.32,-4.8005e-05,1
16.321,-4.4984e-05,1
16.322,-4.0116e-05,1
16.322,-4.7501e-05,1
16.323,-7.6875e-05,1
16.323,-0.00011414,1
16.324,-0.00013411,1
16.324,-0.00012219,1
16.325,-8.6442e-05,1
16.325,-5.8915e-05,1
16.326,-4.8508e-05,1
16.326,-1.7792e-05,1
16.327,3.7766e-05,1
16.327,5.6565e-05,1
16.328,-4.5319e-06,1
16.328,-6.2943e-05,1
16.329,-3.0716e-05,1
16.329,7.8218e-05,1
16.33,0.00018379,1
16.33,0.00022274,1
16.331,0.00019219,1
16.331,0.00012874,1
16.332,7.3686e-05,1
16.332,5.2033e-05,1
16.333,5.8076e-05,1
16.333,7.8553e-05,1
16.334,9.2821e-05,1
16.334,7.2679e-05,1
16.335,2.501e-05,1
16.336,-2.2995e-05,1
16.336,-4.7669e-05,1
16.337,-4.0116e-05,1
16.337,-1.5946e-05,1
16.338,-7.8889e-06,1
16.338,-2.2995e-05,1
16.339,-4.8173e-05,1
16.339,-6.8482e-05,1
16.34,-6.865e-05,1
16.34,-4.8844e-05,1
16.341,-1.3596e-05,1
16.341,3.743e-05,1
16.342,9.5003e-05,1
16.342,0.00012337,1
16.343,0.0001086,1
16.343,7.1672e-05,1
16.344,4.4648e-05,1
16.344,3.978e-05,1
16.345,4.9851e-05,1
16.345,6.865e-05,1
16.346,8.51e-05,1
16.346,9.6178e-05,1
16.347,0.00010726,1
16.347,0.00012203,1
16.348,0.00013848,1
16.349,0.00014821,1
16.349,0.00013277,1
16.35,9.1142e-05,1
16.35,4.4984e-05,1
16.351,9.2317e-06,1
16.351,-2.266e-05,1
16.352,-5.5726e-05,1
16.352,-8.3085e-05,1
16.353,-9.3828e-05,1
16.353,-8.8289e-05,1
16.354,-7.3686e-05,1
16.354,-5.2705e-05,1
16.355,-3.508e-05,1
16.355,-3.508e-05,1
16.356,-5.8579e-05,1
16.356,-8.4764e-05,1
16.357,-8.8121e-05,1
16.357,-8.2414e-05,1
16.358,-8.8792e-05,1
16.358,-0.00011061,1
16.359,-0.00014015,1
16.359,-0.00016046,1
16.36,-0.00015996,1
16.36,-0.00012824,1
16.361,-6.9657e-05,1
16.361,7.8889e-06,1
16.362,8.5771e-05,1
16.363,0.00014418,1
16.363,0.00017389,1
16.364,0.00017758,1
16.364,0.00016416,1
16.365,0.00013378,1
16.365,9.4667e-05,1
16.366,6.1936e-05,1
16.366,1.6449e-05,1
16.367,-2.6688e-05,1
16.367,-2.7359e-05,1
16.368,1.4603e-05,1
16.368,5.8915e-05,1
16.369,6.8147e-05,1
16.369,4.1794e-05,1
16.37,1.6449e-05,1
16.37,0,1
16.371,-1.7456e-05,1
16.371,-3.8102e-05,1
16.372,-6.009e-05,1
16.372,-9.5003e-05,1
16.373,-0.00016349,1
16.373,-0.00024775,1
16.374,-0.0003033,1
16.374,-0.00029323,1
16.375,-0.00021267,1
16.375,-8.8457e-05,1
16.376,3.1724e-05,1
16.377,0.00010726,1
16.377,0.00011867,1
16.378,0.00016181,1
16.378,0.00031589,1
16.379,0.00050153,1
16.379,0.00062121,1
16.38,0.00064706,1
16.38,0.00062222,1
16.381,0.00061147,1
16.381,0.00059872,1
16.382,0.00051412,1
16.382,0.00034627,1
16.383,0.00015627,1
16.383,7.5532e-06,1
16.384,-8.7449e-05,1
16.384,-0.00013848,1
16.385,-0.00016802,1
16.385,-0.00019924,1
16.386,-0.00020562,1
16.386,-0.00019387,1
16.387,-0.0002172,1
16.387,-0.00026973,1
16.388,-0.00028786,1
16.388,-0.0002464,1
16.389,-0.00018413,1
16.39,-0.00013579,1
16.39,-9.4835e-05,1
16.391,-4.7501e-05,1
16.391,4.8676e-06,1
16.392,5.4887e-05,1
16.392,6.9322e-05,1
16.393,6.5461e-06,1
16.393,-0.0001519,1
16.394,-0.00042936,1
16.394,-0.00071135,1
16.395,-0.0008181,1
16.395,-0.00070262,1
16.396,-0.00045588,1
16.396,-0.00019672,1
16.397,5.0355e-07,1
16.397,0.00014989,1
16.398,0.00030263,1
16.398,0.00047955,1
16.399,0.00067391,1
16.399,0.00083371,1
16.4,0.0009136,1
16.4,0.00089145,1
16.401,0.00072964,1
16.401,0.00050842,1
16.402,0.00036474,1
16.402,0.00029659,1
16.403,0.00022593,1
16.404,0.00013008,1
16.404,4.4984e-05,1
16.405,-1.0239e-05,1
16.405,-4.9516e-05,1
16.406,-7.8386e-05,1
16.406,-8.3421e-05,1
16.407,-6.6636e-05,1
16.407,-5.5558e-05,1
16.408,-8.3757e-05,1
16.408,-0.00014888,1
16.409,-0.00022341,1
16.409,-0.00028081,1
16.41,-0.00031203,1
16.41,-0.00031724,1
16.411,-0.00027276,1
16.411,-0.00020813,1
16.412,-0.00017624,1
16.412,-0.00020008,1
16.413,-0.00024959,1
16.413,-0.00025815,1
16.414,-0.00018732,1
16.414,-6.0594e-05,1
16.415,4.2466e-05,1
16.415,6.8818e-05,1
16.416,3.2731e-05,1
16.417,-3.2395e-05,1
16.417,-9.9199e-05,1
16.418,-0.0001561,1
16.418,-0.00017305,1
16.419,-0.00017339,1
16.419,-0.00019588,1
16.42,-0.00020058,1
16.42,-0.00013747,1
16.421,-1.9974e-05,1
16.421,9.9535e-05,1
16.422,0.00019017,1
16.422,0.00026587,1
16.423,0.00032613,1
16.423,0.0003409,1
16.424,0.00031908,1
16.424,0.00029911,1
16.425,0.00028753,1
16.425,0.00026101,1
16.426,0.00020226,1
16.426,0.00012992,1
16.427,7.9225e-05,1
16.427,5.2537e-05,1
16.428,3.4745e-05,1
16.428,1.5946e-05,1
16.429,4.6998e-06,1
16.43,7.8889e-06,1
16.43,1.9135e-05,1
16.431,2.0142e-05,1
16.431,-1.796e-05,1
16.432,-0.00014569,1
16.432,-0.00037028,1
16.433,-0.00055592,1
16.433,-0.00057807,1
16.434,-0.00044749,1
16.434,-0.00026806,1
16.435,-0.00012287,1
16.435,-3.6423e-05,1
16.436,2.2995e-05,1
16.436,0.00011078,1
16.437,0.00026302,1
16.437,0.00047216,1
16.438,0.00064974,1
16.438,0.00068264,1
16.439,0.00057455,1
16.439,0.00039126,1
16.44,0.00018178,1
16.44,3.5248e-06,1
16.441,-0.00012975,1
16.441,-0.00021451,1
16.442,-0.00023146,1
16.442,-0.0001942,1
16.443,-0.00012958,1
16.444,-6.244e-05,1
16.444,4.5319e-06,1
16.445,8.0903e-05,1
16.445,0.00015929,1
16.446,0.00021938,1
16.446,0.00025211,1
16.447,0.0002459,1
16.447,0.0001984,1
16.448,0.00013344,1
16.448,8.3757e-05,1
16.449,6.8818e-05,1
16.449,5.4887e-05,1
16.45,3.8605e-06,1
16.45,-7.1336e-05,1
16.451,-0.00010457,1
16.451,-9.5506e-05,1
16.452,-0.00010625,1
16.452,-0.00015795,1
16.453,-0.000213,1
16.453,-0.00023046,1
16.454,-0.00020377,1
16.454,-0.0001509,1
16.455,-8.6778e-05,1
16.455,-1.8967e-05,1
16.456,2.4674e-05,1
16.456,8.2246e-06,1
16.457,-5.7572e-05,1
16.458,-0.00011833,1
16.458,-0.00014687,1
16.459,-0.00014972,1
16.459,-0.0001232,1
16.46,-6.7643e-05,1
16.46,-9.5674e-06,1
16.461,2.1317e-05,1
16.461,4.5487e-05,1
16.462,0.00010491,1
16.462,0.00020125,1
16.463,0.00027813,1
16.463,0.00028887,1
16.464,0.00024791,1
16.464,0.00019756,1
16.465,0.00015694,1
16.465,0.00011984,1
16.466,8.1071e-05,1
16.466,3.9277e-05,1
16.467,-1.6281e-05,1
16.467,-7.9896e-05,1
16.468,-0.0001331,1
16.468,-0.00016432,1
16.469,-0.00016013,1
16.469,-0.00012471,1
16.47,-8.3085e-05,1
16.471,-4.8676e-05,1
16.471,-7.2175e-06,1
16.472,4.5823e-05,1
16.472,9.4499e-05,1
16.473,0.00011968,1
16.473,0.00012236,1
16.474,0.00011061,1
16.474,9.4331e-05,1
16.475,7.6707e-05,1
16.475,4.7837e-05,1
16.476,1.1582e-05,1
16.476,-1.8631e-05,1
16.477,-3.5752e-05,1
16.477,-4.1123e-05,1
16.478,-4.213e-05,1
16.478,-4.0116e-05,1
16.479,-4.448e-05,1
16.479,-9.752e-05,1
16.48,-0.00018631,1
16.48,-0.00023952,1
16.481,-0.00024154,1
16.481,-0.00023969,1
16.482,-0.00027141,1
16.482,-0.00034224,1
16.483,-0.00040082,1
16.483,-0.00035332,1
16.484,-0.00014032,1
16.485,0.00017238,1
16.485,0.00042449,1
16.486,0.00052856,1
16.486,0.00052084,1
16.487,0.0004777,1
16.487,0.00045823,1
16.488,0.00048693,1
16.488,0.00056381,1
16.489,0.00063766,1
16.489,0.0006192,1
16.49,0.00047417,1
16.49,0.00024607,1
16.491,-4.1962e-06,1
16.491,-0.00017758,1
16.492,-0.00018866,1
16.492,-0.00010507,1
16.493,-6.8147e-05,1
16.493,-0.0001378,1
16.494,-0.00025949,1
16.494,-0.00033822,1
16.495,-0.00032277,1
16.495,-0.00021451,1
16.496,-5.388e-05,1
16.496,8.5771e-05,1
16.497,0.00015627,1
16.498,0.0001796,1
16.498,0.00019303,1
16.499,0.00019806,1
16.499,0.00018447,1
16.5,0.00015358,1
16.5,9.2485e-05,1
16.501,2.6352e-05,1
16.501,-6.8818e-06,1
16.502,-4.7669e-05,1
16.502,-0.0001467,1
16.503,-0.00028837,1
16.503,-0.00039982,1
16.504,-0.00042768,1
16.504,-0.00035467,1
16.505,-0.00020864,1
16.505,-4.7837e-05,1
16.506,7.1672e-05,1
16.506,0.00011917,1
16.507,0.00011061,1
16.507,9.7856e-05,1
16.508,9.4499e-05,1
16.508,0.00012102,1
16.509,0.00019353,1
16.509,0.00021736,1
16.51,0.00010726,1
16.511,-8.0903e-05,1
16.511,-0.00022676,1
16.512,-0.00025362,1
16.512,-0.00010944,1
16.513,0.00012572,1
16.513,0.00030565,1
16.514,0.00033385,1
16.514,0.00019554,1
16.515,4.1123e-05,1
16.515,-3.1891e-06,1
16.516,5.1698e-05,1
16.516,0.0001039,1
16.517,8.1407e-05,1
16.517,2.9038e-05,1
16.518,1.0575e-05,1
16.518,3.1388e-05,1
16.519,0.00010826,1
16.519,0.00024791,1
16.52,0.0003968,1
16.52,0.00045621,1
16.521,0.00039126,1
16.521,0.00026033,1
16.522,0.00012203,1
16.522,-1.6785e-07,1
16.523,-7.5868e-05,1
16.523,-7.7043e-05,1
16.524,-7.9561e-05,1
16.525,-0.00017993,1
16.525,-0.00034762,1
16.526,-0.00047367,1
16.526,-0.00049415,1
16.527,-0.00043221,1
16.527,-0.00033956,1
16.528,-0.00025597,1
16.528,-0.00018631,1
16.529,-0.00011951,1
16.529,-4.448e-05,1
16.53,3.4745e-05,1
16.53,8.7617e-05,1
16.531,8.7114e-05,1
16.531,4.8844e-05,1
16.532,3.827e-05,1
16.532,6.1433e-05,1
16.533,5.3376e-05,1
16.533,-1.7456e-05,1
16.534,-0.00010541,1
16.534,-0.00014502,1
16.535,-0.00012152,1
16.535,-6.009e-05,1
16.536,2.3331e-05,1
16.536,0.00011716,1
16.537,0.00018514,1
16.538,0.00020897,1
16.538,0.00020394,1
16.539,0.00016986,1
16.539,0.0001133,1
16.54,5.8579e-05,1
16.54,1.9806e-05,1
16.541,-5.7069e-06,1
16.541,-1.561e-05,1
16.542,-7.8889e-06,1
16.542,7.0497e-06,1
16.543,2.2995e-05,1
16.543,4.6494e-05,1
16.544,8.1071e-05,1
16.544,0.00011397,1
16.545,0.00013294,1
16.545,0.00013999,1
16.546,0.0001415,1
16.546,0.00013008,1
16.547,0.0001034,1
16.547,6.7643e-05,1
16.548,3.1724e-05,1
16.548,1.1749e-06,1
16.549,-1.7624e-05,1
16.549,-2.3667e-05,1
16.55,-2.5681e-05,1
16.55,-2.8031e-05,1
16.551,-3.1724e-05,1
16.552,-3.9109e-05,1
16.552,-4.9516e-05,1
16.553,-5.2705e-05,1
16.553,-4.2634e-05,1
16.554,-3.2059e-05,1
16.554,-3.3234e-05,1
16.555,-4.1123e-05,1
16.555,-4.4144e-05,1
16.556,-3.7263e-05,1
16.556,-2.9374e-05,1
16.557,-2.5681e-05,1
16.557,-2.6352e-05,1
16.558,-2.7024e-05,1
16.558,-2.7024e-05,1
16.559,-2.2828e-05,1
16.559,-1.3931e-05,1
16.56,-1.8631e-05,1
16.56,-4.3641e-05,1
16.561,-7.4022e-05,1
16.561,-9.0974e-05,1
16.562,-8.4092e-05,1
16.562,-4.8341e-05,1
16.563,1.5106e-06,1
16.563,3.1388e-05,1
16.564,-7.8889e-06,1
16.564,-9.3492e-05,1
16.565,-0.0001425,1
16.566,-0.00012773,1
16.566,-7.8386e-05,1
16.567,-2.652e-05,1
16.567,2.4674e-05,1
16.568,7.7546e-05,1
16.568,0.00013176,1
16.569,0.00021468,1
16.569,0.00036574,1
16.57,0.00054232,1
16.57,0.00061416,1
16.571,0.00053024,1
16.571,0.00038589,1
16.572,0.00026302,1
16.572,0.0001702,1
16.573,9.7856e-05,1
16.573,4.2634e-05,1
16.574,-4.0284e-06,1
16.574,-3.6591e-05,1
16.575,-5.2369e-05,1
16.575,-5.6565e-05,1
16.576,-6.0594e-05,1
16.576,-7.1336e-05,1
16.577,-8.3085e-05,1
16.577,-9.2317e-05,1
16.578,-9.2485e-05,1
16.579,-8.5771e-05,1
16.579,-8.6442e-05,1
16.58,-0.0001091,1
16.58,-0.00013529,1
16.581,-0.00013176,1
16.581,-9.6849e-05,1
16.582,-0.00011531,1
16.582,-0.00024237,1
16.583,-0.00040569,1
16.583,-0.00049348,1
16.584,-0.00046007,1
16.584,-0.00034778,1
16.585,-0.00020394,1
16.585,-3.8437e-05,1
16.586,0.00015795,1
16.586,0.00036742,1
16.587,0.00054702,1
16.587,0.00065612,1
16.588,0.00064907,1
16.588,0.00054568,1
16.589,0.00042348,1
16.589,0.00032798,1
16.59,0.00025177,1
16.59,0.00017641,1
16.591,9.987e-05,1
16.591,3.7263e-05,1
16.592,3.5248e-06,1
16.593,1.0575e-05,1
16.593,5.9586e-05,1
16.594,0.00011363,1
16.594,0.00012236,1
16.595,9.4835e-05,1
16.595,4.9516e-05,1
16.596,-2.501e-05,1
16.596,-0.00012706,1
16.597,-0.00021921,1
16.597,-0.00026688,1
16.598,-0.00026201,1
16.598,-0.00020293,1
16.599,-9.131e-05,1
16.599,4.683e-05,1
16.6,0.00016936,1
16.6,0.00023986,1
16.601,0.00024422,1
16.601,0.00019219,1
16.602,0.00010323,1
16.602,1.1917e-05,1
16.603,-5.0858e-05,1
16.603,-7.7714e-05,1
16.604,-8.1239e-05,1
16.604,-8.0735e-05,1
16.605,-8.7953e-05,1
16.606,-0.00010289,1
16.606,-0.00011682,1
16.607,-0.00011917,1
16.607,-0.00011716,1
16.608,-0.00012673,1
16.608,-0.00014485,1
16.609,-0.00014821,1
16.609,-0.00013042,1
16.61,-0.00010105,1
16.61,-7.7043e-05,1
16.611,-7.1336e-05,1
16.611,-8.4092e-05,1
16.612,-0.00011279,1
16.612,-0.00016365,1
16.613,-0.00022257,1
16.613,-0.0002511,1
16.614,-0.00022576,1
16.614,-0.00014452,1
16.615,-3.3906e-05,1
16.615,6.4958e-05,1
16.616,0.00012421,1
16.616,0.00016265,1
16.617,0.00020998,1
16.617,0.00025093,1
16.618,0.00026033,1
16.619,0.0002276,1
16.619,0.00016835,1
16.62,0.00010927,1
16.62,5.4383e-05,1
16.621,8.2246e-06,1
16.621,-2.9038e-05,1
16.622,-8.0232e-05,1
16.622,-0.00013696,1
16.623,-0.00015744,1
16.623,-0.00011666,1
16.624,-3.508e-05,1
16.624,5.0523e-05,1
16.625,0.00010373,1
16.625,9.0806e-05,1
16.626,-2.031e-05,1
16.626,-0.00017691,1
16.627,-0.00026419,1
16.627,-0.00023549,1
16.628,-0.00014469,1
16.628,-8.6107e-05,1
16.629,-6.1936e-05,1
16.629,-5.539e-06,1
16.63,0.00014401,1
16.63,0.00040468,1
16.631,0.00065512,1
16.631,0.00073434,1
16.632,0.00060543,1
16.633,0.00038857,1
16.633,0.00019454,1
16.634,5.0523e-05,1
16.634,-3.122e-05,1
16.635,-4.448e-05,1
16.635,-1.7624e-05,1
16.636,5.2033e-06,1
16.636,7.0497e-06,1
16.637,3.8605e-06,1
16.637,-1.4267e-05,1
16.638,-4.0116e-05,1
16.638,-3.4073e-05,1
16.639,1.5946e-05,1
16.639,8.0064e-05,1
16.64,0.00010843,1
16.64,7.3014e-05,1
16.641,-5.7069e-06,1
16.641,-6.8818e-05,1
16.642,-9.2988e-05,1
16.642,-0.00013848,1
16.643,-0.00021669,1
16.643,-0.00026033,1
16.644,-0.00023919,1
16.644,-0.00019034,1
16.645,-0.00015056,1
16.645,-0.00010625,1
16.646,-1.4267e-05,1
16.647,0.00011968,1
16.647,0.00022727,1
16.648,0.00027292,1
16.648,0.00028585,1
16.649,0.00028081,1
16.649,0.00024506,1
16.65,0.00018212,1
16.65,0.00012152,1
16.651,8.7617e-05,1
16.651,7.2343e-05,1
16.652,6.1601e-05,1
16.652,4.7333e-05,1
16.653,3.4913e-05,1
16.653,3.0381e-05,1
16.654,1.6617e-05,1
16.654,-5.539e-06,1
16.655,-2.2492e-05,1
16.655,-4.3809e-05,1
16.656,-6.5965e-05,1
16.656,-7.2679e-05,1
16.657,-6.4622e-05,1
16.657,-4.448e-05,1
16.658,-1.5106e-06,1
16.658,6.9154e-05,1
16.659,0.00014855,1
16.66,0.00019722,1
16.66,0.00019538,1
16.661,0.00016063,1
16.661,0.00012387,1
16.662,9.1142e-05,1
16.662,5.6733e-05,1
16.663,2.266e-05,1
16.663,-1.0071e-06,1
16.664,-1.0575e-05,1
16.664,-1.4603e-05,1
16.665,-2.5177e-05,1
16.665,-6.3447e-05,1
16.666,-0.00011246,1
16.666,-0.00011984,1
16.667,-8.2078e-05,1
16.667,-2.8534e-05,1
16.668,1.0575e-05,1
16.668,3.0716e-05,1
16.669,5.0858e-05,1
16.669,8.4428e-05,1
16.67,0.00011867,1
16.67,0.00013848,1
16.671,0.00012404,1
16.671,5.2033e-05,1
16.672,-5.9754e-05,1
16.672,-0.0001561,1
16.673,-0.00021099,1
16.674,-0.00023549,1
16.674,-0.00024372,1
16.675,-0.00023734,1
16.675,-0.00022475,1
16.676,-0.00021317,1
16.676,-0.00017238,1
16.677,-8.6107e-05,1
16.677,2.2324e-05,1
16.678,0.00011649,1
16.678,0.00017691,1
16.679,0.00018581,1
16.679,0.00015996,1
16.68,0.00014015,1
16.68,0.00015123,1
16.681,0.00017842,1
16.681,0.00015962,1
16.682,7.8721e-05,1
16.682,-1.0575e-05,1
16.683,-8.4428e-05,1
16.683,-0.00015761,1
16.684,-0.00023146,1
16.684,-0.00025144,1
16.685,-0.00018564,1
16.685,-6.5293e-05,1
16.686,7.4189e-05,1
16.687,0.00021988,1
16.687,0.00034862,1
16.688,0.00045151,1
16.688,0.00050674,1
16.689,0.00049062,1
16.689,0.00043087,1
16.69,0.00035299,1
16.69,0.00025026,1
16.691,0.0001232,1
16.691,-3.357e-06,1
16.692,-9.7688e-05,1
16.692,-0.00013982,1
16.693,-0.00012387,1
16.693,-6.9825e-05,1
16.694,-3.5416e-05,1
16.694,-5.2873e-05,1
16.695,-8.0735e-05,1
16.695,-7.7043e-05,1
16.696,-5.5558e-05,1
16.696,-4.5487e-05,1
16.697,-7.4861e-05,1
16.697,-0.00010323,1
16.698,-1.1917e-05,1
16.698,9.5506e-05,1
16.699,5.4383e-05,1
16.7,-0.00010457,1
16.7,-0.00022005,1
16.701,-0.00021199,1
16.701,-0.00015576,1
16.702,-0.00012287,1
16.702,-9.2317e-05,1
16.703,-2.0478e-05,1
16.703,7.2343e-05,1
16.704,0.0001566,1
16.704,0.00023465,1
16.705,0.00027645,1
16.705,0.00024372,1
16.706,0.00014855,1
16.706,3.4745e-05,1
16.707,-4.9851e-05,1
16.707,-8.9632e-05,1
16.708,-0.00011061,1
16.708,-0.00013545,1
16.709,-0.00016617,1
16.709,-0.00020763,1
16.71,-0.00023885,1
16.71,-0.00023214,1
16.711,-0.0001843,1
16.711,-0.00010961,1
16.712,-2.5681e-05,1
16.712,4.3977e-05,1
16.713,8.0735e-05,1
16.714,0.00010172,1
16.714,0.00012689,1
16.715,0.0001561,1
16.715,0.00017607,1
16.716,0.00016298,1
16.716,9.6345e-05,1
16.717,-1.1582e-05,1
16.717,-0.00010407,1
16.718,-0.00013864,1
16.718,-0.00011548,1
16.719,-4.918e-05,1
16.719,3.5248e-06,1
16.72,-1.8463e-06,1
16.72,-4.3809e-05,1
16.721,-6.5126e-05,1
16.721,-2.0813e-05,1
16.722,6.7475e-05,1
16.722,0.00014871,1
16.723,0.0002031,1
16.723,0.00021065,1
16.724,0.00017003,1
16.724,9.6178e-05,1
16.725,3.0045e-05,1
16.725,2.5177e-06,1
16.726,-1.9303e-05,1
16.727,-6.2776e-05,1
16.727,-0.00010457,1
16.728,-0.000118,1
16.728,-8.7449e-05,1
16.729,-2.5345e-05,1
16.729,3.8102e-05,1
16.73,7.6204e-05,1
16.73,6.8315e-05,1
16.731,7.7211e-06,1
16.731,-7.4525e-05,1
16.732,-0.00014485,1
16.732,-0.00019319,1
16.733,-0.00021518,1
16.733,-0.00019504,1
16.734,-0.00013143,1
16.734,-5.0523e-05,1
16.735,2.6688e-05,1
16.735,0.0001138,1
16.736,0.0002177,1
16.736,0.00030163,1
16.737,0.00033956,1
16.737,0.00034997,1
16.738,0.00033385,1
16.738,0.00027578,1
16.739,0.00019319,1
16.739,0.00011061,1
16.74,3.2059e-05,1
16.741,-2.2995e-05,1
16.741,-3.592e-05,1
16.742,-1.9303e-05,1
16.742,8.3925e-07,1
16.743,8.7282e-06,1
16.743,-5.0355e-06,1
16.744,-3.0716e-05,1
16.744,-4.1962e-05,1
16.745,-3.2059e-05,1
16.745,-2.5681e-05,1
16.746,-4.2466e-05,1
16.746,-7.4357e-05,1
16.747,-0.00010574,1
16.747,-0.00012522,1
16.748,-0.00013445,1
16.748,-0.00014116,1
16.749,-0.00013898,1
16.749,-0.00010776,1
16.75,-3.8102e-05,1
16.75,4.8173e-05,1
16.751,0.00012337,1
16.751,0.00017104,1
16.752,0.00018614,1
16.752,0.00017893,1
16.753,0.00018782,1
16.753,0.00022844,1
16.754,0.00027175,1
16.755,0.0002845,1
16.755,0.00025161,1
16.756,0.00018447,1
16.756,0.00010759,1
16.757,3.9109e-05,1
16.757,-9.9031e-06,1
16.758,-3.6591e-05,1
16.758,-4.5823e-05,1
16.759,-4.4816e-05,1
16.759,-4.0452e-05,1
16.76,-4.0116e-05,1
16.76,-4.8844e-05,1
16.761,-5.8915e-05,1
16.761,-5.6062e-05,1
16.762,-4.5487e-05,1
16.762,-4.4144e-05,1
16.763,-4.918e-05,1
16.763,-5.2201e-05,1
16.764,-5.4215e-05,1
16.764,-6.1265e-05,1
16.765,-6.949e-05,1
16.765,-6.865e-05,1
16.766,-5.2537e-05,1
16.766,-3.1891e-05,1
16.767,-1.8296e-05,1
16.768,-1.2924e-05,1
16.768,-1.1749e-05,1
16.769,-1.1078e-05,1
16.769,-1.1582e-05,1
16.77,-1.2924e-05,1
16.77,-1.1917e-05,1
16.771,-5.539e-06,1
16.771,5.2033e-06,1
16.772,1.1917e-05,1
16.772,1.2253e-05,1
16.773,8.5603e-06,1
16.773,5.2033e-06,1
16.774,1.2421e-05,1
16.774,3.7934e-05,1
16.775,6.3951e-05,1
16.775,7.1672e-05,1
16.776,5.7237e-05,1
16.776,2.7359e-05,1
16.777,-1.1749e-06,1
16.777,-8.2246e-06,1
16.778,1.2757e-05,1
16.778,3.9445e-05,1
16.779,4.6494e-05,1
16.779,3.1388e-05,1
16.78,9.9031e-06,1
16.78,-4.5319e-06,1
16.781,-5.539e-06,1
16.782,5.0355e-07,1
16.782,-8.0568e-06,1
16.783,-4.5823e-05,1
16.783,-9.2821e-05,1
16.784,-0.00011313,1
16.784,-0.00010138,1
16.785,-7.4693e-05,1
16.785,-4.5151e-05,1
16.786,-1.5274e-05,1
16.786,1.5946e-05,1
16.787,4.5823e-05,1
16.787,6.4286e-05,1
16.788,7.8386e-05,1
16.788,9.2821e-05,1
16.789,0.0001034,1
16.789,0.00010188,1
16.79,9.0135e-05,1
16.79,7.5868e-05,1
16.791,6.2272e-05,1
16.791,4.6662e-05,1
16.792,3.3402e-05,1
16.792,2.6688e-05,1
16.793,2.4842e-05,1
16.793,3.0381e-05,1
16.794,4.8173e-05,1
16.795,7.6371e-05,1
16.795,9.6345e-05,1
16.796,8.8121e-05,1
16.796,5.0523e-05,1
16.797,1.2253e-05,1
16.797,3.1891e-06,1
16.798,1.6953e-05,1
16.798,1.5274e-05,1
16.799,-8.896e-06,1
16.799,-4.3137e-05,1
16.8,-7.2679e-05,1
16.8,-7.2175e-05,1
16.801,-3.9109e-05,1
16.801,9.0639e-06,1
16.802,4.8005e-05,1
16.802,6.9657e-05,1
16.803,8.04e-05,1
16.803,7.335e-05,1
16.804,4.9012e-05,1
16.804,4.7501e-05,1
16.805,9.2988e-05,1
16.805,0.00016197,1
16.806,0.00020981,1
16.806,0.00021602,1
16.807,0.00019638,1
16.808,0.00017507,1
16.808,0.00016735,1
16.809,0.00018346,1
16.809,0.00020293,1
16.81,0.00019387,1
16.81,0.00014586,1
16.811,8.0735e-05,1
16.811,1.1414e-05,1
16.812,-6.5965e-05,1
16.812,-0.00012958,1
16.813,-0.00016147,1
16.813,-0.00017523,1
16.814,-0.00019202,1
16.814,-0.00021485,1
16.815,-0.00023583,1
16.815,-0.00023616,1
16.816,-0.00020612,1
16.816,-0.00015543,1
16.817,-8.275e-05,1
16.817,1.9638e-05,1
16.818,0.00014015,1
16.818,0.00023986,1
16.819,0.00027913,1
16.819,0.00026168,1
16.82,0.00021099,1
16.82,0.0001566,1
16.821,0.00011833,1
16.822,8.4428e-05,1
16.822,3.9445e-05,1
16.823,-3.8605e-06,1
16.823,-2.417e-05,1
16.824,-1.4267e-05,1
16.824,7.8889e-06,1
16.825,2.266e-05,1
16.825,1.2589e-05,1
16.826,-1.796e-05,1
16.826,-4.5487e-05,1
16.827,-5.8076e-05,1
16.827,-6.6133e-05,1
16.828,-7.5364e-05,1
16.828,-7.9393e-05,1
16.829,-7.1504e-05,1
16.829,-4.4648e-05,1
16.83,1.6785e-06,1
16.83,5.8076e-05,1
16.831,9.5171e-05,1
16.831,9.1646e-05,1
16.832,7.9057e-05,1
16.832,7.4357e-05,1
16.833,5.8579e-05,1
16.833,2.8031e-05,1
16.834,-5.7069e-06,1
16.834,-3.0716e-05,1
16.835,-4.1123e-05,1
16.836,-3.5416e-05,1
16.836,-2.3667e-05,1
16.837,-2.887e-05,1
16.837,-5.1865e-05,1
16.838,-6.0594e-05,1
16.838,-4.2298e-05,1
16.839,-1.8296e-05,1
16.839,-6.2104e-06,1
16.84,-6.5461e-06,1
16.84,-2.031e-05,1
16.841,-5.0858e-05,1
16.841,-0.00010591,1
16.842,-0.00016516,1
16.842,-0.00018614,1
16.843,-0.00015996,1
16.843,-0.00010961,1
16.844,-5.5055e-05,1
16.844,-1.1078e-05,1
16.845,8.0568e-06,1
16.845,2.1317e-05,1
16.846,2.7359e-05,1
16.846,-2.8367e-05,1
16.847,-0.00015409,1
16.847,-0.00027561,1
16.848,-0.00031489,1
16.849,-0.00023314,1
16.849,-0.00010793,1
16.85,-2.5177e-05,1
16.85,2.5345e-05,1
16.851,9.366e-05,1
16.851,0.00020327,1
16.852,0.00033989,1
16.852,0.00046242,1
16.853,0.00055373,1
16.853,0.00062222,1
16.854,0.00064236,1
16.854,0.00057992,1
16.855,0.00045303,1
16.855,0.0003305,1
16.856,0.0002506,1
16.856,0.0001942,1
16.857,0.00014066,1
16.857,8.7953e-05,1
16.858,3.7095e-05,1
16.858,-1.4603e-05,1
16.859,-5.8244e-05,1
16.859,-8.4428e-05,1
16.86,-9.4331e-05,1
16.86,-0.00010021,1
16.861,-0.00011028,1
16.861,-0.00012337,1
16.862,-0.00012824,1
16.863,-0.00011766,1
16.863,-9.7017e-05,1
16.864,-7.4022e-05,1
16.864,-5.388e-05,1
16.865,-3.7766e-05,1
16.865,-2.0981e-05,1
16.866,-9.0639e-06,1
16.866,-7.7211e-06,1
16.867,-9.7353e-06,1
16.867,-1.0407e-05,1
16.868,-1.1582e-05,1
16.868,-1.1246e-05,1
16.869,-5.0355e-07,1
16.869,1.1078e-05,1
16.87,5.2033e-06,1
16.87,-3.0716e-05,1
16.871,-0.00010323,1
16.871,-0.00018514,1
16.872,-0.00023516,1
16.872,-0.00024657,1
16.873,-0.0002365,1
16.873,-0.00021871,1
16.874,-0.00018564,1
16.874,-0.00013109,1
16.875,-6.5293e-05,1
16.876,5.539e-06,1
16.876,7.1504e-05,1
16.877,0.00012068,1
16.877,0.00014687,1
16.878,0.00014821,1
16.878,0.00012136,1
16.879,8.04e-05,1
16.879,6.2943e-05,1
16.88,8.1071e-05,1
16.88,0.00010188,1
16.881,9.2149e-05,1
16.881,5.7572e-05,1
16.882,1.6449e-05,1
16.882,-1.4435e-05,1
16.883,-2.501e-05,1
16.883,-1.7792e-05,1
16.884,-4.8676e-06,1
16.884,1.0575e-05,1
16.885,3.1388e-05,1
16.885,4.5151e-05,1
16.886,4.3473e-05,1
16.886,3.5752e-05,1
16.887,3.1052e-05,1
16.887,2.3499e-05,1
16.888,6.3783e-06,1
16.889,-1.3596e-05,1
16.889,-1.9974e-05,1
16.89,-1.5106e-06,1
16.89,2.9206e-05,1
16.891,4.8844e-05,1
16.891,5.7572e-05,1
16.892,6.7308e-05,1
16.892,7.5029e-05,1
16.893,6.8986e-05,1
16.893,5.7404e-05,1
16.894,5.8915e-05,1
16.894,7.1336e-05,1
16.895,7.9393e-05,1
16.895,9.1646e-05,1
16.896,0.00011145,1
16.896,0.00012253,1
16.897,0.00010726,1
16.897,7.1e-05,1
16.898,2.9038e-05,1
16.898,2.3499e-06,1
16.899,-3.6927e-06,1
16.899,-4.1962e-06,1
16.9,-1.091e-05,1
16.9,-2.3499e-05,1
16.901,-3.7934e-05,1
16.901,-5.1362e-05,1
16.902,-6.0761e-05,1
16.903,-5.4551e-05,1
16.903,-3.2395e-05,1
16.904,-1.6449e-05,1
16.904,-1.1917e-05,1
16.905,6.3783e-06,1
16.905,5.1698e-05,1
16.906,0.00010541,1
16.906,0.00013545,1
16.907,0.00012874,1
16.907,9.0471e-05,1
16.908,5.9586e-05,1
16.908,5.4719e-05,1
16.909,6.5965e-05,1
16.909,7.805e-05,1
16.91,7.4357e-05,1
16.91,5.4215e-05,1
16.911,2.6017e-05,1
16.911,-3.2395e-05,1
16.912,-0.00014116,1
16.912,-0.00024154,1
16.913,-0.00027645,1
16.913,-0.00024405,1
16.914,-0.00016063,1
16.914,-6.1433e-05,1
16.915,1.5274e-05,1
16.916,6.0761e-05,1
16.916,8.275e-05,1
16.917,9.8863e-05,1
16.917,0.00013411,1
16.918,0.00018984,1
16.918,0.00022492,1
16.919,0.00019789,1
16.919,0.00011632,1
16.92,3.5752e-05,1
16.92,-6.2104e-06,1
16.921,-2.9038e-05,1
16.921,-4.7333e-05,1
16.922,-5.6397e-05,1
16.922,-4.9348e-05,1
16.923,-2.4506e-05,1
16.923,1.5946e-05,1
16.924,6.6636e-05,1
16.924,0.00012203,1
16.925,0.0001744,1
16.925,0.00021267,1
16.926,0.00022358,1
16.926,0.00020327,1
16.927,0.00017339,1
16.927,0.00013344,1
16.928,6.3447e-05,1
16.928,-2.2492e-05,1
16.929,-7.0329e-05,1
16.93,-6.9993e-05,1
16.93,-5.7908e-05,1
16.931,-5.9251e-05,1
16.931,-6.949e-05,1
16.932,-8.1239e-05,1
16.932,-9.9199e-05,1
16.933,-0.00011968,1
16.933,-0.00013747,1
16.934,-0.00015056,1
16.934,-0.00015744,1
16.935,-0.00015509,1
16.935,-0.00013529,1
16.936,-0.00010155,1
16.936,-6.0426e-05,1
16.937,-1.0071e-05,1
16.937,6.0258e-05,1
16.938,0.00014922,1
16.938,0.00021669,1
16.939,0.00021535,1
16.939,0.000165,1
16.94,0.00011447,1
16.94,6.9657e-05,1
16.941,2.6688e-05,1
16.941,-3.357e-07,1
16.942,-6.714e-07,1
16.942,1.0575e-05,1
16.943,-1.1749e-06,1
16.944,-5.1698e-05,1
16.944,-0.00012068,1
16.945,-0.00016684,1
16.945,-0.00017205,1
16.946,-0.0001843,1
16.946,-0.0002219,1
16.947,-0.00022962,1
16.947,-0.00016735,1
16.948,-4.5991e-05,1
16.948,9.8863e-05,1
16.949,0.00022005,1
16.949,0.0002929,1
16.95,0.00031673,1
16.95,0.00030246,1
16.951,0.00025563,1
16.951,0.00014754,1
16.952,1.8463e-06,1
16.952,-9.0806e-05,1
16.953,-0.00011632,1
16.953,-0.00011733,1
16.954,-0.00011229,1
16.954,-8.5771e-05,1
16.955,-1.6953e-05,1
16.955,0.00011699,1
16.956,0.00029978,1
16.957,0.00046259,1
16.957,0.00054903,1
16.958,0.00054081,1
16.958,0.0004349,1
16.959,0.00027041,1
16.959,0.00010591,1
16.96,-1.2253e-05,1
16.96,-6.8818e-05,1
16.961,-8.1575e-05,1
16.961,-6.7475e-05,1
16.962,-3.9948e-05,1
16.962,-2.2324e-05,1
16.963,-2.6017e-05,1
16.963,-4.3137e-05,1
16.964,-6.2272e-05,1
16.964,-7.9393e-05,1
16.965,-9.4499e-05,1
16.965,-0.00011011,1
16.966,-0.00012387,1
16.966,-0.00012975,1
16.967,-0.00013478,1
16.967,-0.00015576,1
16.968,-0.00021233,1
16.968,-0.00026923,1
16.969,-0.0002652,1
16.97,-0.0001937,1
16.97,-9.7353e-05,1
16.971,-1.5442e-05,1
16.971,3.5248e-05,1
16.972,5.3544e-05,1
16.972,5.0523e-05,1
16.973,4.5487e-05,1
16.973,5.8915e-05,1
16.974,9.9031e-05,1
16.974,0.00015023,1
16.975,0.00018984,1
16.975,0.00019857,1
16.976,0.00017624,1
16.976,0.00013596,1
16.977,9.8863e-05,1
16.977,8.5771e-05,1
16.978,9.5171e-05,1
16.978,9.7856e-05,1
16.979,7.2679e-05,1
16.979,2.8702e-05,1
16.98,-1.0575e-05,1
16.98,-3.8773e-05,1
16.981,-6.3279e-05,1
16.981,-7.5029e-05,1
16.982,-6.5965e-05,1
16.982,-4.5823e-05,1
16.983,-3.3906e-05,1
16.984,-3.5416e-05,1
16.984,-4.7333e-05,1
16.985,-6.4622e-05,1
16.985,-8.3085e-05,1
16.986,-0.00010994,1
16.986,-0.00014032,1
16.987,-0.00014788,1
16.987,-0.0001237,1
16.988,-8.4764e-05,1
16.988,-4.6326e-05,1
16.989,-1.7792e-05,1
16.989,-4.1962e-06,1
16.99,3.357e-07,1
16.99,1.1917e-05,1
16.991,4.3641e-05,1
16.991,8.4596e-05,1
16.992,0.00011363,1
16.992,0.00014049,1
16.993,0.00017372,1
16.993,0.00018917,1
16.994,0.00017809,1
16.994,0.00014871,1
16.995,0.00011246,1
16.995,9.1814e-05,1
16.996,9.2485e-05,1
16.997,9.0806e-05,1
16.997,7.6707e-05,1
16.998,6.5461e-05,1
16.998,6.7643e-05,1
16.999,7.6036e-05,1
16.999,7.6204e-05,1
17,6.4958e-05,1
17,4.5319e-05,1
17.001,1.3764e-05,1
17.001,-2.0478e-05,1
17.002,-4.0452e-05,1
17.002,-4.3977e-05,1
17.003,-4.4816e-05,1
17.003,-4.8508e-05,1
17.004,-5.6901e-05,1
17.004,-6.3951e-05,1
17.005,-5.9419e-05,1
17.005,-4.213e-05,1
17.006,-1.6617e-05,1
17.006,8.5603e-06,1
17.007,2.3667e-05,1
17.007,2.3667e-05,1
17.008,5.8747e-06,1
17.008,-2.7024e-05,1
17.009,-6.63e-05,1
17.009,-0.00012924,1
17.01,-0.00022895,1
17.011,-0.00033133,1
17.011,-0.00036541,1
17.012,-0.00029592,1
17.012,-0.00015996,1
17.013,-2.501e-05,1
17.013,7.0665e-05,1
17.014,0.0001378,1
17.014,0.00019152,1
17.015,0.00023012,1
17.015,0.00026738,1
17.016,0.0003164,1
17.016,0.00036675,1
17.017,0.00036776,1
17.017,0.00029122,1
17.018,0.00017104,1
17.018,5.6062e-05,1
17.019,-2.417e-05,1
17.019,-5.4215e-05,1
17.02,-5.1194e-05,1
17.02,-5.4047e-05,1
17.021,-6.2608e-05,1
17.021,-3.5584e-05,1
17.022,4.3305e-05,1
17.022,0.0001556,1
17.023,0.00026268,1
17.023,0.00032546,1
17.024,0.00032714,1
17.025,0.00028719,1
17.025,0.00024086,1
17.026,0.00019924,1
17.026,0.00016365,1
17.027,0.00012555,1
17.027,6.0426e-05,1
17.028,-6.2104e-06,1
17.028,-3.8102e-05,1
17.029,-4.3809e-05,1
17.029,-6.0929e-05,1
17.03,-0.00011649,1
17.03,-0.00018782,1
17.031,-0.00022995,1
17.031,-0.0002318,1
17.032,-0.00020964,1
17.032,-0.00017456,1
17.033,-0.00012773,1
17.033,-6.0258e-05,1
17.034,2.0142e-05,1
17.034,0.00011666,1
17.035,0.00021938,1
17.035,0.00029374,1
17.036,0.00030112,1
17.036,0.00022509,1
17.037,0.00010625,1
17.038,7.5532e-06,1
17.038,-4.062e-05,1
17.039,-4.3809e-05,1
17.039,-2.266e-05,1
17.04,-1.0575e-05,1
17.04,-2.8702e-05,1
17.041,-7.4525e-05,1
17.041,-0.0001232,1
17.042,-0.0001462,1
17.042,-0.00013008,1
17.043,-9.6513e-05,1
17.043,-8.3085e-05,1
17.044,-0.00010927,1
17.044,-0.00015929,1
17.045,-0.00020864,1
17.045,-0.00026722,1
17.046,-0.00033318,1
17.046,-0.00033251,1
17.047,-0.00023851,1
17.047,-0.00010927,1
17.048,1.1917e-05,1
17.048,0.00012706,1
17.049,0.00022475,1
17.049,0.00027678,1
17.05,0.00029659,1
17.05,0.00031136,1
17.051,0.00032143,1
17.052,0.00030951,1
17.052,0.00026017,1
17.053,0.0001791,1
17.053,9.1814e-05,1
17.054,1.9638e-05,1
17.054,-4.4984e-05,1
17.055,-0.00010289,1
17.055,-0.00013764,1
17.056,-0.00013613,1
17.056,-0.00011649,1
17.057,-0.00010256,1
17.057,-9.2485e-05,1
17.058,-6.8818e-05,1
17.058,-3.1052e-05,1
17.059,5.2033e-06,1
17.059,4.1794e-05,1
17.06,8.9464e-05,1
17.06,0.00013344,1
17.061,0.00014687,1
17.061,0.00012874,1
17.062,0.00010323,1
17.062,7.7379e-05,1
17.063,4.3305e-05,1
17.063,1.1246e-05,1
17.064,-2.5177e-06,1
17.065,2.182e-06,1
17.065,1.0575e-05,1
17.066,1.0071e-05,1
17.066,4.8676e-06,1
17.067,-3.357e-07,1
17.067,-6.8818e-06,1
17.068,-2.3499e-06,1
17.068,2.8702e-05,1
17.069,6.8986e-05,1
17.069,8.3757e-05,1
17.07,6.6972e-05,1
17.07,3.7095e-05,1
17.071,6.5461e-06,1
17.071,-1.796e-05,1
17.072,-2.0981e-05,1
17.072,1.0407e-05,1
17.073,5.9922e-05,1
17.073,9.5171e-05,1
17.074,9.9535e-05,1
17.074,7.0665e-05,1
17.075,1.7288e-05,1
17.075,-4.4144e-05,1
17.076,-0.00010021,1
17.076,-0.00013613,1
17.077,-0.00014116,1
17.078,-0.00012203,1
17.078,-9.752e-05,1
17.079,-8.0735e-05,1
17.079,-6.009e-05,1
17.08,-2.9038e-05,1
17.08,6.5461e-06,1
17.081,4.3473e-05,1
17.081,8.1743e-05,1
17.082,0.0001039,1
17.082,9.2821e-05,1
17.083,5.4215e-05,1
17.083,2.3835e-05,1
17.084,2.6688e-05,1
17.084,4.8173e-05,1
17.085,5.0523e-05,1
17.085,1.1582e-05,1
17.086,-4.1962e-05,1
17.086,-8.0735e-05,1
17.087,-0.00011397,1
17.087,-0.00016147,1
17.088,-0.00021216,1
17.088,-0.00022811,1
17.089,-0.00019924,1
17.089,-0.00014586,1
17.09,-9.3156e-05,1
17.09,-4.8173e-05,1
17.091,-1.8463e-06,1
17.092,5.4215e-05,1
17.092,0.00012807,1
17.093,0.00022408,1
17.093,0.00032848,1
17.094,0.00040401,1
17.094,0.00041593,1
17.095,0.00035869,1
17.095,0.00025463,1
17.096,0.00014553,1
17.096,6.4958e-05,1
17.097,2.1653e-05,1
17.097,2.182e-06,1
17.098,-4.5319e-06,1
17.098,-2.8534e-06,1
17.099,5.8747e-06,1
17.099,1.9974e-05,1
17.1,3.8941e-05,1
17.1,5.9419e-05,1
17.101,7.9057e-05,1
17.101,8.4428e-05,1
17.102,6.4958e-05,1
17.102,2.501e-05,1
17.103,-1.1582e-05,1
17.103,-2.5681e-05,1
17.104,-2.266e-05,1
17.105,-1.6617e-05,1
17.105,-9.9031e-06,1
17.106,2.5177e-06,1
17.106,7.3854e-06,1
17.107,-2.652e-05,1
17.107,-0.00013075,1
17.108,-0.00023986,1
17.108,-0.00024875,1
17.109,-0.0001509,1
17.109,-1.5778e-05,1
17.11,9.836e-05,1
17.11,0.00016634,1
17.111,0.00020058,1
17.111,0.0002318,1
17.112,0.00026738,1
17.112,0.00029928,1
17.113,0.00031136,1
17.113,0.00028232,1
17.114,0.00020494,1
17.114,0.0001086,1
17.115,3.2395e-05,1
17.115,-1.3931e-05,1
17.116,-3.6255e-05,1
17.116,-3.7766e-05,1
17.117,-4.8173e-05,1
17.117,-0.00010574,1
17.118,-0.00019622,1
17.119,-0.00028215,1
17.119,-0.00032798,1
17.12,-0.00030884,1
17.12,-0.0002365,1
17.121,-0.00015543,1
17.121,-8.8624e-05,1
17.122,-3.8437e-05,1
17.122,-1.1078e-05,1
17.123,5.2033e-06,1
17.123,3.1388e-05,1
17.124,8.0064e-05,1
17.124,0.00011666,1
17.125,6.3615e-05,1
17.125,-6.4958e-05,1
17.126,-0.00015895,1
17.126,-0.0001603,1
17.127,-0.00010105,1
17.127,-4.2466e-05,1
17.128,-1.3596e-05,1
17.128,-1.1749e-06,1
17.129,2.9374e-05,1
17.129,0.00010994,1
17.13,0.00023835,1
17.13,0.00037313,1
17.131,0.0004631,1
17.131,0.0004824,1
17.132,0.00044094,1
17.133,0.00037279,1
17.133,0.00030314,1
17.134,0.00022408,1
17.134,0.00013277,1
17.135,5.6733e-05,1
17.135,1.091e-05,1
17.136,-1.4267e-05,1
17.136,-3.4241e-05,1
17.137,-5.4383e-05,1
17.137,-7.2847e-05,1
17.138,-8.7785e-05,1
17.138,-9.2653e-05,1
17.139,-8.4092e-05,1
17.139,-7.1168e-05,1
17.14,-6.63e-05,1
17.14,-6.865e-05,1
17.141,-7.4022e-05,1
17.141,-7.9561e-05,1
17.142,-7.6036e-05,1
17.142,-6.479e-05,1
17.143,-4.8844e-05,1
17.143,-3.3234e-05,1
17.144,-3.0213e-05,1
17.144,-4.1291e-05,1
17.145,-5.1698e-05,1
17.146,-4.918e-05,1
17.146,-3.8437e-05,1
17.147,-3.3066e-05,1
17.147,-3.7934e-05,1
17.148,-5.2033e-05,1
17.148,-6.5629e-05,1
17.149,-6.9657e-05,1
17.149,-6.4622e-05,1
17.15,-5.0523e-05,1
17.15,-2.8534e-05,1
17.151,-1.5274e-05,1
17.151,-2.9038e-05,1
17.152,-6.2104e-05,1
17.152,-9.1814e-05,1
17.153,-0.00010256,1
17.153,-9.1981e-05,1
17.154,-7.4189e-05,1
17.154,-6.5629e-05,1
17.155,-6.8147e-05,1
17.155,-6.1601e-05,1
17.156,-2.0645e-05,1
17.156,4.8173e-05,1
17.157,0.00010658,1
17.157,0.00012605,1
17.158,0.00012119,1
17.159,0.00012857,1
17.159,0.00014015,1
17.16,0.00014553,1
17.16,0.00016634,1
17.161,0.00018917,1
17.161,0.00017406,1
17.162,0.00010977,1
17.162,1.6449e-05,1
17.163,-8.896e-05,1
17.163,-0.00020159,1
17.164,-0.00031791,1
17.164,-0.00042667,1
17.165,-0.00047669,1
17.165,-0.0004062,1
17.166,-0.00023919,1
17.166,-5.2873e-05,1
17.167,0.00010289,1
17.167,0.00022525,1
17.168,0.00033368,1
17.168,0.00044967,1
17.169,0.0005581,1
17.169,0.00061483,1
17.17,0.00060946,1
17.17,0.00054903,1
17.171,0.00044262,1
17.171,0.00031136,1
17.172,0.00018698,1
17.173,9.2821e-05,1
17.173,4.0116e-05,1
17.174,1.0575e-05,1
17.174,-1.2589e-05,1
17.175,-3.0549e-05,1
17.175,-4.0787e-05,1
17.176,-4.7501e-05,1
17.176,-5.7237e-05,1
17.177,-6.6636e-05,1
17.177,-6.9993e-05,1
17.178,-6.6972e-05,1
17.178,-6.63e-05,1
17.179,-7.3014e-05,1
17.179,-8.275e-05,1
17.18,-9.0303e-05,1
17.18,-9.7353e-05,1
17.181,-0.00010272,1
17.181,-0.0001039,1
17.182,-0.00010457,1
17.182,-0.00010205,1
17.183,-8.6107e-05,1
17.183,-5.8579e-05,1
17.184,-2.9709e-05,1
17.184,-3.357e-07,1
17.185,3.3402e-05,1
17.186,7.5364e-05,1
17.186,0.00010037,1
17.187,9.0639e-05,1
17.187,5.9586e-05,1
17.188,2.031e-05,1
17.188,-2.0981e-05,1
17.189,-4.9851e-05,1
17.189,-6.0594e-05,1
17.19,-5.5894e-05,1
17.19,-3.827e-05,1
17.191,-1.6785e-05,1
17.191,-4.8676e-06,1
17.192,2.5177e-06,1
17.192,1.2253e-05,1
17.193,1.9974e-05,1
17.193,2.3667e-05,1
17.194,1.9974e-05,1
17.194,1.0575e-05,1
17.195,4.6998e-06,1
17.195,2.8534e-06,1
17.196,-3.357e-07,1
17.196,-5.7069e-06,1
17.197,-1.2253e-05,1
17.197,-2.1653e-05,1
17.198,-3.3234e-05,1
17.198,-3.6088e-05,1
17.199,-2.0981e-05,1
17.2,2.182e-06,1
17.2,8.896e-06,1
17.201,-1.4939e-05,1
17.201,-4.7837e-05,1
17.202,-5.9586e-05,1
17.202,-4.5151e-05,1
17.203,-1.4939e-05,1
17.203,1.7288e-05,1
17.204,4.1627e-05,1
17.204,6.0929e-05,1
17.205,8.04e-05,1
17.205,9.6178e-05,1
17.206,0.00010457,1
17.206,0.00010524,1
17.207,0.00011263,1
17.207,0.00013042,1
17.208,0.0001331,1
17.208,9.8863e-05,1
17.209,3.978e-05,1
17.209,-1.2757e-05,1
17.21,-4.2634e-05,1
17.21,-5.3208e-05,1
17.211,-4.6494e-05,1
17.211,-2.6017e-05,1
17.212,1.3596e-05,1
17.212,6.1265e-05,1
17.213,8.9464e-05,1
17.214,9.2821e-05,1
17.214,8.8121e-05,1
17.215,8.9799e-05,1
17.215,9.1814e-05,1
17.216,8.2414e-05,1
17.216,5.9586e-05,1
17.217,3.743e-05,1
17.217,4.2802e-05,1
17.218,8.5603e-05,1
17.218,0.00014351,1
17.219,0.00017372,1
17.219,0.00015023,1
17.22,9.2317e-05,1
17.22,3.9109e-05,1
17.221,2.0142e-06,1
17.221,-3.0716e-05,1
17.222,-5.8244e-05,1
17.222,-6.8315e-05,1
17.223,-5.6565e-05,1
17.223,-3.1052e-05,1
17.224,-5.7069e-06,1
17.224,7.8889e-06,1
17.225,3.5248e-06,1
17.225,-1.2924e-05,1
17.226,-3.1388e-05,1
17.227,-4.448e-05,1
17.227,-5.0187e-05,1
17.228,-5.0858e-05,1
17.228,-4.918e-05,1
17.229,-4.6662e-05,1
17.229,-4.683e-05,1
17.23,-5.774e-05,1
17.23,-7.8721e-05,1
17.231,-8.6778e-05,1
17.231,-6.7308e-05,1
17.232,-3.6088e-05,1
17.232,-1.2924e-05,1
17.233,1.1749e-06,1
17.233,1.091e-05,1
17.234,1.3931e-05,1
17.234,-4.1962e-06,1
17.235,-6.4286e-05,1
17.235,-0.00013109,1
17.236,-0.00015895,1
17.236,-0.00015375,1
17.237,-0.00012908,1
17.237,-0.00010021,1
17.238,-7.3686e-05,1
17.238,-3.7095e-05,1
17.239,1.1917e-05,1
17.239,6.4286e-05,1
17.24,0.00011347,1
17.241,0.00016684,1
17.241,0.00022072,1
17.242,0.00025194,1
17.242,0.0002501,1
17.243,0.00022123,1
17.243,0.00019152,1
17.244,0.00018463,1
17.244,0.00018514,1
17.245,0.00015492,1
17.245,8.2414e-05,1
17.246,1.1749e-06,1
17.246,-4.2298e-05,1
17.247,-3.1891e-05,1
17.247,8.896e-06,1
17.248,5.623e-05,1
17.248,0.00011363,1
17.249,0.00017691,1
17.249,0.00019907,1
17.25,0.00016265,1
17.25,0.0001133,1
17.251,9.0806e-05,1
17.251,0.00010491,1
17.252,0.00014788,1
17.252,0.00017557,1
17.253,0.00014351,1
17.254,6.3615e-05,1
17.254,-2.2492e-05,1
17.255,-8.6107e-05,1
17.255,-0.00012068,1
17.256,-0.00014133,1
17.256,-0.00016197,1
17.257,-0.00018849,1
17.257,-0.00020293,1
17.258,-0.00018447,1
17.258,-0.00014318,1
17.259,-9.5506e-05,1
17.259,-6.3951e-05,1
17.26,-6.7308e-05,1
17.26,-0.00010256,1
17.261,-0.00014485,1
17.261,-0.00016768,1
17.262,-0.00016785,1
17.262,-0.00016097,1
17.263,-0.00014922,1
17.263,-0.00011917,1
17.264,-5.4047e-05,1
17.264,5.8915e-05,1
17.265,0.00021334,1
17.265,0.00035853,1
17.266,0.00043339,1
17.267,0.00041778,1
17.267,0.00033251,1
17.268,0.00021468,1
17.268,0.00010356,1
17.269,2.5345e-05,1
17.269,-1.0071e-05,1
17.27,-1.2757e-05,1
17.27,2.182e-06,1
17.271,1.7792e-05,1
17.271,1.5946e-05,1
17.272,-8.3925e-07,1
17.272,-1.0575e-05,1
17.273,-3.0213e-06,1
17.273,1.9638e-05,1
17.274,5.2201e-05,1
17.274,7.0161e-05,1
17.275,3.9445e-05,1
17.275,-3.3402e-05,1
17.276,-0.00010155,1
17.276,-0.00013982,1
17.277,-0.0001566,1
17.277,-0.00017507,1
17.278,-0.00019622,1
17.278,-0.00020847,1
17.279,-0.00023365,1
17.279,-0.00023633,1
17.28,-0.0001697,1
17.281,-5.153e-05,1
17.281,7.6707e-05,1
17.282,0.00018447,1
17.282,0.00024758,1
17.283,0.00027108,1
17.283,0.00029122,1
17.284,0.00031489,1
17.284,0.00031875,1
17.285,0.00029928,1
17.285,0.00027376,1
17.286,0.00023751,1
17.286,0.00017943,1
17.287,0.00011464,1
17.287,7.4022e-05,1
17.288,6.7979e-05,1
17.288,7.2007e-05,1
17.289,5.3376e-05,1
17.289,-2.8534e-06,1
17.29,-6.6636e-05,1
17.29,-7.6371e-05,1
17.291,-4.3137e-05,1
17.291,-2.3667e-05,1
17.292,-2.5849e-05,1
17.292,-3.1388e-05,1
17.293,-3.8102e-05,1
17.294,-5.069e-05,1
17.294,-6.9993e-05,1
17.295,-9.0974e-05,1
17.295,-0.00011196,1
17.296,-0.00012992,1
17.296,-0.0001462,1
17.297,-0.00017288,1
17.297,-0.00020729,1
17.298,-0.00022911,1
17.298,-0.00022945,1
17.299,-0.00021367,1
17.299,-0.00017691,1
17.3,-0.00011531,1
17.3,-3.6423e-05,1
17.301,3.9612e-05,1
17.301,9.6513e-05,1
17.302,0.00013445,1
17.302,0.00015761,1
17.303,0.00017842,1
17.303,0.00019991,1
17.304,0.00020729,1
17.304,0.0001895,1
17.305,0.00014318,1
17.305,8.4428e-05,1
17.306,3.9948e-05,1
17.306,1.9974e-05,1
17.307,1.6449e-05,1
17.308,1.9303e-05,1
17.308,2.3667e-05,1
17.309,2.9038e-05,1
17.309,3.2059e-05,1
17.31,2.7359e-05,1
17.31,1.8631e-05,1
17.311,9.0639e-06,1
17.311,-6.5461e-06,1
17.312,-3.4409e-05,1
17.312,-6.4622e-05,1
17.313,-7.8721e-05,1
17.313,-6.7475e-05,1
17.314,-4.3641e-05,1
17.314,-3.4745e-05,1
17.315,-4.0452e-05,1
17.315,-4.1291e-05,1
17.316,-3.743e-05,1
17.316,-3.3066e-05,1
17.317,-2.0981e-05,1
17.317,2.5177e-06,1
17.318,1.6953e-05,1
17.318,5.7069e-06,1
17.319,-2.4842e-05,1
17.319,-5.388e-05,1
17.32,-6.63e-05,1
17.32,-5.7908e-05,1
17.321,-2.6688e-05,1
17.322,2.2324e-05,1
17.322,6.865e-05,1
17.323,7.8386e-05,1
17.323,5.539e-05,1
17.324,2.4674e-05,1
17.324,7.8889e-06,1
17.325,1.4267e-05,1
17.325,2.7863e-05,1
17.326,5.8915e-05,1
17.326,0.00011833,1
17.327,0.00018682,1
17.327,0.00023146,1
17.328,0.00023297,1
17.328,0.00020159,1
17.329,0.00016281,1
17.329,0.00014015,1
17.33,0.00014485,1
17.33,0.000165,1
17.331,0.00018379,1
17.331,0.00019538,1
17.332,0.00018833,1
17.332,0.00016902,1
17.333,0.0001462,1
17.333,0.00013176,1
17.334,0.00013109,1
17.335,0.00011733,1
17.335,5.7572e-05,1
17.336,-3.4409e-05,1
17.336,-0.00011666,1
17.337,-0.00016667,1
17.337,-0.00019051,1
17.338,-0.00020226,1
17.338,-0.00020159,1
17.339,-0.00018816,1
17.339,-0.00016886,1
17.34,-0.0001326,1
17.34,-5.9754e-05,1
17.341,4.1459e-05,1
17.341,0.00013545,1
17.342,0.00018698,1
17.342,0.00019017,1
17.343,0.00017104,1
17.343,0.00015258,1
17.344,0.00013143,1
17.344,0.00010726,1
17.345,7.9393e-05,1
17.345,4.1123e-05,1
17.346,1.3428e-06,1
17.346,-3.0549e-05,1
17.347,-6.479e-05,1
17.348,-0.00011044,1
17.348,-0.00015123,1
17.349,-0.00015845,1
17.349,-0.00013227,1
17.35,-0.00011531,1
17.35,-0.00013982,1
17.351,-0.00018228,1
17.351,-0.00019957,1
17.352,-0.00017876,1
17.352,-0.0001603,1
17.353,-0.00015224,1
17.353,-0.00011632,1
17.354,-3.7934e-05,1
17.354,5.4887e-05,1
17.355,0.00012203,1
17.355,0.00015962,1
17.356,0.00019051,1
17.356,0.00022777,1
17.357,0.00025899,1
17.357,0.00027276,1
17.358,0.0002652,1
17.358,0.00023297,1
17.359,0.00018178,1
17.359,0.0001227,1
17.36,6.8315e-05,1
17.36,2.1149e-05,1
17.361,-2.7359e-05,1
17.362,-7.4357e-05,1
17.362,-0.00012068,1
17.363,-0.0001744,1
17.363,-0.00022878,1
17.364,-0.00026503,1
17.364,-0.0002699,1
17.365,-0.00024204,1
17.365,-0.00017121,1
17.366,-6.3951e-05,1
17.366,4.1459e-05,1
17.367,0.00011867,1
17.367,0.00017255,1
17.368,0.00020864,1
17.368,0.00021804,1
17.369,0.00018749,1
17.369,0.000118,1
17.37,2.652e-05,1
17.37,-6.9993e-05,1
17.371,-0.00015694,1
17.371,-0.00022106,1
17.372,-0.00025261,1
17.372,-0.00022055,1
17.373,-0.00011464,1
17.373,2.4338e-05,1
17.374,0.00015828,1
17.375,0.00027359,1
17.375,0.00035702,1
17.376,0.00039696,1
17.376,0.00039831,1
17.377,0.00038051,1
17.377,0.00034997,1
17.378,0.00029659,1
17.378,0.00022274,1
17.379,0.00014385,1
17.379,5.5894e-05,1
17.38,-3.3906e-05,1
17.38,-8.275e-05,1
17.381,-7.805e-05,1
17.381,-4.8005e-05,1
17.382,-2.182e-05,1
17.382,-3.0213e-06,1
17.383,1.4099e-05,1
17.383,2.7024e-05,1
17.384,3.4745e-05,1
17.384,4.1459e-05,1
17.385,4.3473e-05,1
17.385,2.4002e-05,1
17.386,-1.6281e-05,1
17.386,-6.3447e-05,1
17.387,-0.00011901,1
17.387,-0.00019437,1
17.388,-0.00027393,1
17.389,-0.00033301,1
17.389,-0.00035332,1
17.39,-0.00033469,1
17.39,-0.0002845,1
17.391,-0.0002177,1
17.391,-0.00014553,1
17.392,-7.1504e-05,1
17.392,7.8889e-06,1
17.393,0.00010306,1
17.393,0.00020595,1
17.394,0.00027544,1
17.394,0.00028853,1
17.395,0.00024254,1
17.395,0.00015526,1
17.396,6.0929e-05,1
17.396,-2.4674e-05,1
17.397,-0.00010457,1
17.397,-0.00016835,1
17.398,-0.0001942,1
17.398,-0.00018346,1
17.399,-0.00015795,1
17.399,-0.00014166,1
17.4,-0.00011984,1
17.4,-5.7572e-05,1
17.401,6.2104e-05,1
17.401,0.0002224,1
17.402,0.00037581,1
17.403,0.00048273,1
17.403,0.0005257,1
17.404,0.00049197,1
17.404,0.00039294,1
17.405,0.00027007,1
17.405,0.00015593,1
17.406,6.4622e-05,1
17.406,8.3925e-07,1
17.407,-3.0549e-05,1
17.407,-3.1388e-05,1
17.408,-1.9303e-05,1
17.408,-6.5461e-06,1
17.409,4.5319e-06,1
17.409,4.1962e-06,1
17.41,-1.4099e-05,1
17.41,-4.5319e-05,1
17.411,-7.4861e-05,1
17.411,-9.1814e-05,1
17.412,-9.2149e-05,1
17.412,-8.0232e-05,1
17.413,-6.3951e-05,1
17.413,-5.1865e-05,1
17.414,-4.1291e-05,1
17.414,-2.0478e-05,1
17.415,1.5106e-06,1
17.416,4.8676e-06,1
17.416,-9.7353e-06,1
17.417,-1.6785e-05,1
17.417,-5.7069e-06,1
17.418,1.1749e-06,1
17.418,-9.5674e-06,1
17.419,-2.7024e-05,1
17.419,-4.3305e-05,1
17.42,-6.009e-05,1
17.42,-7.2679e-05,1
17.421,-7.6875e-05,1
17.421,-7.4693e-05,1
17.422,-6.3279e-05,1
17.422,-4.4648e-05,1
17.423,-4.3137e-05,1
17.423,-5.8076e-05,1
17.424,-5.8915e-05,1
17.424,-2.9374e-05,1
17.425,1.5274e-05,1
17.425,5.3208e-05,1
17.426,7.2679e-05,1
17.426,7.3686e-05,1
17.427,6.2104e-05,1
17.427,3.3066e-05,1
17.428,-2.2324e-05,1
17.428,-8.8457e-05,1
17.429,-0.00013109,1
17.43,-0.0001415,1
17.43,-0.00014972,1
17.431,-0.00019504,1
17.431,-0.00025261,1
17.432,-0.00025647,1
17.432,-0.00017859,1
17.433,-4.2466e-05,1
17.433,0.00010121,1
17.434,0.00020394,1
17.434,0.00024808,1
17.435,0.00024338,1
17.435,0.00022676,1
17.436,0.00022542,1
17.436,0.00021015,1
17.437,0.00017473,1
17.437,0.00013411,1
17.438,0.00011363,1
17.438,0.00012052,1
17.439,0.0001368,1
17.439,0.00014066,1
17.44,0.00012639,1
17.44,0.00010893,1
17.441,0.00010726,1
17.441,0.00012656,1
17.442,0.00015795,1
17.443,0.0001895,1
17.443,0.00021904,1
17.444,0.00024456,1
17.444,0.00024724,1
17.445,0.00022005,1
17.445,0.00017641,1
17.446,0.00012438,1
17.446,6.4118e-05,1
17.447,6.8818e-06,1
17.447,-3.3234e-05,1
17.448,-5.8579e-05,1
17.448,-8.0903e-05,1
17.449,-0.00010491,1
17.449,-0.000118,1
17.45,-0.00011934,1
17.45,-0.00012689,1
17.451,-0.00014704,1
17.451,-0.00016063,1
17.452,-0.00015056,1
17.452,-0.00012337,1
17.453,-8.6778e-05,1
17.453,-3.2731e-05,1
17.454,4.062e-05,1
17.454,0.00010608,1
17.455,0.000118,1
17.456,8.04e-05,1
17.456,4.5991e-05,1
17.457,4.1291e-05,1
17.457,4.4816e-05,1
17.458,3.2395e-05,1
17.458,4.1962e-06,1
17.459,-3.0213e-05,1
17.459,-5.7069e-05,1
17.46,-7.2679e-05,1
17.46,-7.0832e-05,1
17.461,-4.4312e-05,1
17.461,-1.4771e-05,1
17.462,-2.4842e-05,1
17.462,-8.426e-05,1
17.463,-0.00016013,1
17.463,-0.00020461,1
17.464,-0.00019974,1
17.464,-0.00015929,1
17.465,-0.00010558,1
17.465,-6.0761e-05,1
17.466,-4.0787e-05,1
17.466,-3.2731e-05,1
17.467,-5.7069e-06,1
17.467,5.6062e-05,1
17.468,0.0001462,1
17.468,0.00022861,1
17.469,0.00026973,1
17.47,0.00027477,1
17.47,0.00026252,1
17.471,0.00023482,1
17.471,0.00019185,1
17.472,0.0001472,1
17.472,0.00011128,1
17.473,9.0135e-05,1
17.473,8.4428e-05,1
17.474,9.6178e-05,1
17.474,0.00012001,1
17.475,0.00014015,1
17.475,0.00013747,1
17.476,9.9199e-05,1
17.476,3.9612e-05,1
17.477,-1.4603e-05,1
17.477,-5.3208e-05,1
17.478,-8.1407e-05,1
17.478,-0.00010172,1
17.479,-0.00011246,1
17.479,-0.00011833,1
17.48,-0.00013512,1
17.48,-0.00016449,1
17.481,-0.00017406,1
17.481,-0.00013999,1
17.482,-6.949e-05,1
17.483,1.2589e-05,1
17.483,7.5364e-05,1
17.484,0.00010826,1
17.484,0.00011246,1
17.485,9.5506e-05,1
17.485,7.2343e-05,1
17.486,5.6733e-05,1
17.486,4.8844e-05,1
17.487,4.1627e-05,1
17.487,2.5345e-05,1
17.488,-5.7069e-06,1
17.488,-4.5823e-05,1
17.489,-7.7043e-05,1
17.489,-8.8457e-05,1
17.49,-0.00010692,1
17.49,-0.00016365,1
17.491,-0.00021921,1
17.491,-0.00022525,1
17.492,-0.00018514,1
17.492,-0.00014116,1
17.493,-0.00012018,1
17.493,-0.00010037,1
17.494,-6.3951e-05,1
17.494,-9.5674e-06,1
17.495,5.5558e-05,1
17.495,0.0001133,1
17.496,0.00013881,1
17.497,0.00012874,1
17.497,0.00010457,1
17.498,9.4499e-05,1
17.498,9.4499e-05,1
17.499,4.9516e-05,1
17.499,-6.2943e-05,1
17.5,-0.00016298,1
17.5,-0.00017809,1
17.501,-0.0001138,1
17.501,-1.1414e-05,1
17.502,0.00010071,1
17.502,0.00021267,1
17.503,0.00030246,1
17.503,0.00033419,1
17.504,0.00030968,1
17.504,0.00026671,1
17.505,0.00022391,1
17.505,0.00017859,1
17.506,0.00010994,1
17.506,1.1246e-05,1
17.507,-7.4022e-05,1
17.507,-9.9199e-05,1
17.508,-7.3854e-05,1
17.508,-2.0645e-05,1
17.509,6.3615e-05,1
17.509,0.00018682,1
17.51,0.0003221,1
17.511,0.0004067,1
17.511,0.00041123,1
17.512,0.00036172,1
17.512,0.00030062,1
17.513,0.00024758,1
17.513,0.00019387,1
17.514,0.00013143,1
17.514,6.949e-05,1
17.515,1.7792e-05,1
17.515,-2.501e-05,1
17.516,-6.3279e-05,1
17.516,-9.0806e-05,1
17.517,-0.00010222,1
17.517,-0.00010088,1
17.518,-9.5842e-05,1
17.518,-9.3492e-05,1
17.519,-9.2821e-05,1
17.519,-9.2317e-05,1
17.52,-9.6681e-05,1
17.52,-0.00010759,1
17.521,-0.00011481,1
17.521,-0.00011128,1
17.522,-0.00010323,1
17.522,-9.836e-05,1
17.523,-9.7856e-05,1
17.524,-9.6849e-05,1
17.524,-9.4163e-05,1
17.525,-8.8792e-05,1
17.525,-8.275e-05,1
17.526,-7.9728e-05,1
17.526,-7.8386e-05,1
17.527,-7.6707e-05,1
17.527,-7.6371e-05,1
17.528,-7.3686e-05,1
17.528,-6.479e-05,1
17.529,-5.0523e-05,1
17.529,-3.4241e-05,1
17.53,-2.1653e-05,1
17.53,-1.0407e-05,1
17.531,2.182e-06,1
17.531,1.091e-05,1
17.532,1.3764e-05,1
17.532,1.1246e-05,1
17.533,8.896e-06,1
17.533,1.091e-05,1
17.534,1.4099e-05,1
17.534,1.1917e-05,1
17.535,5.7069e-06,1
17.535,-5.0355e-06,1
17.536,-1.5778e-05,1
17.537,-1.8296e-05,1
17.537,-1.3596e-05,1
17.538,-1.1582e-05,1
17.538,-1.7121e-05,1
17.539,-2.8534e-05,1
17.539,-4.4816e-05,1
17.54,-6.2608e-05,1
17.54,-7.1336e-05,1
17.541,-6.2608e-05,1
17.541,-2.182e-05,1
17.542,5.0019e-05,1
17.542,0.00011598,1
17.543,0.00014553,1
17.543,0.00013008,1
17.544,8.2414e-05,1
17.544,1.8128e-05,1
17.545,-6.009e-05,1
17.545,-0.00013579,1
17.546,-0.00017523,1
17.546,-0.00015828,1
17.547,-9.2149e-05,1
17.547,-1.091e-05,1
17.548,5.3544e-05,1
17.548,0.00011044,1
17.549,0.00018212,1
17.549,0.00026168,1
17.55,0.00031489,1
17.551,0.00032076,1
17.551,0.00029256,1
17.552,0.00025362,1
17.552,0.00021804,1
17.553,0.00018581,1
17.553,0.00015123,1
17.554,0.00010457,1
17.554,4.2634e-05,1
17.555,-1.0575e-05,1
17.555,-3.5752e-05,1
17.556,-4.2634e-05,1
17.556,-5.4383e-05,1
17.557,-5.9251e-05,1
17.557,-3.1556e-05,1
17.558,1.8967e-05,1
17.558,5.9251e-05,1
17.559,7.4357e-05,1
17.559,7.3014e-05,1
17.56,7.4525e-05,1
17.56,9.5003e-05,1
17.561,0.0001284,1
17.561,0.00014603,1
17.562,0.00012639,1
17.562,8.5435e-05,1
17.563,4.683e-05,1
17.564,8.896e-06,1
17.564,-4.6662e-05,1
17.565,-0.00012773,1
17.565,-0.00019991,1
17.566,-0.00021552,1
17.566,-0.00016634,1
17.567,-8.8289e-05,1
17.567,-1.5106e-05,1
17.568,3.4073e-05,1
17.568,5.153e-05,1
17.569,5.4887e-05,1
17.569,6.63e-05,1
17.57,8.4764e-05,1
17.57,9.7856e-05,1
17.571,9.5842e-05,1
17.571,7.1e-05,1
17.572,2.2492e-05,1
17.572,-2.887e-05,1
17.573,-6.4286e-05,1
17.573,-8.3421e-05,1
17.574,-8.6442e-05,1
17.574,-8.3421e-05,1
17.575,-8.6442e-05,1
17.575,-9.0974e-05,1
17.576,-9.8527e-05,1
17.576,-0.00011397,1
17.577,-0.00012572,1
17.578,-0.00011867,1
17.578,-9.2988e-05,1
17.579,-5.2873e-05,1
17.579,5.0355e-06,1
17.58,9.3828e-05,1
17.58,0.00019622,1
17.581,0.00026571,1
17.581,0.00028115,1
17.582,0.0002553,1
17.582,0.00021736,1
17.583,0.00018144,1
17.583,0.00013948,1
17.584,8.6442e-05,1
17.584,3.5752e-05,1
17.585,1.6785e-06,1
17.585,-1.4267e-05,1
17.586,-1.9303e-05,1
17.586,-2.5681e-05,1
17.587,-4.4648e-05,1
17.587,-5.9586e-05,1
17.588,-6.1601e-05,1
17.588,-6.4118e-05,1
17.589,-6.9322e-05,1
17.589,-6.8986e-05,1
17.59,-6.2776e-05,1
17.59,-5.2033e-05,1
17.591,-3.0381e-05,1
17.592,1.0071e-06,1
17.592,3.3234e-05,1
17.593,5.3544e-05,1
17.593,5.9251e-05,1
17.594,6.1601e-05,1
17.594,5.9754e-05,1
17.595,3.9277e-05,1
17.595,1.326e-05,1
17.596,6.5461e-06,1
17.596,2.1317e-05,1
17.597,4.0955e-05,1
17.597,4.8173e-05,1
17.598,4.5151e-05,1
17.598,3.2395e-05,1
17.599,1.1582e-05,1
17.599,5.0355e-07,1
17.6,1.5274e-05,1
17.6,3.8437e-05,1
17.601,5.1698e-05,1
17.601,5.2201e-05,1
17.602,4.5319e-05,1
17.602,3.1052e-05,1
17.603,1.3092e-05,1
17.603,1.6785e-07,1
17.604,-7.7211e-06,1
17.605,-1.2757e-05,1
17.605,-1.796e-05,1
17.606,-1.6281e-05,1
17.606,1.1749e-06,1
17.607,1.9303e-05,1
17.607,2.1149e-05,1
17.608,1.0575e-05,1
17.608,5.8747e-06,1
17.609,1.6785e-05,1
17.609,2.6688e-05,1
17.61,1.9303e-05,1
17.61,2.5177e-06,1
17.611,2.5177e-06,1
17.611,2.1149e-05,1
17.612,3.5416e-05,1
17.612,3.1388e-05,1
17.613,2.3499e-05,1
17.613,2.6017e-05,1
17.614,3.0381e-05,1
17.614,2.4842e-05,1
17.615,1.0575e-05,1
17.615,-9.5674e-06,1
17.616,-3.5752e-05,1
17.616,-6.6636e-05,1
17.617,-0.00010474,1
17.617,-0.00014569,1
17.618,-0.00017758,1
17.619,-0.0001937,1
17.619,-0.0001801,1
17.62,-0.00013445,1
17.62,-7.2679e-05,1
17.621,-7.0497e-06,1
17.621,4.7837e-05,1
17.622,8.04e-05,1
17.622,0.00010004,1
17.623,0.00013814,1
17.623,0.00020394,1
17.624,0.00027141,1
17.624,0.00031136,1
17.625,0.00030918,1
17.625,0.00026889,1
17.626,0.0002078,1
17.626,0.00014536,1
17.627,8.9799e-05,1
17.627,5.2537e-05,1
17.628,3.743e-05,1
17.628,3.3066e-05,1
17.629,2.8031e-05,1
17.629,2.2492e-05,1
17.63,1.4435e-05,1
17.63,2.5177e-06,1
17.631,-1.326e-05,1
17.632,-3.7095e-05,1
17.632,-6.2104e-05,1
17.633,-7.9896e-05,1
17.633,-9.131e-05,1
17.634,-9.1478e-05,1
17.634,-7.7379e-05,1
17.635,-7.7379e-05,1
17.635,-9.8527e-05,1
17.636,-0.00010356,1
17.636,-7.7211e-05,1
17.637,-3.0381e-05,1
17.637,3.2563e-05,1
17.638,0.00010642,1
17.638,0.00018849,1
17.639,0.00024741,1
17.639,0.00024993,1
17.64,0.00020394,1
17.64,0.00014754,1
17.641,0.00010726,1
17.641,8.0735e-05,1
17.642,5.2873e-05,1
17.642,8.3925e-06,1
17.643,-5.0187e-05,1
17.643,-9.4163e-05,1
17.644,-0.00011061,1
17.645,-0.00011112,1
17.645,-0.0001086,1
17.646,-0.00010726,1
17.646,-0.00010256,1
17.647,-9.2485e-05,1
17.647,-7.6204e-05,1
17.648,-4.7837e-05,1
17.648,-3.8605e-06,1
17.649,4.8676e-05,1
17.649,9.2821e-05,1
17.65,0.00011632,1
17.65,0.00011934,1
17.651,0.00011263,1
17.651,0.00010188,1
17.652,8.426e-05,1
17.652,6.2943e-05,1
17.653,4.0787e-05,1
17.653,1.0407e-05,1
17.654,-3.3906e-05,1
17.654,-7.805e-05,1
17.655,-0.00010625,1
17.655,-0.00012136,1
17.656,-0.0001378,1
17.656,-0.00016986,1
17.657,-0.00019252,1
17.657,-0.00016584,1
17.658,-9.0471e-05,1
17.659,-5.3712e-06,1
17.659,6.5965e-05,1
17.66,0.00012001,1
17.66,0.0001603,1
17.661,0.00019286,1
17.661,0.00021871,1
17.662,0.00022593,1
17.662,0.00021099,1
17.663,0.00018094,1
17.663,0.0001368,1
17.664,8.5771e-05,1
17.664,4.683e-05,1
17.665,2.7359e-05,1
17.665,1.3596e-05,1
17.666,-9.2317e-06,1
17.666,-1.9806e-05,1
17.667,-8.896e-06,1
17.667,1.6785e-07,1
17.668,-3.1891e-06,1
17.668,-1.2589e-05,1
17.669,-2.3667e-05,1
17.669,-3.978e-05,1
17.67,-5.153e-05,1
17.67,-3.0381e-05,1
17.671,1.8463e-05,1
17.672,5.5894e-05,1
17.672,6.3447e-05,1
17.673,5.1865e-05,1
17.673,3.6423e-05,1
17.674,2.2156e-05,1
17.674,8.2246e-06,1
17.675,5.7069e-06,1
17.675,3.3906e-05,1
17.676,8.9128e-05,1
17.676,0.0001368,1
17.677,0.00014939,1
17.677,0.00012773,1
17.678,8.4428e-05,1
17.678,3.4745e-05,1
17.679,-1.0071e-06,1
17.679,-1.9974e-05,1
17.68,-3.6591e-05,1
17.68,-6.0426e-05,1
17.681,-8.9967e-05,1
17.681,-0.00011968,1
17.682,-0.00014418,1
17.682,-0.0001613,1
17.683,-0.00016718,1
17.683,-0.00015694,1
17.684,-0.0001331,1
17.684,-9.8527e-05,1
17.685,-4.9516e-05,1
17.686,8.3925e-07,1
17.686,3.4913e-05,1
17.687,5.3208e-05,1
17.687,7.3014e-05,1
17.688,9.4499e-05,1
17.688,0.00010843,1
17.689,0.00011061,1
17.689,0.00010088,1
17.69,7.9561e-05,1
17.69,5.4887e-05,1
17.691,4.2802e-05,1
17.691,5.1865e-05,1
17.692,7.8386e-05,1
17.692,0.00010927,1
17.693,0.00012337,1
17.693,0.00010826,1
17.694,7.3182e-05,1
17.694,3.6591e-05,1
17.695,1.6281e-05,1
17.695,2.501e-05,1
17.696,4.3473e-05,1
17.696,4.2466e-05,1
17.697,1.7121e-05,1
17.697,-1.326e-05,1
17.698,-2.7863e-05,1
17.698,-2.3835e-05,1
17.699,-7.7211e-06,1
17.7,1.4435e-05,1
17.7,4.4816e-05,1
17.701,8.2918e-05,1
17.701,0.00011229,1
17.702,0.00011548,1
17.702,8.7449e-05,1
17.703,4.6494e-05,1
17.703,1.1917e-05,1
17.704,-1.4939e-05,1
17.704,-3.9109e-05,1
17.705,-5.9419e-05,1
17.705,-6.9993e-05,1
17.706,-6.5293e-05,1
17.706,-4.4144e-05,1
17.707,-1.4939e-05,1
17.707,1.091e-05,1
17.708,2.4338e-05,1
17.708,1.8967e-05,1
17.709,-5.8747e-06,1
17.709,-4.1123e-05,1
17.71,-6.5965e-05,1
17.71,-6.5293e-05,1
17.711,-4.4816e-05,1
17.711,-2.2156e-05,1
17.712,-4.8676e-06,1
17.713,6.8818e-06,1
17.713,1.6617e-05,1
17.714,2.6688e-05,1
17.714,3.5248e-05,1
17.715,3.6088e-05,1
17.715,3.122e-05,1
17.716,2.9374e-05,1
17.716,2.6688e-05,1
17.717,1.1246e-05,1
17.717,-1.3931e-05,1
17.718,-2.3835e-05,1
17.718,-1.091e-05,1
17.719,7.5532e-06,1
17.719,7.5532e-06,1
17.72,-1.8967e-05,1
17.72,-6.1097e-05,1
17.721,-8.6442e-05,1
17.721,-7.1336e-05,1
17.722,-1.8296e-05,1
17.722,4.9516e-05,1
17.723,0.00010188,1
17.723,0.00011565,1
17.724,8.9799e-05,1
17.724,4.9683e-05,1
17.725,3.4073e-05,1
17.726,6.1936e-05,1
17.726,0.00011464,1
17.727,0.00013596,1
17.727,0.00010994,1
17.728,7.1336e-05,1
17.728,5.6733e-05,1
17.729,7.7882e-05,1
17.729,0.00010256,1
17.73,0.00010994,1
17.73,9.7185e-05,1
17.731,6.5293e-05,1
17.731,2.7863e-05,1
17.732,1.6785e-07,1
17.732,1.6785e-07,1
17.733,1.9974e-05,1
17.733,2.4002e-05,1
17.734,-3.6927e-06,1
17.734,-4.1459e-05,1
17.735,-7.4861e-05,1
17.735,-9.9702e-05,1
17.736,-0.00011481,1
17.736,-0.00011565,1
17.737,-9.8863e-05,1
17.737,-3.4073e-05,1
17.738,7.8553e-05,1
17.738,0.00018144,1
17.739,0.00023751,1
17.74,0.00024791,1
17.74,0.00022777,1
17.741,0.00018782,1
17.741,0.00013327,1
17.742,7.1672e-05,1
17.742,1.9471e-05,1
17.743,-7.7211e-06,1
17.743,-9.5674e-06,1
17.744,-1.1078e-05,1
17.744,-2.4338e-05,1
17.745,-4.0116e-05,1
17.745,-5.4887e-05,1
17.746,-6.7308e-05,1
17.746,-7.1e-05,1
17.747,-6.3951e-05,1
17.747,-3.508e-05,1
17.748,2.9374e-05,1
17.748,0.00010524,1
17.749,0.00014788,1
17.749,0.00013814,1
17.75,9.601e-05,1
17.75,5.0523e-05,1
17.751,1.1078e-05,1
17.751,-1.9806e-05,1
17.752,-3.3738e-05,1
17.753,-2.9038e-05,1
17.753,-2.1317e-05,1
17.754,-2.8367e-05,1
17.754,-6.8147e-05,1
17.755,-0.00012287,1
17.755,-0.00016147,1
17.756,-0.00017154,1
17.756,-0.00014821,1
17.757,-0.00010356,1
17.757,-5.388e-05,1
17.758,-3.357e-06,1
17.758,4.8173e-05,1
17.759,9.8192e-05,1
17.759,0.00014301,1
17.76,0.0001848,1
17.76,0.00021468,1
17.761,0.00021082,1
17.761,0.00015224,1
17.762,4.8676e-05,1
17.762,-6.3615e-05,1
17.763,-0.00016114,1
17.763,-0.00023365,1
17.764,-0.00027359,1
17.764,-0.00026906,1
17.765,-0.00022206,1
17.765,-0.00015593,1
17.766,-8.4092e-05,1
17.767,9.9031e-06,1
17.767,0.00013243,1
17.768,0.00024254,1
17.768,0.00029911,1
17.769,0.00030263,1
17.769,0.00025698,1
17.77,0.00018296,1
17.77,0.00012773,1
17.771,0.00010021,1
17.771,5.1026e-05,1
17.772,-4.4984e-05,1
17.772,-0.00013982,1
17.773,-0.00019084,1
17.773,-0.00018312,1
17.774,-0.00012354,1
17.774,-4.3473e-05,1
17.775,4.0787e-05,1
17.775,0.00011968,1
17.776,0.00018161,1
17.776,0.00021904,1
17.777,0.00024019,1
17.777,0.00026369,1
17.778,0.00027376,1
17.778,0.00023784,1
17.779,0.00016533,1
17.779,8.6778e-05,1
17.78,1.8296e-05,1
17.781,-2.9709e-05,1
17.781,-5.0019e-05,1
17.782,-5.5558e-05,1
17.782,-3.7766e-05,1
17.783,1.1246e-05,1
17.783,6.1936e-05,1
17.784,9.0806e-05,1
17.784,9.4835e-05,1
17.785,7.2007e-05,1
17.785,3.6088e-05,1
17.786,4.0284e-06,1
17.786,-2.3331e-05,1
17.787,-4.8341e-05,1
17.787,-6.7811e-05,1
17.788,-8.2918e-05,1
17.788,-0.00010407,1
17.789,-0.0001425,1
17.789,-0.00018497,1
17.79,-0.00020494,1
17.79,-0.00020092,1
17.791,-0.00018849,1
17.791,-0.00017305,1
17.792,-0.00014972,1
17.792,-0.00011279,1
17.793,-6.4286e-05,1
17.794,-8.3925e-06,1
17.794,5.2201e-05,1
17.795,0.0001039,1
17.795,0.00012807,1
17.796,0.00012001,1
17.796,0.00010021,1
17.797,8.0232e-05,1
17.797,5.9586e-05,1
17.798,3.8437e-05,1
17.798,1.796e-05,1
17.799,1.4603e-05,1
17.799,2.7695e-05,1
17.8,3.7095e-05,1
17.8,3.2395e-05,1
17.801,1.7288e-05,1
17.801,-6.2104e-06,1
17.802,-2.9038e-05,1
17.802,-2.2995e-05,1
17.803,3.0213e-05,1
17.803,0.00010558,1
17.804,0.00015946,1
17.804,0.00017037,1
17.805,0.00014955,1
17.805,0.00012001,1
17.806,9.6513e-05,1
17.806,8.3085e-05,1
17.807,7.7043e-05,1
17.808,8.0903e-05,1
17.808,9.3492e-05,1
17.809,0.00010289,1
17.809,9.5003e-05,1
17.81,7.9057e-05,1
17.81,8.2918e-05,1
17.811,9.8527e-05,1
17.811,8.5771e-05,1
17.812,2.2324e-05,1
17.812,-6.9657e-05,1
17.813,-0.00014066,1
17.813,-0.00016432,1
17.814,-0.00015744,1
17.814,-0.00015358,1
17.815,-0.00015979,1
17.815,-0.00016147,1
17.816,-0.00014536,1
17.816,-0.00010793,1
17.817,-5.5894e-05,1
17.817,4.5319e-06,1
17.818,6.5629e-05,1
17.818,0.00011044,1
17.819,0.00010994,1
17.819,6.3279e-05,1
17.82,5.2033e-06,1
17.821,-2.3667e-05,1
17.821,-1.2924e-05,1
17.822,2.5345e-05,1
17.822,7.2679e-05,1
17.823,9.9199e-05,1
17.823,8.8457e-05,1
17.824,4.6494e-05,1
17.824,-7.2175e-06,1
17.825,-4.683e-05,1
17.825,-5.6901e-05,1
17.826,-4.213e-05,1
17.826,-9.2317e-06,1
17.827,3.6088e-05,1
17.827,8.04e-05,1
17.828,0.00010172,1
17.828,8.5771e-05,1
17.829,5.304e-05,1
17.829,3.0045e-05,1
17.83,2.2492e-05,1
17.83,2.501e-05,1
17.831,3.3738e-05,1
17.831,4.1123e-05,1
17.832,3.8941e-05,1
17.832,2.6688e-05,1
17.833,1.5442e-05,1
17.834,1.796e-05,1
17.834,3.4745e-05,1
17.835,5.388e-05,1
17.835,6.7475e-05,1
17.836,6.9657e-05,1
17.836,6.3951e-05,1
17.837,5.3544e-05,1
17.837,4.3305e-05,1
17.838,3.6759e-05,1
17.838,3.0213e-05,1
17.839,1.8296e-05,1
17.839,2.0142e-06,1
17.84,-1.1582e-05,1
17.84,-1.6281e-05,1
17.841,-1.7121e-05,1
17.841,-2.1485e-05,1
17.842,-2.3667e-05,1
17.842,-1.8631e-05,1
17.843,-1.3596e-05,1
17.843,-1.9806e-05,1
17.844,-4.0452e-05,1
17.844,-5.7237e-05,1
17.845,-5.2873e-05,1
17.845,-2.8031e-05,1
17.846,1.6785e-07,1
17.846,1.8967e-05,1
17.847,3.1724e-05,1
17.848,4.3473e-05,1
17.848,5.388e-05,1
17.849,6.1265e-05,1
17.849,7.0329e-05,1
17.85,8.4428e-05,1
17.85,9.5171e-05,1
17.851,9.3492e-05,1
17.851,8.0735e-05,1
17.852,6.7811e-05,1
17.852,6.0258e-05,1
17.853,6.2272e-05,1
17.853,7.6036e-05,1
17.854,9.3156e-05,1
17.854,9.7856e-05,1
17.855,8.1407e-05,1
17.855,4.918e-05,1
17.856,1.5442e-05,1
17.856,-1.3092e-05,1
17.857,-4.0452e-05,1
17.857,-7.8386e-05,1
17.858,-0.00012085,1
17.858,-0.00014871,1
17.859,-0.00015694,1
17.859,-0.00015056,1
17.86,-0.00013898,1
17.86,-0.00012857,1
17.861,-0.00011196,1
17.862,-7.7714e-05,1
17.862,-2.9541e-05,1
17.863,2.5345e-05,1
17.863,7.7714e-05,1
17.864,0.00012219,1
17.864,0.00017003,1
17.865,0.00021468,1
17.865,0.00023935,1
17.866,0.00023449,1
17.866,0.00020897,1
17.867,0.00016466,1
17.867,0.00011766,1
17.868,0.00011145,1
17.868,0.00014955,1
17.869,0.00018715,1
17.869,0.00017305,1
17.87,8.6107e-05,1
17.87,-4.4144e-05,1
17.871,-0.00013445,1
17.871,-0.00013478,1
17.872,-7.6371e-05,1
17.872,-9.5674e-06,1
17.873,4.3809e-05,1
17.873,7.0329e-05,1
17.874,6.5965e-05,1
17.875,4.213e-05,1
17.875,1.1078e-05,1
17.876,-8.896e-06,1
17.876,-9.9031e-06,1
17.877,-1.326e-05,1
17.877,-4.062e-05,1
17.878,-6.7979e-05,1
17.878,-5.5055e-05,1
17.879,-9.5674e-06,1
17.879,2.4338e-05,1
17.88,1.0575e-05,1
17.88,-5.2873e-05,1
17.881,-0.00012387,1
17.881,-0.00016567,1
17.882,-0.00017876,1
17.882,-0.00017473,1
17.883,-0.00016332,1
17.883,-0.00015392,1
17.884,-0.00011615,1
17.884,-5.539e-06,1
17.885,0.00016584,1
17.885,0.00031807,1
17.886,0.0003832,1
17.886,0.00035433,1
17.887,0.00027779,1
17.887,0.00019319,1
17.888,0.00011901,1
17.889,6.8986e-05,1
17.889,5.2873e-05,1
17.89,5.5222e-05,1
17.89,5.1698e-05,1
17.891,2.1149e-05,1
17.891,-2.7192e-05,1
17.892,-6.9322e-05,1
17.892,-9.0303e-05,1
17.893,-8.0232e-05,1
17.893,-4.5151e-05,1
17.894,-1.1414e-05,1
17.894,2.8534e-06,1
17.895,-2.8534e-06,1
17.895,-1.091e-05,1
17.896,-9.2317e-06,1
17.896,-3.357e-07,1
17.897,9.9031e-06,1
17.897,3.2898e-05,1
17.898,6.4622e-05,1
17.898,7.5029e-05,1
17.899,4.9516e-05,1
17.899,1.5106e-06,1
17.9,-4.4312e-05,1
17.9,-8.0064e-05,1
17.901,-0.00012018,1
17.902,-0.00016214,1
17.902,-0.00018178,1
17.903,-0.00016449,1
17.903,-0.00011968,1
17.904,-7.1839e-05,1
17.904,-3.357e-05,1
17.905,3.357e-07,1
17.905,3.8102e-05,1
17.906,7.335e-05,1
17.906,9.4499e-05,1
17.907,0.00010121,1
17.907,0.00010658,1
17.908,0.0001044,1
17.908,7.3014e-05,1
17.909,9.9031e-06,1
17.909,-7.9728e-05,1
17.91,-0.00019336,1
17.91,-0.00028769,1
17.911,-0.00031052,1
17.911,-0.00026755,1
17.912,-0.00020259,1
17.912,-0.000142,1
17.913,-8.2918e-05,1
17.913,-3.1891e-06,1
17.914,0.00012438,1
17.915,0.00028769,1
17.915,0.00043188,1
17.916,0.00051278,1
17.916,0.00052554,1
17.917,0.00047988,1
17.917,0.00037816,1
17.918,0.00022374,1
17.918,6.3447e-05,1
17.919,-5.1362e-05,1
17.919,-0.00011313,1
17.92,-0.00013025,1
17.92,-0.0001138,1
17.921,-8.3085e-05,1
17.921,-5.623e-05,1
17.922,-2.6017e-05,1
17.922,1.7288e-05,1
17.923,7.4189e-05,1
17.923,0.00013915,1
17.924,0.00020478,1
17.924,0.00024523,1
17.925,0.00024321,1
17.925,0.00020914,1
17.926,0.00015727,1
17.926,0.00010491,1
17.927,6.0761e-05,1
17.927,2.266e-05,1
17.928,-1.5274e-05,1
17.929,-5.6062e-05,1
17.929,-9.0135e-05,1
17.93,-0.00010558,1
17.93,-0.00010037,1
17.931,-7.3518e-05,1
17.931,-3.0213e-05,1
17.932,6.5461e-06,1
17.932,1.8631e-05,1
17.933,2.8534e-06,1
17.933,-3.2731e-05,1
17.934,-7.1672e-05,1
17.934,-9.7688e-05,1
17.935,-9.9702e-05,1
17.935,-7.6371e-05,1
17.936,-3.9612e-05,1
17.936,-4.6998e-06,1
17.937,-5.0355e-07,1
17.937,-3.5416e-05,1
17.938,-8.9128e-05,1
17.938,-0.00014083,1
17.939,-0.00017977,1
17.939,-0.00020478,1
17.94,-0.00022676,1
17.94,-0.00024053,1
17.941,-0.00022139,1
17.942,-0.0001613,1
17.942,-8.8121e-05,1
17.943,-3.2059e-05,1
17.943,1.561e-05,1
17.944,6.4286e-05,1
17.944,0.00010591,1
17.945,0.00013294,1
17.945,0.00016197,1
17.946,0.00019857,1
17.946,0.00022542,1
17.947,0.00022945,1
17.947,0.00021183,1
17.948,0.00017574,1
17.948,0.00013545,1
17.949,0.00010088,1
17.949,8.3589e-05,1
17.95,8.9799e-05,1
17.95,0.00010457,1
17.951,0.0001091,1
17.951,0.00010121,1
17.952,8.6778e-05,1
17.952,6.9154e-05,1
17.953,5.539e-05,1
17.953,4.9683e-05,1
17.954,4.9012e-05,1
17.954,3.7095e-05,1
17.955,3.1891e-06,1
17.956,-3.6088e-05,1
17.956,-5.1865e-05,1
17.957,-4.5823e-05,1
17.957,-4.3137e-05,1
17.958,-5.2873e-05,1
17.958,-6.3615e-05,1
17.959,-6.2608e-05,1
17.959,-4.5487e-05,1
17.96,-1.2589e-05,1
17.96,3.1388e-05,1
17.961,7.1504e-05,1
17.961,9.0135e-05,1
17.962,8.1071e-05,1
17.962,5.4047e-05,1
17.963,1.2924e-05,1
17.963,-3.7766e-05,1
17.964,-7.805e-05,1
17.964,-8.7953e-05,1
17.965,-6.0929e-05,1
17.965,-1.3596e-05,1
17.966,3.4409e-05,1
17.966,6.865e-05,1
17.967,8.7449e-05,1
17.967,9.7185e-05,1
17.968,0.00010356,1
17.968,0.00011162,1
17.969,0.00011884,1
17.97,0.00010927,1
17.97,7.7714e-05,1
17.971,4.9683e-05,1
17.971,3.8773e-05,1
17.972,3.6088e-05,1
17.972,3.1052e-05,1
17.973,2.0645e-05,1
17.973,6.5461e-06,1
17.974,-6.2104e-06,1
17.974,-1.1414e-05,1
17.975,8.3925e-07,1
17.975,3.1388e-05,1
17.976,7.0329e-05,1
17.976,9.3324e-05,1
17.977,7.4357e-05,1
17.977,8.5603e-06,1
17.978,-7.2175e-05,1
17.978,-0.00012656,1
17.979,-0.00015543,1
17.979,-0.00017406,1
17.98,-0.00019454,1
17.98,-0.00020813,1
17.981,-0.00019017,1
17.981,-0.00013999,1
17.982,-7.7211e-05,1
17.983,-1.7456e-05,1
17.983,3.6423e-05,1
17.984,8.896e-05,1
17.984,0.00013445,1
17.985,0.00016902,1
17.985,0.00020327,1
17.986,0.00023751,1
17.986,0.00023616,1
17.987,0.00017339,1
17.987,7.6371e-05,1
17.988,-5.8747e-06,1
17.988,-4.6494e-05,1
17.989,-4.9012e-05,1
17.989,-4.4144e-05,1
17.99,-6.0761e-05,1
17.99,-9.4835e-05,1
17.991,-0.0001368,1
17.991,-0.00017876,1
17.992,-0.00017943,1
17.992,-0.00011649,1
17.993,-1.9135e-05,1
17.993,7.4022e-05,1
17.994,0.00013814,1
17.994,0.00016332,1
17.995,0.00017238,1
17.995,0.00020562,1
17.996,0.00027645,1
17.997,0.00033217,1
17.997,0.00032193,1
17.998,0.00024002,1
17.998,0.00011414,1
17.999,2.6856e-06,1
17.999,-5.7908e-05,1
18,-8.3589e-05,1
18,-8.5939e-05,1
18.001,-5.7572e-05,1
18.001,-3.6927e-06,1
18.002,6.1601e-05,1
18.002,0.00011447,1
18.003,0.00011699,1
18.003,6.9657e-05,1
18.004,-2.0142e-06,1
18.004,-9.1478e-05,1
18.005,-0.0001796,1
18.005,-0.00023449,1
18.006,-0.0002459,1
18.006,-0.00021804,1
18.007,-0.00015946,1
18.007,-8.0064e-05,1
18.008,4.1962e-06,1
18.008,7.0832e-05,1
18.009,0.00011347,1
18.01,0.00014452,1
18.01,0.00016802,1
18.011,0.0001744,1
18.011,0.00016097,1
18.012,0.0001331,1
18.012,0.0001091,1
18.013,0.00010491,1
18.013,0.00011666,1
18.014,0.00014083,1
18.014,0.00016902,1
18.015,0.00018296,1
18.015,0.00016886,1
18.016,0.00012874,1
18.016,7.7043e-05,1
18.017,2.7863e-05,1
18.017,-8.2246e-06,1
18.018,-3.1724e-05,1
18.018,-4.7837e-05,1
18.019,-5.9419e-05,1
18.019,-6.3279e-05,1
18.02,-6.1433e-05,1
18.02,-5.9922e-05,1
18.021,-4.8005e-05,1
18.021,-1.8463e-05,1
18.022,1.0407e-05,1
18.023,1.5274e-05,1
18.023,-5.0355e-06,1
18.024,-3.6088e-05,1
18.024,-6.2272e-05,1
18.025,-7.4022e-05,1
18.025,-7.2847e-05,1
18.026,-6.8315e-05,1
18.026,-6.3951e-05,1
18.027,-6.4286e-05,1
18.027,-7.2343e-05,1
18.028,-8.2078e-05,1
18.028,-7.8386e-05,1
18.029,-6.4958e-05,1
18.029,-5.5726e-05,1
18.03,-5.4551e-05,1
18.03,-5.388e-05,1
18.031,-5.388e-05,1
18.031,-6.5293e-05,1
18.032,-8.04e-05,1
18.032,-7.7714e-05,1
18.033,-5.5558e-05,1
18.033,-3.1891e-05,1
18.034,-2.3667e-05,1
18.034,-3.7263e-05,1
18.035,-6.7979e-05,1
18.035,-0.00010373,1
18.036,-0.00011968,1
18.037,-9.4835e-05,1
18.037,-4.448e-05,1
18.038,8.3925e-06,1
18.038,6.0258e-05,1
18.039,0.00010256,1
18.039,0.00013143,1
18.04,0.00016197,1
18.04,0.00020175,1
18.041,0.00023516,1
18.041,0.00023566,1
18.042,0.00018094,1
18.042,7.3014e-05,1
18.043,-3.0381e-05,1
18.043,-6.4958e-05,1
18.044,-2.0813e-05,1
18.044,6.7308e-05,1
18.045,0.00014083,1
18.045,0.00016667,1
18.046,0.00015224,1
18.046,0.00012538,1
18.047,0.00012136,1
18.047,0.00016164,1
18.048,0.00022609,1
18.048,0.00026017,1
18.049,0.00022643,1
18.049,0.00014083,1
18.05,5.069e-05,1
18.051,-1.091e-05,1
18.051,-5.0187e-05,1
18.052,-7.805e-05,1
18.052,-8.6778e-05,1
18.053,-7.5364e-05,1
18.053,-5.0355e-05,1
18.054,-2.8534e-05,1
18.054,-1.9471e-05,1
18.055,-2.1988e-05,1
18.055,-3.7263e-05,1
18.056,-6.1265e-05,1
18.056,-8.0903e-05,1
18.057,-8.1071e-05,1
18.057,-6.0594e-05,1
18.058,-2.887e-05,1
18.058,4.8676e-06,1
18.059,4.3641e-05,1
18.059,7.8721e-05,1
18.06,8.5771e-05,1
18.06,6.2272e-05,1
18.061,4.3809e-05,1
18.061,6.0761e-05,1
18.062,9.1142e-05,1
18.062,9.1142e-05,1
18.063,3.1891e-05,1
18.064,-6.1265e-05,1
18.064,-0.00011582,1
18.065,-9.5003e-05,1
18.065,-3.3234e-05,1
18.066,1.326e-05,1
18.066,2.9206e-05,1
18.067,2.4338e-05,1
18.067,-1.5106e-06,1
18.068,-3.2395e-05,1
18.068,-2.8367e-05,1
18.069,1.1917e-05,1
18.069,4.0955e-05,1
18.07,2.4674e-05,1
18.07,-1.3596e-05,1
18.071,-2.7192e-05,1
18.071,-1.6785e-07,1
18.072,4.9851e-05,1
18.072,9.1142e-05,1
18.073,0.00011128,1
18.073,0.00011531,1
18.074,0.00010726,1
18.074,9.3156e-05,1
18.075,7.5364e-05,1
18.075,6.3279e-05,1
18.076,5.9754e-05,1
18.076,4.9516e-05,1
18.077,1.9303e-05,1
18.078,-2.4506e-05,1
18.078,-6.3447e-05,1
18.079,-8.4092e-05,1
18.079,-9.1646e-05,1
18.08,-0.00010172,1
18.08,-0.00011649,1
18.081,-0.00011095,1
18.081,-5.1194e-05,1
18.082,4.6159e-05,1
18.082,0.00011766,1
18.083,0.00013042,1
18.083,0.00010776,1
18.084,8.0735e-05,1
18.084,6.3951e-05,1
18.085,6.2104e-05,1
18.085,6.3951e-05,1
18.086,6.3783e-05,1
18.086,5.0523e-05,1
18.087,2.0645e-05,1
18.087,-2.3667e-05,1
18.088,-7.4357e-05,1
18.088,-0.00011095,1
18.089,-0.00012404,1
18.089,-0.00012757,1
18.09,-0.00013109,1
18.091,-0.00013008,1
18.091,-0.00011212,1
18.092,-6.7979e-05,1
18.092,1.2589e-05,1
18.093,0.00011229,1
18.093,0.00017675,1
18.094,0.00017977,1
18.094,0.00013948,1
18.095,8.5771e-05,1
18.095,4.9348e-05,1
18.096,5.8076e-05,1
18.096,0.00011397,1
18.097,0.00019017,1
18.097,0.00024691,1
18.098,0.00025261,1
18.098,0.00020192,1
18.099,0.00012538,1
18.099,6.0761e-05,1
18.1,2.3835e-05,1
18.1,9.5674e-06,1
18.101,-4.1962e-06,1
18.101,-3.0045e-05,1
18.102,-5.4719e-05,1
18.102,-6.7811e-05,1
18.103,-7.5364e-05,1
18.104,-8.1071e-05,1
18.104,-8.5939e-05,1
18.105,-8.8121e-05,1
18.105,-8.2246e-05,1
18.106,-6.2104e-05,1
18.106,-3.1052e-05,1
18.107,-2.182e-06,1
18.107,1.6449e-05,1
18.108,3.2731e-05,1
18.108,5.069e-05,1
18.109,6.4118e-05,1
18.109,6.7811e-05,1
18.11,6.4286e-05,1
18.11,6.009e-05,1
18.111,5.3544e-05,1
18.111,4.0452e-05,1
18.112,2.031e-05,1
18.112,0,1
18.113,-1.6953e-05,1
18.113,-3.7766e-05,1
18.114,-7.6036e-05,1
18.114,-0.0001227,1
18.115,-0.00015207,1
18.115,-0.00015157,1
18.116,-0.00012605,1
18.116,-9.7017e-05,1
18.117,-8.1743e-05,1
18.118,-8.2246e-05,1
18.118,-8.5435e-05,1
18.119,-8.4092e-05,1
18.119,-5.7237e-05,1
18.12,7.2175e-06,1
18.12,8.4428e-05,1
18.121,0.00014183,1
18.121,0.00016634,1
18.122,0.00016936,1
18.122,0.00016533,1
18.123,0.00016533,1
18.123,0.00017691,1
18.124,0.00020394,1
18.124,0.00023969,1
18.125,0.00025916,1
18.125,0.00023214,1
18.126,0.00015593,1
18.126,5.8244e-05,1
18.127,-2.5177e-05,1
18.127,-6.1433e-05,1
18.128,-6.1601e-05,1
18.128,-4.9516e-05,1
18.129,-4.4648e-05,1
18.129,-5.2537e-05,1
18.13,-7.0497e-05,1
18.131,-9.2149e-05,1
18.131,-0.00010323,1
18.132,-9.0806e-05,1
18.132,-5.9586e-05,1
18.133,-2.9206e-05,1
18.133,4.3641e-06,1
18.134,4.0452e-05,1
18.134,4.9516e-05,1
18.135,1.7121e-05,1
18.135,-2.5345e-05,1
18.136,-3.9109e-05,1
18.136,-2.7863e-05,1
18.137,-1.3092e-05,1
18.137,0,1
18.138,-5.0355e-07,1
18.138,-6.2104e-06,1
18.139,1.1917e-05,1
18.139,5.8244e-05,1
18.14,0.00011044,1
18.14,0.0001472,1
18.141,0.00017104,1
18.141,0.00018346,1
18.142,0.00018094,1
18.142,0.00016802,1
18.143,0.00015694,1
18.143,0.00016231,1
18.144,0.00017104,1
18.145,0.00014754,1
18.145,9.0303e-05,1
18.146,4.2802e-05,1
18.146,2.182e-05,1
18.147,5.539e-06,1
18.147,-2.501e-05,1
18.148,-6.3615e-05,1
18.148,-9.8192e-05,1
18.149,-0.00012119,1
18.149,-0.00013327,1
18.15,-0.0001368,1
18.15,-0.00013512,1
18.151,-0.00012908,1
18.151,-0.00011498,1
18.152,-9.8192e-05,1
18.152,-9.752e-05,1
18.153,-0.00011431,1
18.153,-0.00013764,1
18.154,-0.00015795,1
18.154,-0.0001702,1
18.155,-0.00016701,1
18.155,-0.00014922,1
18.156,-0.00012102,1
18.156,-8.0735e-05,1
18.157,-3.2395e-05,1
18.157,1.1078e-05,1
18.158,4.8844e-05,1
18.159,9.6178e-05,1
18.159,0.00016902,1
18.16,0.00025396,1
18.16,0.00029625,1
18.161,0.00026235,1
18.161,0.00017104,1
18.162,5.6062e-05,1
18.162,-5.2873e-05,1
18.163,-0.00012203,1
18.163,-0.00011598,1
18.164,-3.6423e-05,1
18.164,5.7237e-05,1
18.165,0.00010121,1
18.165,8.7785e-05,1
18.166,6.4286e-05,1
18.166,9.5842e-05,1
18.167,0.0001942,1
18.167,0.0002976,1
18.168,0.00034191,1
18.168,0.00031589,1
18.169,0.00024959,1
18.169,0.00017305,1
18.17,0.00010994,1
18.17,8.2414e-05,1
18.171,8.4764e-05,1
18.172,9.3324e-05,1
18.172,8.8457e-05,1
18.173,6.1265e-05,1
18.173,1.0575e-05,1
18.174,-4.1291e-05,1
18.174,-7.2007e-05,1
18.175,-8.275e-05,1
18.175,-8.3085e-05,1
18.176,-8.0064e-05,1
18.176,-7.9057e-05,1
18.177,-8.3589e-05,1
18.177,-9.3828e-05,1
18.178,-0.00011128,1
18.178,-0.00014385,1
18.179,-0.0001937,1
18.179,-0.00022744,1
18.18,-0.00021787,1
18.18,-0.00017305,1
18.181,-0.00011531,1
18.181,-6.2608e-05,1
18.182,-1.5442e-05,1
18.182,2.3667e-05,1
18.183,4.9516e-05,1
18.183,6.6636e-05,1
18.184,8.04e-05,1
18.184,9.1142e-05,1
18.185,9.7856e-05,1
18.186,9.9199e-05,1
18.186,8.9799e-05,1
18.187,7.335e-05,1
18.187,6.2272e-05,1
18.188,5.9754e-05,1
18.188,6.0929e-05,1
18.189,5.623e-05,1
18.189,3.8102e-05,1
18.19,1.6617e-05,1
18.19,1.0407e-05,1
18.191,1.3931e-05,1
18.191,1.2253e-05,1
18.192,3.1891e-06,1
18.192,-6.714e-06,1
18.193,-1.3931e-05,1
18.193,-2.0813e-05,1
18.194,-2.5849e-05,1
18.194,-2.7695e-05,1
18.195,-2.8534e-05,1
18.195,-3.4745e-05,1
18.196,-5.6901e-05,1
18.196,-9.8192e-05,1
18.197,-0.00012992,1
18.197,-0.00012522,1
18.198,-9.987e-05,1
18.199,-8.5771e-05,1
18.199,-7.8553e-05,1
18.2,-5.2873e-05,1
18.2,-2.5177e-06,1
18.201,6.2776e-05,1
18.201,0.00012438,1
18.202,0.00015795,1
18.202,0.00015644,1
18.203,0.00013646,1
18.203,0.0001133,1
18.204,9.3156e-05,1
18.204,7.5029e-05,1
18.205,7.1e-05,1
18.205,8.3589e-05,1
18.206,9.987e-05,1
18.206,0.00010826,1
18.207,0.00011984,1
18.207,0.00016097,1
18.208,0.00023465,1
18.208,0.00030532,1
18.209,0.00032613,1
18.209,0.00029357,1
18.21,0.00023952,1
18.21,0.00016953,1
18.211,8.4932e-05,1
18.212,2.7527e-05,1
18.212,2.0981e-05,1
18.213,3.1891e-05,1
18.213,2.8199e-05,1
18.214,4.5319e-06,1
18.214,-2.7024e-05,1
18.215,-5.2873e-05,1
18.215,-6.3279e-05,1
18.216,-6.5293e-05,1
18.216,-7.7714e-05,1
18.217,-0.00010944,1
18.217,-0.00014166,1
18.218,-0.00015056,1
18.218,-0.00014083,1
18.219,-0.00015341,1
18.219,-0.0002083,1
18.22,-0.00027829,1
18.22,-0.00033352,1
18.221,-0.00037867,1
18.221,-0.00041761,1
18.222,-0.00042785,1
18.222,-0.00040536,1
18.223,-0.00037346,1
18.223,-0.00033385,1
18.224,-0.00024187,1
18.224,-8.4932e-05,1
18.225,5.7908e-05,1
18.226,0.00016281,1
18.226,0.00028098,1
18.227,0.00043188,1
18.227,0.00058663,1
18.228,0.0006954,1
18.228,0.00074575,1
18.229,0.00075784,1
18.229,0.00073568,1
18.23,0.00067559,1
18.23,0.00056381,1
18.231,0.00042147,1
18.231,0.00030834,1
18.232,0.00023616,1
18.232,0.00016567,1
18.233,6.9657e-05,1
18.233,-3.6927e-05,1
18.234,-0.00012773,1
18.234,-0.00019101,1
18.235,-0.00022509,1
18.235,-0.00023297,1
18.236,-0.0002219,1
18.236,-0.00020008,1
18.237,-0.00017171,1
18.237,-0.00013411,1
18.238,-9.7185e-05,1
18.238,-7.4189e-05,1
18.239,-5.7237e-05,1
18.24,-5.0187e-05,1
18.24,-6.865e-05,1
18.241,-0.00010071,1
18.241,-0.00012337,1
18.242,-0.00012958,1
18.242,-0.00012639,1
18.243,-0.00011632,1
18.243,-9.0974e-05,1
18.244,-5.3208e-05,1
18.244,-1.1582e-05,1
18.245,1.7792e-05,1
18.245,1.3931e-05,1
18.246,-4.2466e-05,1
18.246,-0.00014334,1
18.247,-0.00023935,1
18.247,-0.00029743,1
18.248,-0.00030951,1
18.248,-0.00023566,1
18.249,-0.00010105,1
18.249,-2.9709e-05,1
18.25,-7.6875e-05,1
18.25,-0.00017104,1
18.251,-0.0002182,1
18.251,-0.00018413,1
18.252,-9.5506e-05,1
18.253,1.0575e-05,1
18.253,0.00012337,1
18.254,0.00023146,1
18.254,0.00030968,1
18.255,0.00031254,1
18.255,0.00024053,1
18.256,0.00017037,1
18.256,0.0001697,1
18.257,0.00022811,1
18.257,0.00028988,1
18.258,0.00031875,1
18.258,0.00031237,1
18.259,0.00025765,1
18.259,0.00016466,1
18.26,8.4428e-05,1
18.26,3.7263e-05,1
18.261,1.2253e-05,1
18.261,1.6785e-06,1
18.262,-2.0142e-06,1
18.262,-1.1246e-05,1
18.263,-3.4745e-05,1
18.263,-6.7308e-05,1
18.264,-0.00010373,1
18.264,-0.00011179,1
18.265,-7.9057e-05,1
18.265,-4.9516e-05,1
18.266,-4.683e-05,1
18.267,-4.7333e-05,1
18.267,-3.3066e-05,1
18.268,-1.2253e-05,1
18.268,-8.3925e-07,1
18.269,6.714e-07,1
18.269,-1.6785e-07,1
18.27,1.2085e-05,1
18.27,3.978e-05,1
18.271,6.865e-05,1
18.271,8.5771e-05,1
18.272,9.1142e-05,1
18.272,7.7714e-05,1
18.273,3.8941e-05,1
18.273,-1.6281e-05,1
18.274,-6.7643e-05,1
18.274,-8.6442e-05,1
18.275,-6.3951e-05,1
18.275,-1.6953e-05,1
18.276,3.0381e-05,1
18.276,5.6397e-05,1
18.277,4.5319e-05,1
18.277,8.896e-06,1
18.278,-1.6953e-05,1
18.278,-1.6281e-05,1
18.279,1.1749e-06,1
18.28,1.6617e-05,1
18.28,1.2924e-05,1
18.281,-2.5345e-05,1
18.281,-8.9799e-05,1
18.282,-0.00014301,1
18.282,-0.00016265,1
18.283,-0.00016667,1
18.283,-0.00017423,1
18.284,-0.00017238,1
18.284,-0.00012773,1
18.285,-4.7333e-05,1
18.285,2.4506e-05,1
18.286,8.3925e-05,1
18.286,0.0001509,1
18.287,0.00021535,1
18.287,0.00026101,1
18.288,0.00028618,1
18.288,0.00028585,1
18.289,0.00026033,1
18.289,0.00021938,1
18.29,0.00016869,1
18.29,0.00011481,1
18.291,5.539e-05,1
18.291,-7.8889e-06,1
18.292,-3.2395e-05,1
18.293,3.6927e-06,1
18.293,6.2943e-05,1
18.294,0.00010188,1
18.294,0.00011044,1
18.295,0.00010759,1
18.295,0.00011162,1
18.296,0.00012136,1
18.296,0.00012538,1
18.297,0.00012589,1
18.297,0.00013294,1
18.298,0.00013176,1
18.298,9.7353e-05,1
18.299,4.4144e-05,1
18.299,6.5461e-06,1
18.3,-5.8747e-06,1
18.3,-1.0239e-05,1
18.301,-2.4338e-05,1
18.301,-4.4144e-05,1
18.302,-5.6565e-05,1
18.302,-5.8244e-05,1
18.303,-5.623e-05,1
18.303,-5.4383e-05,1
18.304,-4.9516e-05,1
18.304,-4.7669e-05,1
18.305,-5.3208e-05,1
18.305,-6.1601e-05,1
18.306,-6.8315e-05,1
18.307,-7.1e-05,1
18.307,-6.5126e-05,1
18.308,-5.4047e-05,1
18.308,-4.3473e-05,1
18.309,-3.7934e-05,1
18.309,-3.0381e-05,1
18.31,-1.3931e-05,1
18.31,6.3783e-06,1
18.311,1.796e-05,1
18.311,1.9471e-05,1
18.312,1.4603e-05,1
18.312,7.2175e-06,1
18.313,3.5248e-06,1
18.313,1.3428e-06,1
18.314,-3.1891e-06,1
18.314,3.6927e-06,1
18.315,2.0478e-05,1
18.315,3.0716e-05,1
18.316,2.4002e-05,1
18.316,6.714e-06,1
18.317,-3.6927e-06,1
18.317,1.6785e-07,1
18.318,1.1917e-05,1
18.318,2.6017e-05,1
18.319,3.743e-05,1
18.32,4.0787e-05,1
18.32,3.7263e-05,1
18.321,2.9206e-05,1
18.321,1.1414e-05,1
18.322,-1.2924e-05,1
18.322,-3.357e-05,1
18.323,-4.6494e-05,1
18.323,-5.5726e-05,1
18.324,-6.0258e-05,1
18.324,-5.6901e-05,1
18.325,-5.0523e-05,1
18.325,-4.9516e-05,1
18.326,-5.7404e-05,1
18.326,-8.3421e-05,1
18.327,-0.00012438,1
18.327,-0.00015291,1
18.328,-0.00015375,1
18.328,-0.00012622,1
18.329,-7.1e-05,1
18.329,2.3499e-06,1
18.33,8.0064e-05,1
18.33,0.00014183,1
18.331,0.00017557,1
18.331,0.00019017,1
18.332,0.00019823,1
18.332,0.00019823,1
18.333,0.0001942,1
18.334,0.00019236,1
18.334,0.00017977,1
18.335,0.00013411,1
18.335,5.7908e-05,1
18.336,-1.9638e-05,1
18.336,-7.805e-05,1
18.337,-0.00011531,1
18.337,-0.00012538,1
18.338,-0.00010289,1
18.338,-5.6565e-05,1
18.339,-8.2246e-06,1
18.339,2.8534e-05,1
18.34,4.8005e-05,1
18.34,5.9251e-05,1
18.341,9.3492e-05,1
18.341,0.00015895,1
18.342,0.00023851,1
18.342,0.00030733,1
18.343,0.00033822,1
18.343,0.00030062,1
18.344,0.0001937,1
18.344,5.2033e-05,1
18.345,-5.9586e-05,1
18.345,-0.00010642,1
18.346,-9.9367e-05,1
18.346,-7.0832e-05,1
18.347,-4.9851e-05,1
18.348,-3.1052e-05,1
18.348,-1.3428e-05,1
18.349,-1.4435e-05,1
18.349,-4.3641e-05,1
18.35,-7.7211e-05,1
18.35,-9.1478e-05,1
18.351,-8.9967e-05,1
18.351,-8.1071e-05,1
18.352,-6.4286e-05,1
18.352,-3.2898e-05,1
18.353,1.9303e-05,1
18.353,8.7114e-05,1
18.354,0.00014754,1
18.354,0.00017775,1
18.355,0.00018379,1
18.355,0.00016567,1
18.356,0.00012203,1
18.356,8.1407e-05,1
18.357,6.1936e-05,1
18.357,5.2705e-05,1
18.358,4.8676e-05,1
18.358,6.1936e-05,1
18.359,8.2414e-05,1
18.359,7.8721e-05,1
18.36,3.743e-05,1
18.361,-2.6688e-05,1
18.361,-9.8527e-05,1
18.362,-0.00016332,1
18.362,-0.00020377,1
18.363,-0.00024758,1
18.363,-0.00034594,1
18.364,-0.00044262,1
18.364,-0.00044514,1
18.365,-0.00034476,1
18.365,-0.00017406,1
18.366,2.8534e-05,1
18.366,0.00021569,1
18.367,0.00034057,1
18.367,0.00039579,1
18.368,0.00040737,1
18.368,0.00038505,1
18.369,0.00033352,1
18.369,0.00026252,1
18.37,0.00015929,1
18.37,2.8702e-05,1
18.371,-7.6371e-05,1
18.371,-0.00010558,1
18.372,-7.0665e-05,1
18.372,-1.2589e-05,1
18.373,3.5416e-05,1
18.373,7.0832e-05,1
18.374,9.4835e-05,1
18.375,9.6513e-05,1
18.375,7.335e-05,1
18.376,2.8031e-05,1
18.376,-2.4674e-05,1
18.377,-6.6804e-05,1
18.377,-8.8792e-05,1
18.378,-9.5842e-05,1
18.378,-9.3324e-05,1
18.379,-6.8482e-05,1
18.379,-1.1917e-05,1
18.38,5.4887e-05,1
18.38,9.3156e-05,1
18.381,8.9464e-05,1
18.381,6.8818e-05,1
18.382,4.5487e-05,1
18.382,2.1317e-05,1
18.383,2.0142e-06,1
18.383,-3.5248e-06,1
18.384,8.3925e-06,1
18.384,2.4674e-05,1
18.385,3.1556e-05,1
18.385,3.0716e-05,1
18.386,3.5584e-05,1
18.386,5.623e-05,1
18.387,7.8386e-05,1
18.388,7.9728e-05,1
18.388,5.3208e-05,1
18.389,3.6927e-06,1
18.389,-5.6565e-05,1
18.39,-0.00011279,1
18.39,-0.00014804,1
18.391,-0.00015727,1
18.391,-0.00014871,1
18.392,-0.00012639,1
18.392,-9.836e-05,1
18.393,-7.7379e-05,1
18.393,-6.0594e-05,1
18.394,-3.2563e-05,1
18.394,1.7288e-05,1
18.395,7.4693e-05,1
18.395,0.00012169,1
18.396,0.00015291,1
18.396,0.00016869,1
18.397,0.00016701,1
18.397,0.00014871,1
18.398,0.00012471,1
18.398,0.00010373,1
18.399,9.0471e-05,1
18.399,8.2918e-05,1
18.4,6.5965e-05,1
18.401,3.0716e-05,1
18.401,-7.5532e-06,1
18.402,-2.6688e-05,1
18.402,-2.2156e-05,1
18.403,-1.2253e-05,1
18.403,-3.8605e-06,1
18.404,1.1582e-05,1
18.404,3.8102e-05,1
18.405,7.2679e-05,1
18.405,8.9967e-05,1
18.406,6.9657e-05,1
18.406,3.0381e-05,1
18.407,-8.3925e-07,1
18.407,-1.7456e-05,1
18.408,-3.122e-05,1
18.408,-4.8005e-05,1
18.409,-6.2104e-05,1
18.409,-6.5965e-05,1
18.41,-6.5126e-05,1
18.41,-7.9561e-05,1
18.411,-0.00011867,1
18.411,-0.00015509,1
18.412,-0.00014334,1
18.412,-8.8792e-05,1
18.413,-3.0381e-05,1
18.413,2.6856e-06,1
18.414,-3.6927e-06,1
18.415,-2.9709e-05,1
18.415,-4.5319e-05,1
18.416,-3.0381e-05,1
18.416,2.6352e-05,1
18.417,0.00011783,1
18.417,0.00021334,1
18.418,0.00027225,1
18.418,0.00026101,1
18.419,0.00019017,1
18.419,9.8192e-05,1
18.42,1.5274e-05,1
18.42,-3.6423e-05,1
18.421,-4.683e-05,1
18.421,-3.2563e-05,1
18.422,-2.3835e-05,1
18.422,-4.4984e-05,1
18.423,-7.0497e-05,1
18.423,-6.5629e-05,1
18.424,-2.501e-05,1
18.424,2.417e-05,1
18.425,5.8747e-05,1
18.425,8.4764e-05,1
18.426,0.00011028,1
18.426,0.00012975,1
18.427,0.00012807,1
18.427,0.00010809,1
18.428,9.4499e-05,1
18.429,9.9199e-05,1
18.429,0.00011028,1
18.43,0.00011246,1
18.43,0.00010323,1
18.431,9.0806e-05,1
18.431,8.04e-05,1
18.432,6.2943e-05,1
18.432,3.5416e-05,1
18.433,7.7211e-06,1
18.433,-6.8818e-06,1
18.434,-8.0568e-06,1
18.434,-9.7353e-06,1
18.435,-1.4099e-05,1
18.435,-1.6281e-05,1
18.436,-2.2156e-05,1
18.436,-3.4409e-05,1
18.437,-4.3137e-05,1
18.437,-3.9948e-05,1
18.438,-2.6017e-05,1
18.438,-1.091e-05,1
18.439,-8.7282e-06,1
18.439,-2.0981e-05,1
18.44,-3.6423e-05,1
18.44,-4.448e-05,1
18.441,-4.1794e-05,1
18.442,-3.2395e-05,1
18.442,-2.6017e-05,1
18.443,-2.5681e-05,1
18.443,-2.1653e-05,1
18.444,-3.122e-05,1
18.444,-7.9896e-05,1
18.445,-0.00013193,1
18.445,-0.00013982,1
18.446,-0.00010289,1
18.446,-5.2705e-05,1
18.447,-7.5532e-06,1
18.447,2.5345e-05,1
18.448,3.2059e-05,1
18.448,2.031e-05,1
18.449,1.091e-05,1
18.449,8.3925e-07,1
18.45,-8.5603e-06,1
18.45,-6.714e-07,1
18.451,2.9374e-05,1
18.451,7.335e-05,1
18.452,0.00012337,1
18.452,0.00018044,1
18.453,0.00024657,1
18.453,0.00032328,1
18.454,0.0003879,1
18.454,0.00039294,1
18.455,0.00032277,1
18.456,0.00021602,1
18.456,0.00014401,1
18.457,0.00012068,1
18.457,0.00010323,1
18.458,6.2608e-05,1
18.458,1.8631e-05,1
18.459,-6.5461e-06,1
18.459,-2.501e-05,1
18.46,-5.4215e-05,1
18.46,-9.0303e-05,1
18.461,-0.0001185,1
18.461,-0.00012908,1
18.462,-0.00012421,1
18.462,-0.00011263,1
18.463,-0.00010222,1
18.463,-8.9464e-05,1
18.464,-6.8818e-05,1
18.464,-4.448e-05,1
18.465,-2.3331e-05,1
18.465,-5.2033e-06,1
18.466,8.0568e-06,1
18.466,5.539e-06,1
18.467,-1.8463e-05,1
18.467,-4.8508e-05,1
18.468,-6.1265e-05,1
18.469,-4.4816e-05,1
18.469,-8.2246e-06,1
18.47,2.2324e-05,1
18.47,2.501e-05,1
18.471,1.0071e-06,1
18.471,-2.9877e-05,1
18.472,-5.2537e-05,1
18.472,-6.1936e-05,1
18.473,-6.3447e-05,1
18.473,-6.5293e-05,1
18.474,-6.7643e-05,1
18.474,-5.8747e-05,1
18.475,-4.0787e-05,1
18.475,-2.6352e-05,1
18.476,-2.1988e-05,1
18.476,-1.2421e-05,1
18.477,1.1749e-05,1
18.477,4.2802e-05,1
18.478,6.4958e-05,1
18.478,6.8147e-05,1
18.479,5.7572e-05,1
18.479,5.3208e-05,1
18.48,6.7979e-05,1
18.48,9.601e-05,1
18.481,0.00012538,1
18.482,0.0001509,1
18.482,0.0001613,1
18.483,0.0001284,1
18.483,6.7308e-05,1
18.484,2.6017e-05,1
18.484,1.9974e-05,1
18.485,4.213e-05,1
18.485,7.335e-05,1
18.486,9.0806e-05,1
18.486,8.1743e-05,1
18.487,4.9683e-05,1
18.487,1.4939e-05,1
18.488,-1.091e-05,1
18.488,-1.7456e-05,1
18.489,8.2246e-06,1
18.489,4.3473e-05,1
18.49,4.7669e-05,1
18.49,3.1891e-06,1
18.491,-7.7379e-05,1
18.491,-0.00015996,1
18.492,-0.00020998,1
18.492,-0.00021233,1
18.493,-0.00016567,1
18.493,-7.3014e-05,1
18.494,3.5248e-05,1
18.494,9.9031e-05,1
18.495,9.9031e-05,1
18.496,8.2414e-05,1
18.496,0.00010306,1
18.497,0.000165,1
18.497,0.00021535,1
18.498,0.00021367,1
18.498,0.00017171,1
18.499,0.0001237,1
18.499,8.9799e-05,1
18.5,7.8386e-05,1
18.5,9.9199e-05,1
18.501,0.00012438,1
18.501,0.00011531,1
18.502,6.8315e-05,1
18.502,1.5946e-05,1
18.503,-1.1917e-05,1
18.503,-1.1078e-05,1
18.504,-4.8676e-06,1
18.504,-1.2589e-05,1
18.505,-3.1388e-05,1
18.505,-4.8844e-05,1
18.506,-6.1601e-05,1
18.506,-7.1336e-05,1
18.507,-7.4357e-05,1
18.507,-6.8315e-05,1
18.508,-5.8579e-05,1
18.509,-5.0187e-05,1
18.509,-5.0187e-05,1
18.51,-5.5894e-05,1
18.51,-5.7237e-05,1
18.511,-4.6998e-05,1
18.511,-2.9374e-05,1
18.512,-1.5946e-05,1
18.512,-8.3925e-06,1
18.513,5.0355e-07,1
18.513,9.5674e-06,1
18.514,1.5106e-05,1
18.514,1.9303e-05,1
18.515,2.182e-05,1
18.515,1.1414e-05,1
18.516,-1.9303e-05,1
18.516,-5.8747e-05,1
18.517,-8.8121e-05,1
18.517,-9.6178e-05,1
18.518,-8.5435e-05,1
18.518,-6.2608e-05,1
18.519,-2.7192e-05,1
18.519,1.2253e-05,1
18.52,4.1459e-05,1
18.52,5.539e-05,1
18.521,6.3951e-05,1
18.521,7.9057e-05,1
18.522,0.00010726,1
18.523,0.00013864,1
18.523,0.00015828,1
18.524,0.00015492,1
18.524,0.00012589,1
18.525,8.5435e-05,1
18.525,6.2943e-05,1
18.526,7.1672e-05,1
18.526,9.3156e-05,1
18.527,9.836e-05,1
18.527,7.9728e-05,1
18.528,4.9851e-05,1
18.528,1.8967e-05,1
18.529,-7.8889e-06,1
18.529,-2.1988e-05,1
18.53,-2.1653e-05,1
18.53,-1.326e-05,1
18.531,4.3641e-06,1
18.531,1.9303e-05,1
18.532,1.796e-05,1
18.532,7.5532e-06,1
18.533,0,1
18.533,-6.5461e-06,1
18.534,-2.2324e-05,1
18.534,-5.8579e-05,1
18.535,-0.00011363,1
18.535,-0.00013848,1
18.536,-8.8457e-05,1
18.537,-4.1962e-06,1
18.537,4.6159e-05,1
18.538,4.1291e-05,1
18.538,1.7121e-05,1
18.539,1.3931e-05,1
18.539,4.7501e-05,1
18.54,0.00010927,1
18.54,0.00017641,1
18.541,0.00022744,1
18.541,0.00024909,1
18.542,0.00023046,1
18.542,0.00015895,1
18.543,6.1936e-05,1
18.543,-3.6927e-06,1
18.544,-2.266e-05,1
18.544,-2.4338e-05,1
18.545,-3.1052e-05,1
18.545,-3.978e-05,1
18.546,-3.4409e-05,1
18.546,-1.2253e-05,1
18.547,1.6449e-05,1
18.547,4.1123e-05,1
18.548,5.4887e-05,1
18.548,5.1194e-05,1
18.549,3.8102e-05,1
18.55,2.2995e-05,1
18.55,3.357e-07,1
18.551,-1.9135e-05,1
18.551,-1.9303e-05,1
18.552,-1.091e-05,1
18.552,-1.4939e-05,1
18.553,-3.592e-05,1
18.553,-6.7308e-05,1
18.554,-0.00010088,1
18.554,-0.00011917,1
18.555,-0.00010491,1
18.555,-6.5629e-05,1
18.556,-1.4939e-05,1
18.556,4.2802e-05,1
18.557,8.8121e-05,1
18.557,0.00010558,1
18.558,0.00010524,1
18.558,0.00010289,1
18.559,0.00010088,1
18.559,9.8863e-05,1
18.56,9.9199e-05,1
18.56,9.9031e-05,1
18.561,8.7114e-05,1
18.561,5.1194e-05,1
18.562,-2.0478e-05,1
18.562,-0.00013764,1
18.563,-0.0002454,1
18.564,-0.00028719,1
18.564,-0.00026722,1
18.565,-0.00021804,1
18.565,-0.00016332,1
18.566,-0.00011263,1
18.566,-7.3014e-05,1
18.567,-3.2395e-05,1
18.567,4.213e-05,1
18.568,0.00015862,1
18.568,0.00027829,1
18.569,0.00034694,1
18.569,0.00034224,1
18.57,0.0002845,1
18.57,0.00021535,1
18.571,0.00016231,1
18.571,0.00012589,1
18.572,9.6178e-05,1
18.572,7.3686e-05,1
18.573,6.0258e-05,1
18.573,5.1362e-05,1
18.574,3.3402e-05,1
18.574,6.0426e-06,1
18.575,-2.031e-05,1
18.575,-3.9445e-05,1
18.576,-5.0858e-05,1
18.577,-5.4719e-05,1
18.577,-5.3544e-05,1
18.578,-5.1194e-05,1
18.578,-4.8844e-05,1
18.579,-4.7166e-05,1
18.579,-3.6591e-05,1
18.58,-1.1917e-05,1
18.58,1.8296e-05,1
18.581,4.213e-05,1
18.581,5.774e-05,1
18.582,6.3615e-05,1
18.582,5.5222e-05,1
18.583,2.9374e-05,1
18.583,0,1
18.584,-1.6953e-05,1
18.584,-1.6281e-05,1
18.585,-2.8534e-06,1
18.585,2.6688e-05,1
18.586,5.6733e-05,1
18.586,4.7166e-05,1
18.587,-5.539e-06,1
18.587,-7.1839e-05,1
18.588,-0.00012471,1
18.588,-0.00015073,1
18.589,-0.00015644,1
18.59,-0.00015023,1
18.59,-0.00013495,1
18.591,-0.00010222,1
18.591,-4.8173e-05,1
18.592,2.1653e-05,1
18.592,8.9296e-05,1
18.593,0.0001274,1
18.593,0.00012639,1
18.594,8.0064e-05,1
18.594,-5.539e-06,1
18.595,-7.3518e-05,1
18.595,-8.275e-05,1
18.596,-6.5293e-05,1
18.596,-5.3208e-05,1
18.597,-4.5823e-05,1
18.597,-3.6088e-05,1
18.598,-4.8676e-06,1
18.598,7.1672e-05,1
18.599,0.00019185,1
18.599,0.00031572,1
18.6,0.00039243,1
18.6,0.00038387,1
18.601,0.00029525,1
18.601,0.00019118,1
18.602,0.00013277,1
18.602,0.0001284,1
18.603,0.00014066,1
18.604,0.0001326,1
18.604,0.00010155,1
18.605,6.3783e-05,1
18.605,3.2395e-05,1
18.606,8.896e-06,1
18.606,-1.091e-05,1
18.607,-2.2324e-05,1
18.607,-2.7359e-05,1
18.608,-3.2059e-05,1
18.608,-3.6591e-05,1
18.609,-4.5991e-05,1
18.609,-5.9922e-05,1
18.61,-6.9825e-05,1
18.61,-6.9657e-05,1
18.611,-5.8244e-05,1
18.611,-3.9612e-05,1
18.612,-1.5274e-05,1
18.612,8.5603e-06,1
18.613,2.7863e-05,1
18.613,4.9012e-05,1
18.614,6.8315e-05,1
18.614,7.2007e-05,1
18.615,6.0258e-05,1
18.615,4.213e-05,1
18.616,1.9974e-05,1
18.616,-3.6927e-06,1
18.617,-2.1485e-05,1
18.618,-4.8173e-05,1
18.618,-8.7449e-05,1
18.619,-0.0001274,1
18.619,-0.00016466,1
18.62,-0.00019001,1
18.62,-0.00019152,1
18.621,-0.00016768,1
18.621,-0.00011901,1
18.622,-4.213e-05,1
18.622,4.6159e-05,1
18.623,0.00011934,1
18.623,0.00015627,1
18.624,0.00015291,1
18.624,0.00013143,1
18.625,0.00010927,1
18.625,9.0471e-05,1
18.626,7.8721e-05,1
18.626,6.0594e-05,1
18.627,3.1052e-05,1
18.627,-7.8889e-06,1
18.628,-5.3712e-05,1
18.628,-9.9367e-05,1
18.629,-0.00014754,1
18.629,-0.00019185,1
18.63,-0.00019571,1
18.631,-0.00015358,1
18.631,-8.6778e-05,1
18.632,-1.2589e-05,1
18.632,6.1265e-05,1
18.633,0.00012471,1
18.633,0.00017003,1
18.634,0.00019319,1
18.634,0.00019689,1
18.635,0.00019319,1
18.635,0.00019168,1
18.636,0.00017809,1
18.636,0.00014183,1
18.637,9.1814e-05,1
18.637,4.8844e-05,1
18.638,2.2492e-05,1
18.638,7.8889e-06,1
18.639,-3.1891e-06,1
18.639,-1.8967e-05,1
18.64,-3.2059e-05,1
18.64,-3.1388e-05,1
18.641,-2.2995e-05,1
18.641,-1.091e-05,1
18.642,1.3931e-05,1
18.642,4.5319e-05,1
18.643,5.9922e-05,1
18.643,4.5823e-05,1
18.644,1.9135e-05,1
18.645,1.1749e-06,1
18.645,1.1749e-06,1
18.646,5.539e-06,1
18.646,2.5177e-06,1
18.647,-9.7353e-06,1
18.647,-1.7792e-05,1
18.648,-1.2085e-05,1
18.648,-3.8605e-06,1
18.649,-6.2104e-06,1
18.649,-1.5778e-05,1
18.65,-3.1052e-05,1
18.65,-5.3376e-05,1
18.651,-6.9322e-05,1
18.651,-6.865e-05,1
18.652,-6.1936e-05,1
18.652,-5.4719e-05,1
18.653,-4.5151e-05,1
18.653,-3.7934e-05,1
18.654,-3.7934e-05,1
18.654,-3.9277e-05,1
18.655,-3.7934e-05,1
18.655,-3.8605e-05,1
18.656,-3.6591e-05,1
18.656,-2.3331e-05,1
18.657,8.3925e-07,1
18.658,2.1317e-05,1
18.658,3.0716e-05,1
18.659,3.2059e-05,1
18.659,3.8773e-05,1
18.66,5.4215e-05,1
18.66,6.8315e-05,1
18.661,7.2175e-05,1
18.661,7.2679e-05,1
18.662,8.04e-05,1
18.662,9.1814e-05,1
18.663,0.00010138,1
18.663,0.0001086,1
18.664,0.00012119,1
18.664,0.00014922,1
18.665,0.00018547,1
18.665,0.00019588,1
18.666,0.00016768,1
18.666,0.00012102,1
18.667,7.3686e-05,1
18.667,3.8437e-05,1
18.668,1.796e-05,1
18.668,1.1749e-06,1
18.669,-1.8296e-05,1
18.669,-3.508e-05,1
18.67,-4.9516e-05,1
18.671,-5.9586e-05,1
18.671,-6.0594e-05,1
18.672,-5.8915e-05,1
18.672,-4.5991e-05,1
18.673,-5.2033e-06,1
18.673,4.5823e-05,1
18.674,5.2369e-05,1
18.674,-8.7282e-06,1
18.675,-8.0232e-05,1
18.675,-0.00010793,1
18.676,-9.0471e-05,1
18.676,-4.2802e-05,1
18.677,2.031e-05,1
18.677,6.7308e-05,1
18.678,7.2007e-05,1
18.678,3.1388e-05,1
18.679,-4.1291e-05,1
18.679,-0.0001133,1
18.68,-0.0001472,1
18.68,-0.00014217,1
18.681,-0.00013613,1
18.681,-0.00012706,1
18.682,-7.6539e-05,1
18.682,1.1917e-05,1
18.683,0.0001086,1
18.683,0.00020998,1
18.684,0.00032009,1
18.685,0.0004161,1
18.685,0.00045705,1
18.686,0.00043825,1
18.686,0.00037447,1
18.687,0.00027897,1
18.687,0.00017104,1
18.688,7.1672e-05,1
18.688,-8.7282e-06,1
18.689,-5.8579e-05,1
18.689,-6.7811e-05,1
18.69,-4.8676e-05,1
18.69,-1.091e-05,1
18.691,4.2298e-05,1
18.691,8.2414e-05,1
18.692,9.1814e-05,1
18.692,8.1407e-05,1
18.693,7.2007e-05,1
18.693,6.0929e-05,1
18.694,1.2924e-05,1
18.694,-9.3492e-05,1
18.695,-0.00021132,1
18.695,-0.00026957,1
18.696,-0.00025295,1
18.696,-0.00019638,1
18.697,-0.00014083,1
18.698,-0.00010692,1
18.698,-9.1814e-05,1
18.699,-6.7475e-05,1
18.699,-3.0213e-06,1
18.7,9.1142e-05,1
18.7,0.00018027,1
18.701,0.00023784,1
18.701,0.00024288,1
18.702,0.00019689,1
18.702,0.00012958,1
18.703,6.6468e-05,1
18.703,1.2757e-05,1
18.704,-3.0045e-05,1
18.704,-5.8579e-05,1
18.705,-7.7211e-05,1
18.705,-8.5771e-05,1
18.706,-8.0735e-05,1
18.706,-6.9322e-05,1
18.707,-6.6468e-05,1
18.707,-7.9393e-05,1
18.708,-0.00010071,1
18.708,-0.00011162,1
18.709,-9.987e-05,1
18.709,-6.8147e-05,1
18.71,-3.9445e-05,1
18.71,-3.5584e-05,1
18.711,-4.1794e-05,1
18.712,-2.8534e-05,1
18.712,6.5461e-06,1
18.713,4.7837e-05,1
18.713,8.1743e-05,1
18.714,0.00010188,1
18.714,9.8527e-05,1
18.715,7.2343e-05,1
18.715,4.1794e-05,1
18.716,1.9638e-05,1
18.716,-3.5248e-06,1
18.717,-3.6591e-05,1
18.717,-6.2943e-05,1
18.718,-7.0161e-05,1
18.718,-6.0258e-05,1
18.719,-3.827e-05,1
18.719,-9.2317e-06,1
18.72,1.6449e-05,1
18.72,3.3066e-05,1
18.721,4.0452e-05,1
18.721,4.6326e-05,1
18.722,5.2201e-05,1
18.722,3.8773e-05,1
18.723,1.8296e-05,1
18.723,2.3331e-05,1
18.724,4.8173e-05,1
18.724,7.1168e-05,1
18.725,8.275e-05,1
18.726,7.8218e-05,1
18.726,5.7572e-05,1
18.727,2.9374e-05,1
18.727,3.8605e-06,1
18.728,-1.5106e-05,1
18.728,-2.4338e-05,1
18.729,-1.8463e-05,1
18.729,-1.2589e-05,1
18.73,-2.501e-05,1
18.73,-5.8915e-05,1
18.731,-0.00010373,1
18.731,-0.00014301,1
18.732,-0.00015644,1
18.732,-0.00013931,1
18.733,-9.5171e-05,1
18.733,-2.1988e-05,1
18.734,6.5293e-05,1
18.734,0.00012404,1
18.735,0.00010927,1
18.735,5.153e-05,1
18.736,2.6017e-05,1
18.736,5.7069e-05,1
18.737,0.00010507,1
18.737,0.00011464,1
18.738,7.2847e-05,1
18.739,2.1988e-05,1
18.739,1.5778e-05,1
18.74,5.153e-05,1
18.74,8.0735e-05,1
18.741,9.5674e-05,1
18.741,0.00011128,1
18.742,0.00011464,1
18.742,9.9199e-05,1
18.743,8.8457e-05,1
18.743,0.00011565,1
18.744,0.00017675,1
18.744,0.00022676,1
18.745,0.00023214,1
18.745,0.00019319,1
18.746,0.00015258,1
18.746,0.00013881,1
18.747,0.00012538,1
18.747,6.1936e-05,1
18.748,-7.2175e-05,1
18.748,-0.00021955,1
18.749,-0.00029088,1
18.749,-0.00027225,1
18.75,-0.00021132,1
18.75,-0.00015207,1
18.751,-0.00012572,1
18.752,-0.00011951,1
18.752,-8.51e-05,1
18.753,6.5461e-06,1
18.753,0.00014452,1
18.754,0.00028417,1
18.754,0.00036776,1
18.755,0.00037481,1
18.755,0.00031371,1
18.756,0.00020797,1
18.756,0.00012337,1
18.757,0.0001044,1
18.757,0.00013512,1
18.758,0.00016567,1
18.758,0.00015962,1
18.759,0.00010994,1
18.759,4.7501e-05,1
18.76,2.7359e-05,1
18.76,4.1291e-05,1
18.761,3.508e-05,1
18.761,8.3925e-07,1
18.762,-4.6998e-05,1
18.762,-0.00010272,1
18.763,-0.00016097,1
18.763,-0.00020394,1
18.764,-0.00020746,1
18.764,-0.00016449,1
18.765,-9.5003e-05,1
18.766,-3.1724e-05,1
18.766,1.5106e-06,1
18.767,2.1317e-05,1
18.767,4.7501e-05,1
18.768,6.3951e-05,1
18.768,5.4551e-05,1
18.769,2.7527e-05,1
18.769,-3.1891e-06,1
18.77,-3.2563e-05,1
18.77,-7.9561e-05,1
18.771,-0.0001707,1
18.771,-0.00027091,1
18.772,-0.00031354,1
18.772,-0.00027745,1
18.773,-0.00019773,1
18.773,-0.00011296,1
18.774,-4.2466e-05,1
18.774,1.091e-05,1
18.775,5.0858e-05,1
18.775,8.5603e-05,1
18.776,0.00012236,1
18.776,0.00015291,1
18.777,0.0001744,1
18.777,0.00018279,1
18.778,0.00017574,1
18.779,0.0001509,1
18.779,0.00010558,1
18.78,4.448e-05,1
18.78,-2.0645e-05,1
18.781,-8.2414e-05,1
18.781,-0.00015023,1
18.782,-0.00019789,1
18.782,-0.00017523,1
18.783,-8.6778e-05,1
18.783,1.4603e-05,1
18.784,9.0471e-05,1
18.784,0.00013848,1
18.785,0.00017037,1
18.785,0.00018245,1
18.786,0.00017238,1
18.786,0.00015761,1
18.787,0.00014318,1
18.787,0.00011884,1
18.788,7.4022e-05,1
18.788,6.5461e-06,1
18.789,-6.3279e-05,1
18.789,-0.00010944,1
18.79,-0.00012941,1
18.79,-0.00013428,1
18.791,-0.0001185,1
18.791,-8.7449e-05,1
18.792,-6.0761e-05,1
18.793,-4.5319e-05,1
18.793,-1.9135e-05,1
18.794,4.6159e-05,1
18.794,0.00014217,1
18.795,0.00022744,1
18.795,0.00027208,1
18.796,0.00026957,1
18.796,0.00022139,1
18.797,0.00014536,1
18.797,7.4022e-05,1
18.798,3.592e-05,1
18.798,2.652e-05,1
18.799,2.6017e-05,1
18.799,2.7695e-05,1
18.8,2.2995e-05,1
18.8,2.6856e-06,1
18.801,-4.8676e-06,1
18.801,2.1317e-05,1
18.802,4.5823e-05,1
18.802,4.2802e-05,1
18.803,2.6688e-05,1
18.803,1.091e-05,1
18.804,-8.2246e-06,1
18.804,-2.8031e-05,1
18.805,-3.122e-05,1
18.805,-4.5319e-06,1
18.806,3.6759e-05,1
18.807,6.3615e-05,1
18.807,5.4215e-05,1
18.808,2.4338e-05,1
18.808,5.2033e-06,1
18.809,-8.3925e-07,1
18.809,-1.0575e-05,1
18.81,-2.5513e-05,1
18.81,-3.6423e-05,1
18.811,-4.3809e-05,1
18.811,-4.6662e-05,1
18.812,-3.7263e-05,1
18.812,-4.3641e-06,1
18.813,3.6927e-05,1
18.813,5.7572e-05,1
18.814,4.8173e-05,1
18.814,1.9806e-05,1
18.815,-1.3092e-05,1
18.815,-4.2802e-05,1
18.816,-6.2608e-05,1
18.816,-6.7308e-05,1
18.817,-5.623e-05,1
18.817,-4.2298e-05,1
18.818,-3.5752e-05,1
18.818,-3.827e-05,1
18.819,-4.7166e-05,1
18.82,-5.3208e-05,1
18.82,-5.2873e-05,1
18.821,-4.5487e-05,1
18.821,-3.3066e-05,1
18.822,-1.3596e-05,1
18.822,2.5177e-06,1
18.823,-9.2317e-06,1
18.823,-4.213e-05,1
18.824,-6.7643e-05,1
18.824,-6.8986e-05,1
18.825,-4.7837e-05,1
18.825,-1.8631e-05,1
18.826,5.0355e-06,1
18.826,2.2995e-05,1
18.827,3.9445e-05,1
18.827,4.7166e-05,1
18.828,4.1123e-05,1
18.828,3.3234e-05,1
18.829,3.6759e-05,1
18.829,4.8173e-05,1
18.83,5.1865e-05,1
18.83,4.0787e-05,1
18.831,2.9877e-05,1
18.831,3.743e-05,1
18.832,6.6636e-05,1
18.832,9.836e-05,1
18.833,0.00011749,1
18.834,0.000118,1
18.834,0.00010457,1
18.835,8.7449e-05,1
18.835,6.3783e-05,1
18.836,3.6423e-05,1
18.836,2.1317e-05,1
18.837,3.9445e-05,1
18.837,5.8915e-05,1
18.838,2.182e-06,1
18.838,-0.00011666,1
18.839,-0.00021099,1
18.839,-0.00024271,1
18.84,-0.00021501,1
18.84,-0.00014116,1
18.841,-3.2059e-05,1
18.841,9.1142e-05,1
18.842,0.00020394,1
18.842,0.00031237,1
18.843,0.00042013,1
18.843,0.00050523,1
18.844,0.0005539,1
18.844,0.00055038,1
18.845,0.00048089,1
18.845,0.00036239,1
18.846,0.00023264,1
18.847,0.00012471,1
18.847,4.7166e-05,1
18.848,-9.3996e-06,1
18.848,-5.5222e-05,1
18.849,-8.4428e-05,1
18.849,-9.3492e-05,1
18.85,-8.9799e-05,1
18.85,-8.51e-05,1
18.851,-8.0903e-05,1
18.851,-7.1336e-05,1
18.852,-5.4047e-05,1
18.852,-3.8773e-05,1
18.853,-3.743e-05,1
18.853,-5.304e-05,1
18.854,-8.3421e-05,1
18.854,-9.4499e-05,1
18.855,-7.3182e-05,1
18.855,-5.9083e-05,1
18.856,-8.9296e-05,1
18.856,-0.00015375,1
18.857,-0.00020948,1
18.857,-0.00022441,1
18.858,-0.00020797,1
18.858,-0.00018648,1
18.859,-0.00015845,1
18.86,-0.00010826,1
18.86,-3.1724e-05,1
18.861,4.9348e-05,1
18.861,0.00010373,1
18.862,0.00012639,1
18.862,0.00012941,1
18.863,0.00010977,1
18.863,6.4958e-05,1
18.864,2.4002e-05,1
18.864,1.6617e-05,1
18.865,4.2466e-05,1
18.865,7.2343e-05,1
18.866,7.6371e-05,1
18.866,5.3376e-05,1
18.867,3.2395e-05,1
18.867,3.8941e-05,1
18.868,6.8986e-05,1
18.868,0.00010356,1
18.869,0.00012136,1
18.869,0.00011431,1
18.87,8.4428e-05,1
18.87,4.2466e-05,1
18.871,-1.561e-05,1
18.871,-7.4357e-05,1
18.872,-0.00010558,1
18.872,-0.00010423,1
18.873,-8.2414e-05,1
18.874,-5.9251e-05,1
18.874,-4.8005e-05,1
18.875,-3.7263e-05,1
18.875,-1.091e-05,1
18.876,1.561e-05,1
18.876,1.2253e-05,1
18.877,-2.4338e-05,1
18.877,-7.805e-05,1
18.878,-0.00013025,1
18.878,-0.00015526,1
18.879,-0.00018631,1
18.879,-0.00026537,1
18.88,-0.00035265,1
18.88,-0.00038202,1
18.881,-0.00032496,1
18.881,-0.00020528,1
18.882,-6.3447e-05,1
18.882,6.2608e-05,1
18.883,0.00015879,1
18.883,0.00023449,1
18.884,0.00031136,1
18.884,0.00041006,1
18.885,0.0005393,1
18.885,0.00066519,1
18.886,0.00070715,1
18.887,0.00062826,1
18.887,0.00047787,1
18.888,0.00032546,1
18.888,0.00021535,1
18.889,0.00015392,1
18.889,0.000118,1
18.89,7.9057e-05,1
18.89,7.0497e-06,1
18.891,-9.0806e-05,1
18.891,-0.00018027,1
18.892,-0.00023465,1
18.892,-0.00024942,1
18.893,-0.00023398,1
18.893,-0.00020327,1
18.894,-0.00016516,1
18.894,-0.00012874,1
18.895,-9.752e-05,1
18.895,-5.4719e-05,1
18.896,1.3596e-05,1
18.896,9.3324e-05,1
18.897,0.00015694,1
18.897,0.00018111,1
18.898,0.00015895,1
18.898,0.00010843,1
18.899,6.0258e-05,1
18.899,2.6352e-05,1
18.9,1.5106e-06,1
18.901,-1.8296e-05,1
18.901,-3.4073e-05,1
18.902,-4.4984e-05,1
18.902,-5.8915e-05,1
18.903,-7.1672e-05,1
18.903,-7.2679e-05,1
18.904,-6.1265e-05,1
18.904,-5.388e-05,1
18.905,-6.4286e-05,1
18.905,-8.0735e-05,1
18.906,-8.9799e-05,1
18.906,-8.6275e-05,1
18.907,-7.4189e-05,1
18.907,-6.0761e-05,1
18.908,-4.8508e-05,1
18.908,-3.2898e-05,1
18.909,-8.5603e-06,1
18.909,2.2324e-05,1
18.91,5.4047e-05,1
18.91,8.0232e-05,1
18.911,9.0974e-05,1
18.911,8.04e-05,1
18.912,4.2634e-05,1
18.912,-1.4603e-05,1
18.913,-6.6972e-05,1
18.913,-9.4835e-05,1
18.914,-9.836e-05,1
18.915,-8.3757e-05,1
18.915,-6.0929e-05,1
18.916,-4.2466e-05,1
18.916,-2.4002e-05,1
18.917,-9.2317e-06,1
18.917,-4.1962e-06,1
18.918,1.6785e-06,1
18.918,1.4603e-05,1
18.919,2.6017e-05,1
18.919,2.7695e-05,1
18.92,2.652e-05,1
18.92,3.0381e-05,1
18.921,3.8437e-05,1
18.921,4.683e-05,1
18.922,4.7166e-05,1
18.922,2.8367e-05,1
18.923,-4.6998e-06,1
18.923,-3.5248e-05,1
18.924,-5.4551e-05,1
18.924,-6.7308e-05,1
18.925,-7.8721e-05,1
18.925,-8.0735e-05,1
18.926,-6.4622e-05,1
18.926,-3.4409e-05,1
18.927,-2.8534e-06,1
18.928,2.652e-05,1
18.928,6.0258e-05,1
18.929,0.00011229,1
18.929,0.00017876,1
18.93,0.00023214,1
18.93,0.00024825,1
18.931,0.00023398,1
18.931,0.00020797,1
18.932,0.00018144,1
18.932,0.00015358,1
18.933,0.00011498,1
18.933,6.8818e-05,1
18.934,2.3835e-05,1
18.934,-9.5674e-06,1
18.935,-2.7192e-05,1
18.935,-3.2731e-05,1
18.936,-2.9709e-05,1
18.936,-1.7624e-05,1
18.937,1.8463e-06,1
18.937,2.3667e-05,1
18.938,4.1291e-05,1
18.938,5.0187e-05,1
18.939,4.9851e-05,1
18.939,4.3137e-05,1
18.94,2.9206e-05,1
18.941,-1.6785e-07,1
18.941,-4.3977e-05,1
18.942,-9.1142e-05,1
18.942,-0.00013663,1
18.943,-0.00016281,1
18.943,-0.00014939,1
18.944,-0.00010642,1
18.944,-5.388e-05,1
18.945,9.2317e-06,1
18.945,6.9993e-05,1
18.946,0.00011196,1
18.946,0.00013143,1
18.947,0.00013378,1
18.947,0.00012605,1
18.948,0.00010893,1
18.948,9.2485e-05,1
18.949,9.5506e-05,1
18.949,0.00011447,1
18.95,0.00014217,1
18.95,0.00017171,1
18.951,0.0001754,1
18.951,0.00013562,1
18.952,6.6468e-05,1
18.952,-1.2253e-05,1
18.953,-9.5842e-05,1
18.953,-0.00014653,1
18.954,-0.00013663,1
18.955,-8.1743e-05,1
18.955,5.0355e-07,1
18.956,8.6442e-05,1
18.956,0.00011296,1
18.957,7.2007e-05,1
18.957,1.6617e-05,1
18.958,-3.508e-05,1
18.958,-9.836e-05,1
18.959,-0.00017742,1
18.959,-0.00026453,1
18.96,-0.00035718,1
18.96,-0.00041543,1
18.961,-0.00040502,1
18.961,-0.00033083,1
18.962,-0.00021686,1
18.962,-9.2653e-05,1
18.963,2.2995e-05,1
18.963,0.00013613,1
18.964,0.00026738,1
18.964,0.00040133,1
18.965,0.00049532,1
18.965,0.00053896,1
18.966,0.00054232,1
18.966,0.00050069,1
18.967,0.00040536,1
18.968,0.00027964,1
18.968,0.00016097,1
18.969,7.0161e-05,1
18.969,1.8128e-05,1
18.97,-1.4267e-05,1
18.97,-4.9851e-05,1
18.971,-7.7379e-05,1
18.971,-8.0064e-05,1
18.972,-6.3447e-05,1
18.972,-4.2466e-05,1
18.973,-3.1388e-05,1
18.973,-3.6591e-05,1
18.974,-5.0523e-05,1
18.974,-6.2608e-05,1
18.975,-6.5461e-05,1
18.975,-5.2537e-05,1
18.976,-2.5345e-05,1
18.976,1.0071e-06,1
18.977,1.2253e-05,1
18.977,7.2175e-06,1
18.978,-1.6953e-05,1
18.978,-5.2033e-05,1
18.979,-8.04e-05,1
18.979,-7.9393e-05,1
18.98,-5.2705e-05,1
18.98,-3.5416e-05,1
18.981,-4.3137e-05,1
18.982,-5.9419e-05,1
18.982,-7.1672e-05,1
18.983,-8.1071e-05,1
18.983,-8.9464e-05,1
18.984,-8.6107e-05,1
18.984,-5.5894e-05,1
18.985,1.5106e-06,1
18.985,6.714e-05,1
18.986,0.00011733,1
18.986,0.00012975,1
18.987,0.00010927,1
18.987,8.5435e-05,1
18.988,7.7546e-05,1
18.988,8.7114e-05,1
18.989,9.4835e-05,1
18.989,8.04e-05,1
18.99,4.4144e-05,1
18.99,2.5177e-06,1
18.991,-2.7695e-05,1
18.991,-3.9277e-05,1
18.992,-3.6759e-05,1
18.992,-3.1556e-05,1
18.993,-2.6688e-05,1
18.993,-2.3331e-05,1
18.994,-2.2995e-05,1
18.994,-2.4674e-05,1
18.995,-1.8296e-05,1
18.996,1.6785e-07,1
18.996,1.8631e-05,1
18.997,2.6352e-05,1
18.997,2.4338e-05,1
18.998,2.0645e-05,1
18.998,2.1317e-05,1
18.999,2.8702e-05,1
18.999,3.9109e-05,1
19,4.3809e-05,1
19,3.8102e-05,1
19.001,2.7359e-05,1
19.001,1.9806e-05,1
19.002,1.796e-05,1
19.002,1.561e-05,1
19.003,1.2253e-05,1
19.003,1.6785e-05,1
19.004,2.6352e-05,1
19.004,3.2563e-05,1
19.005,3.4745e-05,1
19.005,3.4745e-05,1
19.006,4.3977e-05,1
19.006,6.0929e-05,1
19.007,7.1672e-05,1
19.007,6.8818e-05,1
19.008,5.4887e-05,1
19.009,3.743e-05,1
19.009,1.8631e-05,1
19.01,3.357e-07,1
19.01,-1.1917e-05,1
19.011,-2.031e-05,1
19.011,-3.9612e-05,1
19.012,-8.8792e-05,1
19.012,-0.00015744,1
19.013,-0.00020159,1
19.013,-0.00019924,1
19.014,-0.00016902,1
19.014,-0.00012958,1
19.015,-8.6946e-05,1
19.015,-4.683e-05,1
19.016,-8.896e-06,1
19.016,2.7863e-05,1
19.017,6.5293e-05,1
19.017,0.00010961,1
19.018,0.00016315,1
19.018,0.00021166,1
19.019,0.00023264,1
19.019,0.00021753,1
19.02,0.00017675,1
19.02,0.00012136,1
19.021,4.5823e-05,1
19.021,-2.9374e-05,1
19.022,-6.7979e-05,1
19.023,-5.8579e-05,1
19.023,4.8676e-06,1
19.024,9.2149e-05,1
19.024,0.00016097,1
19.025,0.00020024,1
19.025,0.0002224,1
19.026,0.00022811,1
19.026,0.00018967,1
19.027,0.00012186,1
19.027,9.0806e-05,1
19.028,9.9199e-05,1
19.028,0.00011162,1
19.029,0.00011565,1
19.029,0.0001086,1
19.03,9.1478e-05,1
19.03,7.7546e-05,1
19.031,7.2175e-05,1
19.031,6.9657e-05,1
19.032,6.5293e-05,1
19.032,5.6565e-05,1
19.033,3.7766e-05,1
19.033,4.1962e-06,1
19.034,-4.2466e-05,1
19.034,-9.1478e-05,1
19.035,-0.0001274,1
19.036,-0.00013982,1
19.036,-0.00013008,1
19.037,-0.00011833,1
19.037,-0.00012001,1
19.038,-0.00014083,1
19.038,-0.00015929,1
19.039,-0.00014821,1
19.039,-0.00011498,1
19.04,-7.5364e-05,1
19.04,-3.2059e-05,1
19.041,8.896e-06,1
19.041,2.8702e-05,1
19.042,2.8367e-05,1
19.042,4.3305e-05,1
19.043,8.7617e-05,1
19.043,0.00012773,1
19.044,0.00012605,1
19.044,8.3085e-05,1
19.045,2.7863e-05,1
19.045,-2.3331e-05,1
19.046,-6.9993e-05,1
19.046,-9.7017e-05,1
19.047,-9.3492e-05,1
19.047,-6.63e-05,1
19.048,-2.8031e-05,1
19.049,1.1078e-05,1
19.049,5.8915e-05,1
19.05,0.00010927,1
19.05,0.00014217,1
19.051,0.0001368,1
19.051,9.4163e-05,1
19.052,4.1794e-05,1
19.052,-1.8463e-06,1
19.053,-3.978e-05,1
19.053,-6.6636e-05,1
19.054,-6.9993e-05,1
19.054,-4.2466e-05,1
19.055,1.2253e-05,1
19.055,6.63e-05,1
19.056,8.4428e-05,1
19.056,6.4958e-05,1
19.057,3.9445e-05,1
19.057,3.2731e-05,1
19.058,5.0858e-05,1
19.058,8.0735e-05,1
19.059,9.4331e-05,1
19.059,7.4525e-05,1
19.06,3.1891e-05,1
19.06,-2.8534e-06,1
19.061,-1.326e-05,1
19.061,-1.5106e-06,1
19.062,2.9038e-05,1
19.063,8.04e-05,1
19.063,0.00012169,1
19.064,0.00012152,1
19.064,9.2317e-05,1
19.065,6.4286e-05,1
19.065,4.9516e-05,1
19.066,3.7263e-05,1
19.066,1.796e-05,1
19.067,-1.5106e-06,1
19.067,-1.5778e-05,1
19.068,-2.4842e-05,1
19.068,-3.4073e-05,1
19.069,-5.1362e-05,1
19.069,-8.3421e-05,1
19.07,-0.00015727,1
19.07,-0.00025664,1
19.071,-0.00031002,1
19.071,-0.00028736,1
19.072,-0.00021703,1
19.072,-0.00013713,1
19.073,-6.5965e-05,1
19.073,-4.1962e-06,1
19.074,6.2272e-05,1
19.074,0.00014217,1
19.075,0.00021636,1
19.076,0.00026403,1
19.076,0.00026621,1
19.077,0.00020226,1
19.077,0.00010088,1
19.078,2.0645e-05,1
19.078,-1.9303e-05,1
19.079,-4.5487e-05,1
19.079,-7.4189e-05,1
19.08,-8.6107e-05,1
19.08,-6.5461e-05,1
19.081,-2.6352e-05,1
19.081,1.8463e-05,1
19.082,6.63e-05,1
19.082,0.00010054,1
19.083,9.1814e-05,1
19.083,6.6636e-05,1
19.084,6.5461e-05,1
19.084,9.2988e-05,1
19.085,0.00013042,1
19.085,0.00014888,1
19.086,0.00013982,1
19.086,0.00011464,1
19.087,7.9057e-05,1
19.087,3.0884e-05,1
19.088,-6.5461e-06,1
19.088,2.8534e-06,1
19.089,3.9109e-05,1
19.09,6.5629e-05,1
19.09,7.9561e-05,1
19.091,8.275e-05,1
19.091,7.6371e-05,1
19.092,6.7643e-05,1
19.092,6.6133e-05,1
19.093,7.4693e-05,1
19.093,8.9967e-05,1
19.094,0.00010188,1
19.094,9.4667e-05,1
19.095,5.8915e-05,1
19.095,6.714e-06,1
19.096,-4.7501e-05,1
19.096,-0.00010021,1
19.097,-0.00013931,1
19.097,-0.00014788,1
19.098,-0.00012656,1
19.098,-9.5506e-05,1
19.099,-7.1336e-05,1
19.099,-3.4073e-05,1
19.1,1.326e-05,1
19.1,3.6423e-05,1
19.101,2.2995e-05,1
19.101,-7.5532e-06,1
19.102,-3.8773e-05,1
19.102,-6.7308e-05,1
19.103,-8.3085e-05,1
19.104,-7.8386e-05,1
19.104,-4.7333e-05,1
19.105,3.6927e-06,1
19.105,6.4622e-05,1
19.106,0.00011514,1
19.106,0.00013075,1
19.107,0.00011363,1
19.107,9.7017e-05,1
19.108,0.00010256,1
19.108,0.00011263,1
19.109,0.00010407,1
19.109,7.57e-05,1
19.11,4.3641e-05,1
19.11,2.4506e-05,1
19.111,1.6953e-05,1
19.111,1.1582e-05,1
19.112,8.3925e-07,1
19.112,-1.0575e-05,1
19.113,-1.5946e-05,1
19.113,-1.5442e-05,1
19.114,-6.5461e-06,1
19.114,1.5946e-05,1
19.115,4.9516e-05,1
19.115,7.5868e-05,1
19.116,8.04e-05,1
19.117,6.5126e-05,1
19.117,4.1123e-05,1
19.118,2.3667e-05,1
19.118,1.8631e-05,1
19.119,1.9471e-05,1
19.119,1.4939e-05,1
19.12,3.8605e-06,1
19.12,-8.2246e-06,1
19.121,-1.9303e-05,1
19.121,-3.0716e-05,1
19.122,-3.8941e-05,1
19.122,-4.1123e-05,1
19.123,-3.7095e-05,1
19.123,-3.0213e-05,1
19.124,-2.6017e-05,1
19.124,-2.417e-05,1
19.125,-1.6953e-05,1
19.125,5.0355e-07,1
19.126,1.8463e-05,1
19.126,3.508e-05,1
19.127,6.0258e-05,1
19.127,8.4428e-05,1
19.128,8.5435e-05,1
19.128,6.479e-05,1
19.129,3.8773e-05,1
19.13,6.5461e-06,1
19.13,-4.3137e-05,1
19.131,-0.00010658,1
19.131,-0.00016466,1
19.132,-0.00019084,1
19.132,-0.00018514,1
19.133,-0.00018296,1
19.133,-0.00019789,1
19.134,-0.00020008,1
19.134,-0.00015996,1
19.135,-7.9728e-05,1
19.135,1.8631e-05,1
19.136,0.00013613,1
19.136,0.00026537,1
19.137,0.00037279,1
19.137,0.00042416,1
19.138,0.00041526,1
19.138,0.00036356,1
19.139,0.00029928,1
19.139,0.00024775,1
19.14,0.00021736,1
19.14,0.00019034,1
19.141,0.00014083,1
19.141,6.6468e-05,1
19.142,-1.6785e-05,1
19.142,-9.2149e-05,1
19.143,-0.00014569,1
19.144,-0.00017272,1
19.144,-0.00016936,1
19.145,-0.00014334,1
19.145,-0.00011632,1
19.146,-9.9367e-05,1
19.146,-9.0806e-05,1
19.147,-8.661e-05,1
19.147,-7.2679e-05,1
19.148,-3.508e-05,1
19.148,1.7624e-05,1
19.149,6.5629e-05,1
19.149,9.5842e-05,1
19.15,0.00011246,1
19.15,0.00011514,1
19.151,0.00010642,1
19.151,9.3828e-05,1
19.152,7.7714e-05,1
19.152,6.1265e-05,1
19.153,4.8173e-05,1
19.153,3.2059e-05,1
19.154,9.2317e-06,1
19.154,-1.3931e-05,1
19.155,-2.9877e-05,1
19.155,-6.1265e-05,1
19.156,-0.00012119,1
19.157,-0.00017104,1
19.157,-0.00016584,1
19.158,-0.00011246,1
19.158,-6.3279e-05,1
19.159,-4.7166e-05,1
19.159,-4.4816e-05,1
19.16,-3.4913e-05,1
19.16,-1.1246e-05,1
19.161,1.8296e-05,1
19.161,4.9851e-05,1
19.162,7.6371e-05,1
19.162,8.5771e-05,1
19.163,9.366e-05,1
19.163,0.000118,1
19.164,0.00014418,1
19.164,0.00015325,1
19.165,0.00014586,1
19.165,0.00013008,1
19.166,0.00011162,1
19.166,9.5674e-05,1
19.167,8.6442e-05,1
19.167,7.5364e-05,1
19.168,5.7572e-05,1
19.168,3.7766e-05,1
19.169,1.1749e-05,1
19.169,-2.2995e-05,1
19.17,-5.304e-05,1
19.171,-6.0258e-05,1
19.171,-4.1123e-05,1
19.172,-2.4002e-05,1
19.172,-2.9206e-05,1
19.173,-4.1459e-05,1
19.173,-4.062e-05,1
19.174,-3.6423e-05,1
19.174,-3.4073e-05,1
19.175,-1.561e-05,1
19.175,0,1
19.176,-9.9031e-06,1
19.176,-5.3208e-05,1
19.177,-0.00012303,1
19.177,-0.00018682,1
19.178,-0.00020679,1
19.178,-0.00017288,1
19.179,-0.00010759,1
19.179,-3.3402e-05,1
19.18,4.4816e-05,1
19.18,0.00012673,1
19.181,0.00019857,1
19.181,0.00025295,1
19.182,0.00030062,1
19.182,0.00033536,1
19.183,0.00033419,1
19.183,0.00029122,1
19.184,0.00022005,1
19.185,0.0001556,1
19.185,0.00012068,1
19.186,0.00010256,1
19.186,8.2246e-05,1
19.187,5.2873e-05,1
19.187,1.6281e-05,1
19.188,-1.6617e-05,1
19.188,-3.6423e-05,1
19.189,-4.2802e-05,1
19.189,-4.5151e-05,1
19.19,-4.7166e-05,1
19.19,-5.2033e-05,1
19.191,-5.8244e-05,1
19.191,-6.1097e-05,1
19.192,-6.8818e-05,1
19.192,-8.4932e-05,1
19.193,-9.8192e-05,1
19.193,-0.00010088,1
19.194,-8.3085e-05,1
19.194,-4.9851e-05,1
19.195,-1.7288e-05,1
19.195,4.8676e-06,1
19.196,1.1917e-05,1
19.196,2.3499e-06,1
19.197,-1.6449e-05,1
19.198,-3.3066e-05,1
19.198,-4.2802e-05,1
19.199,-3.743e-05,1
19.199,-1.5274e-05,1
19.2,7.7211e-06,1
19.2,2.0645e-05,1
19.201,2.9877e-05,1
19.201,4.0787e-05,1
19.202,3.9948e-05,1
19.202,2.266e-05,1
19.203,8.3925e-06,1
19.203,7.7211e-06,1
19.204,1.4603e-05,1
19.204,2.3667e-05,1
19.205,3.1724e-05,1
19.205,2.5681e-05,1
19.206,-5.2033e-06,1
19.206,-4.9012e-05,1
19.207,-7.7379e-05,1
19.207,-8.4092e-05,1
19.208,-7.5868e-05,1
19.208,-5.7404e-05,1
19.209,-3.5416e-05,1
19.209,-2.1988e-05,1
19.21,-1.6953e-05,1
19.21,-1.1749e-06,1
19.211,4.683e-05,1
19.212,0.00010809,1
19.212,0.00013848,1
19.213,0.0001368,1
19.213,0.00012656,1
19.214,0.00011598,1
19.214,9.7856e-05,1
19.215,8.0903e-05,1
19.215,9.1646e-05,1
19.216,0.00013646,1
19.216,0.00019118,1
19.217,0.00023214,1
19.217,0.00024607,1
19.218,0.00022458,1
19.218,0.00017372,1
19.219,0.00011464,1
19.219,6.1601e-05,1
19.22,2.5345e-05,1
19.22,9.7353e-06,1
19.221,7.8889e-06,1
19.221,6.5461e-06,1
19.222,-8.5603e-06,1
19.222,-4.1291e-05,1
19.223,-9.2988e-05,1
19.223,-0.00015392,1
19.224,-0.00019655,1
19.225,-0.00020293,1
19.225,-0.0001848,1
19.226,-0.00016651,1
19.226,-0.00014855,1
19.227,-0.00011867,1
19.227,-7.335e-05,1
19.228,-2.0813e-05,1
19.228,3.5416e-05,1
19.229,9.1142e-05,1
19.229,0.00013277,1
19.23,0.0001462,1
19.23,0.00013193,1
19.231,0.00010423,1
19.231,7.0665e-05,1
19.232,3.743e-05,1
19.232,1.326e-05,1
19.233,2.8534e-06,1
19.233,-4.5319e-06,1
19.234,-1.6953e-05,1
19.234,-2.6184e-05,1
19.235,-2.2995e-05,1
19.235,-8.7282e-06,1
19.236,1.8463e-06,1
19.236,3.6927e-06,1
19.237,-3.357e-07,1
19.238,-7.8889e-06,1
19.238,-1.6449e-05,1
19.239,-2.0142e-05,1
19.239,-1.3596e-05,1
19.24,-2.8534e-06,1
19.24,7.3854e-06,1
19.241,1.6953e-05,1
19.241,2.1653e-05,1
19.242,1.8631e-05,1
19.242,1.0239e-05,1
19.243,8.3925e-07,1
19.243,-1.6785e-07,1
19.244,2.5177e-06,1
19.244,-1.0575e-05,1
19.245,-4.1794e-05,1
19.245,-7.5364e-05,1
19.246,-0.00012136,1
19.246,-0.00016768,1
19.247,-0.00017943,1
19.247,-0.00015929,1
19.248,-0.00012908,1
19.248,-0.00010423,1
19.249,-8.275e-05,1
19.249,-4.1123e-05,1
19.25,3.4073e-05,1
19.25,0.00010809,1
19.251,0.00013411,1
19.252,0.00012639,1
19.252,0.00013243,1
19.253,0.00016399,1
19.253,0.0001984,1
19.254,0.00022358,1
19.254,0.00024221,1
19.255,0.00025815,1
19.255,0.00026755,1
19.256,0.00025832,1
19.256,0.00022995,1
19.257,0.00018917,1
19.257,0.00013445,1
19.258,6.63e-05,1
19.258,2.1317e-05,1
19.259,2.5345e-05,1
19.259,4.4816e-05,1
19.26,4.213e-05,1
19.26,1.6449e-05,1
19.261,-1.8799e-05,1
19.261,-3.827e-05,1
19.262,-2.1653e-05,1
19.262,1.326e-05,1
19.263,4.5991e-05,1
19.263,6.0594e-05,1
19.264,5.4551e-05,1
19.265,3.743e-05,1
19.265,3.4913e-05,1
19.266,5.069e-05,1
19.266,6.0258e-05,1
19.267,4.7501e-05,1
19.267,1.326e-05,1
19.268,-3.6255e-05,1
19.268,-8.4092e-05,1
19.269,-0.00011783,1
19.269,-0.0001279,1
19.27,-0.00012639,1
19.27,-0.00012908,1
19.271,-0.00012857,1
19.271,-0.00011095,1
19.272,-6.7811e-05,1
19.272,-5.539e-06,1
19.273,6.7308e-05,1
19.273,0.00014871,1
19.274,0.00022341,1
19.274,0.00025261,1
19.275,0.00022089,1
19.275,0.00015627,1
19.276,9.131e-05,1
19.276,4.2802e-05,1
19.277,1.3764e-05,1
19.277,-5.8747e-06,1
19.278,-2.0981e-05,1
19.279,-2.9038e-05,1
19.279,-3.3066e-05,1
19.28,-3.7934e-05,1
19.28,-4.448e-05,1
19.281,-5.2537e-05,1
19.281,-6.63e-05,1
19.282,-8.0232e-05,1
19.282,-8.0232e-05,1
19.283,-6.4454e-05,1
19.283,-4.5151e-05,1
19.284,-3.9445e-05,1
19.284,-5.4887e-05,1
19.285,-7.5868e-05,1
19.285,-7.9225e-05,1
19.286,-6.9657e-05,1
19.286,-6.3951e-05,1
19.287,-5.4047e-05,1
19.287,-3.3906e-05,1
19.288,-1.326e-05,1
19.288,-4.1962e-06,1
19.289,-8.2246e-06,1
19.289,-2.8031e-05,1
19.29,-5.4719e-05,1
19.29,-5.9251e-05,1
19.291,-3.508e-05,1
19.291,5.0355e-07,1
19.292,3.508e-05,1
19.293,6.009e-05,1
19.293,7.6875e-05,1
19.294,8.9128e-05,1
19.294,0.00010457,1
19.295,0.00012975,1
19.295,0.00016835,1
19.296,0.00020897,1
19.296,0.00023751,1
19.297,0.00024422,1
19.297,0.00022408,1
19.298,0.0001791,1
19.298,0.00011968,1
19.299,6.6133e-05,1
19.299,4.0452e-05,1
19.3,3.6088e-05,1
19.3,2.8534e-05,1
19.301,-8.896e-06,1
19.301,-6.8482e-05,1
19.302,-0.00011296,1
19.302,-0.00012287,1
19.303,-0.00010558,1
19.303,-6.9657e-05,1
19.304,-3.3402e-05,1
19.304,-9.2317e-06,1
19.305,4.6998e-06,1
19.306,1.6281e-05,1
19.306,4.3977e-05,1
19.307,8.6442e-05,1
19.307,0.00011565,1
19.308,0.00010457,1
19.308,6.0761e-05,1
19.309,9.5674e-06,1
19.309,-2.8367e-05,1
19.31,-5.304e-05,1
19.31,-9.5003e-05,1
19.311,-0.00015207,1
19.311,-0.00018917,1
19.312,-0.00019017,1
19.312,-0.00016197,1
19.313,-0.0001274,1
19.313,-0.00010423,1
19.314,-9.4835e-05,1
19.314,-9.9702e-05,1
19.315,-0.00010893,1
19.315,-0.00010457,1
19.316,-6.0594e-05,1
19.316,6.2104e-06,1
19.317,5.0858e-05,1
19.317,6.7643e-05,1
19.318,7.9057e-05,1
19.319,9.7688e-05,1
19.319,0.00011968,1
19.32,0.0001509,1
19.32,0.00020192,1
19.321,0.00026806,1
19.321,0.00033419,1
19.322,0.00037212,1
19.322,0.00034694,1
19.323,0.00026638,1
19.323,0.00017305,1
19.324,8.8792e-05,1
19.324,1.8463e-05,1
19.325,-3.2731e-05,1
19.325,-6.8147e-05,1
19.326,-9.1478e-05,1
19.326,-0.00010423,1
19.327,-0.00011397,1
19.327,-0.00011179,1
19.328,-8.2246e-05,1
19.328,-2.3163e-05,1
19.329,5.2537e-05,1
19.329,0.00012572,1
19.33,0.00018111,1
19.33,0.0002083,1
19.331,0.00020024,1
19.331,0.00017137,1
19.332,0.00014955,1
19.333,0.0001331,1
19.333,9.9702e-05,1
19.334,4.2802e-05,1
19.334,-2.3835e-05,1
19.335,-7.6204e-05,1
19.335,-0.00010356,1
19.336,-0.00011313,1
19.336,-0.00011179,1
19.337,-8.6442e-05,1
19.337,-3.1052e-05,1
19.338,1.6617e-05,1
19.338,2.2492e-05,1
19.339,-3.0213e-06,1
19.339,-3.0716e-05,1
19.34,-4.3305e-05,1
19.34,-4.7333e-05,1
19.341,-5.388e-05,1
19.341,-5.8579e-05,1
19.342,-5.3208e-05,1
19.342,-4.3473e-05,1
19.343,-4.0787e-05,1
19.343,-4.4144e-05,1
19.344,-5.1865e-05,1
19.344,-6.6636e-05,1
19.345,-7.7882e-05,1
19.346,-6.5293e-05,1
19.346,-2.7024e-05,1
19.347,3.5248e-06,1
19.347,6.2104e-06,1
19.348,-1.6953e-05,1
19.348,-6.5965e-05,1
19.349,-0.00014435,1
19.349,-0.00023281,1
19.35,-0.00029642,1
19.35,-0.00031371,1
19.351,-0.00028685,1
19.351,-0.00023062,1
19.352,-0.00015509,1
19.352,-6.2943e-05,1
19.353,4.2298e-05,1
19.353,0.00015761,1
19.354,0.00028618,1
19.354,0.00042583,1
19.355,0.00054299,1
19.355,0.00059268,1
19.356,0.00055474,1
19.356,0.00045689,1
19.357,0.00034157,1
19.357,0.00024053,1
19.358,0.00016735,1
19.358,0.00011968,1
19.359,8.4092e-05,1
19.36,5.0858e-05,1
19.36,1.7288e-05,1
19.361,-1.5778e-05,1
19.361,-4.3137e-05,1
19.362,-5.5222e-05,1
19.362,-5.4215e-05,1
19.363,-4.8173e-05,1
19.363,-4.213e-05,1
19.364,-4.062e-05,1
19.364,-4.2634e-05,1
19.365,-4.5487e-05,1
19.365,-5.069e-05,1
19.366,-6.3951e-05,1
19.366,-7.805e-05,1
19.367,-7.6875e-05,1
19.367,-5.3544e-05,1
19.368,-2.266e-05,1
19.368,-2.8534e-06,1
19.369,-1.6785e-07,1
19.369,-8.896e-06,1
19.37,-1.8296e-05,1
19.37,-1.7792e-05,1
19.371,-6.5461e-06,1
19.371,2.4002e-05,1
19.372,6.9657e-05,1
19.372,9.7017e-05,1
19.373,4.9012e-05,1
19.374,-7.2847e-05,1
19.374,-0.00018396,1
19.375,-0.0002182,1
19.375,-0.00018547,1
19.376,-0.00012555,1
19.376,-6.1433e-05,1
19.377,-9.2317e-06,1
19.377,2.6017e-05,1
19.378,4.4144e-05,1
19.378,4.7669e-05,1
19.379,5.6901e-05,1
19.379,8.9128e-05,1
19.38,0.00011313,1
19.38,9.1142e-05,1
19.381,4.0787e-05,1
19.381,1.8463e-06,1
19.382,-1.796e-05,1
19.382,-2.5681e-05,1
19.383,-1.7792e-05,1
19.383,6.8818e-06,1
19.384,3.8102e-05,1
19.384,6.2608e-05,1
19.385,8.4092e-05,1
19.385,0.00010726,1
19.386,0.00011867,1
19.387,0.00010507,1
19.387,6.7643e-05,1
19.388,1.8631e-05,1
19.388,-2.9038e-05,1
19.389,-7.1168e-05,1
19.389,-0.00010809,1
19.39,-0.00013529,1
19.39,-0.00014351,1
19.391,-0.00012773,1
19.391,-9.4835e-05,1
19.392,-5.8076e-05,1
19.392,-2.4338e-05,1
19.393,1.2253e-05,1
19.393,5.0858e-05,1
19.394,8.661e-05,1
19.394,0.00012068,1
19.395,0.00015409,1
19.395,0.00017641,1
19.396,0.00017087,1
19.396,0.00013881,1
19.397,9.0303e-05,1
19.397,2.7695e-05,1
19.398,-2.9038e-05,1
19.398,-6.0594e-05,1
19.399,-6.9154e-05,1
19.399,-7.0665e-05,1
19.4,-6.865e-05,1
19.401,-4.4816e-05,1
19.401,-9.9031e-06,1
19.402,7.8889e-06,1
19.402,2.8534e-06,1
19.403,-4.1962e-06,1
19.403,1.1917e-05,1
19.404,5.9586e-05,1
19.404,0.0001185,1
19.405,0.00015912,1
19.405,0.00016869,1
19.406,0.0001608,1
19.406,0.00015526,1
19.407,0.00015543,1
19.407,0.00015694,1
19.408,0.0001519,1
19.408,0.00013747,1
19.409,0.00011196,1
19.409,7.805e-05,1
19.41,4.0116e-05,1
19.41,8.896e-06,1
19.411,-8.896e-06,1
19.411,-1.6785e-05,1
19.412,-1.8631e-05,1
19.412,-9.5674e-06,1
19.413,1.4267e-05,1
19.414,4.0116e-05,1
19.414,5.2537e-05,1
19.415,5.1194e-05,1
19.415,3.3738e-05,1
19.416,-2.182e-06,1
19.416,-3.5416e-05,1
19.417,-5.8412e-05,1
19.417,-8.275e-05,1
19.418,-0.00011565,1
19.418,-0.00015106,1
19.419,-0.00015795,1
19.419,-0.00011598,1
19.42,-4.0452e-05,1
19.42,3.6927e-05,1
19.421,8.5603e-05,1
19.421,0.00010256,1
19.422,0.00010491,1
19.422,0.00010323,1
19.423,9.7353e-05,1
19.423,9.5842e-05,1
19.424,0.00010726,1
19.424,0.00012656,1
19.425,0.0001378,1
19.425,0.00012438,1
19.426,9.1142e-05,1
19.427,5.7404e-05,1
19.427,2.8031e-05,1
19.428,1.6785e-06,1
19.428,-2.0645e-05,1
19.429,-3.9445e-05,1
19.429,-6.0594e-05,1
19.43,-7.4022e-05,1
19.43,-7.2007e-05,1
19.431,-7.335e-05,1
19.431,-9.752e-05,1
19.432,-0.00013361,1
19.432,-0.00015929,1
19.433,-0.00016667,1
19.433,-0.0001556,1
19.434,-0.0001274,1
19.434,-8.6946e-05,1
19.435,-3.6927e-05,1
19.435,2.3667e-05,1
19.436,8.9799e-05,1
19.436,0.00014788,1
19.437,0.00018111,1
19.437,0.00018682,1
19.438,0.00016701,1
19.438,0.00012941,1
19.439,8.4932e-05,1
19.439,4.1627e-05,1
19.44,1.2924e-05,1
19.441,1.8463e-06,1
19.441,1.8463e-06,1
19.442,2.5177e-06,1
19.442,-2.5177e-06,1
19.443,-1.2589e-05,1
19.443,-3.3738e-05,1
19.444,-6.5965e-05,1
19.444,-9.1814e-05,1
19.445,-0.00010289,1
19.445,-9.8024e-05,1
19.446,-7.4357e-05,1
19.446,-3.7766e-05,1
19.447,-9.5674e-06,1
19.447,-4.0284e-06,1
19.448,-2.1317e-05,1
19.448,-4.5151e-05,1
19.449,-5.8915e-05,1
19.449,-5.3544e-05,1
19.45,-1.1749e-05,1
19.45,6.7643e-05,1
19.451,0.00014922,1
19.451,0.00020511,1
19.452,0.00022777,1
19.452,0.00021434,1
19.453,0.00017943,1
19.453,0.0001509,1
19.454,0.00013931,1
19.455,0.00013327,1
19.455,0.0001086,1
19.456,4.5319e-05,1
19.456,-4.7837e-05,1
19.457,-0.00012908,1
19.457,-0.00016231,1
19.458,-0.00014586,1
19.458,-9.9199e-05,1
19.459,-5.0523e-05,1
19.459,-2.1988e-05,1
19.46,-2.0478e-05,1
19.46,-3.4409e-05,1
19.461,-3.1052e-05,1
19.461,6.8818e-06,1
19.462,6.1936e-05,1
19.462,0.00010994,1
19.463,0.00013277,1
19.463,0.00013344,1
19.464,0.00012438,1
19.464,0.00012136,1
19.465,0.00013579,1
19.465,0.00015778,1
19.466,0.00017775,1
19.466,0.00019387,1
19.467,0.00019521,1
19.468,0.0001556,1
19.468,4.1962e-05,1
19.469,-0.00011531,1
19.469,-0.0002276,1
19.47,-0.00025933,1
19.47,-0.00023449,1
19.471,-0.00019437,1
19.471,-0.00016332,1
19.472,-0.00014418,1
19.472,-0.00013008,1
19.473,-0.00011363,1
19.473,-8.6275e-05,1
19.474,-3.1052e-05,1
19.474,3.9277e-05,1
19.475,6.5293e-05,1
19.475,3.1388e-05,1
19.476,-9.3996e-06,1
19.476,-1.3596e-05,1
19.477,1.1917e-05,1
19.477,5.2873e-05,1
19.478,0.0001086,1
19.478,0.00016265,1
19.479,0.00020897,1
19.479,0.00024456,1
19.48,0.0002459,1
19.48,0.0002083,1
19.481,0.00016147,1
19.482,0.00014452,1
19.482,0.00014687,1
19.483,0.0001321,1
19.483,9.8527e-05,1
19.484,7.9728e-05,1
19.484,9.3492e-05,1
19.485,0.00013562,1
19.485,0.0001697,1
19.486,0.0001561,1
19.486,0.00010961,1
19.487,7.0161e-05,1
19.487,3.4409e-05,1
19.488,-2.0478e-05,1
19.488,-8.661e-05,1
19.489,-0.00012589,1
19.489,-0.00013277,1
19.49,-0.00014469,1
19.49,-0.00019403,1
19.491,-0.00028014,1
19.491,-0.00036407,1
19.492,-0.00042063,1
19.492,-0.0004406,1
19.493,-0.0004354,1
19.493,-0.00044631,1
19.494,-0.00048122,1
19.495,-0.00048945,1
19.495,-0.00041711,1
19.496,-0.00024942,1
19.496,-1.8296e-05,1
19.497,0.00020562,1
19.497,0.00035299,1
19.498,0.00042483,1
19.498,0.0004772,1
19.499,0.00053695,1
19.499,0.00056985,1
19.5,0.00048022,1
19.5,0.00023818,1
19.501,-8.5603e-06,1
19.501,-0.00012773,1
19.502,-0.00013562,1
19.502,-0.00011296,1
19.503,-8.6107e-05,1
19.503,-2.6352e-05,1
19.504,7.5029e-05,1
19.504,0.00020293,1
19.505,0.00036373,1
19.505,0.00058999,1
19.506,0.00085553,1
19.506,0.0010593,1
19.507,0.0011137,1
19.508,0.00099988,1
19.508,0.0007716,1
19.509,0.00051244,1
19.509,0.00028652,1
19.51,0.00011481,1
19.51,-8.2246e-06,1
19.511,-9.2821e-05,1
19.511,-0.00015106,1
19.512,-0.00019773,1
19.512,-0.0002365,1
19.513,-0.00026117,1
19.513,-0.00027091,1
19.514,-0.00027292,1
19.514,-0.00026621,1
19.515,-0.0002454,1
19.515,-0.0002219,1
19.516,-0.00021501,1
19.516,-0.00023197,1
19.517,-0.00025765,1
19.517,-0.00027326,1
19.518,-0.00027594,1
19.518,-0.00027225,1
19.519,-0.00026537,1
19.519,-0.00025698,1
19.52,-0.00024439,1
19.52,-0.00022391,1
19.521,-0.00019353,1
19.522,-0.00016063,1
19.522,-0.00013462,1
19.523,-0.00012555,1
19.523,-0.00012589,1
19.524,-0.00012068,1
19.524,-0.00010423,1
19.525,-8.5939e-05,1
19.525,-7.5364e-05,1
19.526,-6.9154e-05,1
19.526,-6.4286e-05,1
19.527,-6.5293e-05,1
19.527,-7.1504e-05,1
19.528,-7.805e-05,1
19.528,-8.3589e-05,1
19.529,-9.0135e-05,1
19.529,-9.7856e-05,1
19.53,-0.00010021,1
19.53,-9.8024e-05,1
19.531,-9.6345e-05,1
19.531,-9.3156e-05,1
19.532,-7.8553e-05,1
19.532,-4.7501e-05,1
19.533,-5.8747e-06,1
19.533,3.743e-05,1
19.534,7.5029e-05,1
19.535,0.00010457,1
19.535,0.00012454,1
19.536,0.00013059,1
19.536,0.00012538,1
19.537,0.00012102,1
19.537,0.00012337,1
19.538,0.00012471,1
19.538,0.00011716,1
19.539,9.987e-05,1
19.539,7.7043e-05,1
19.54,5.7908e-05,1
19.54,4.3977e-05,1
19.541,3.0045e-05,1
19.541,1.2253e-05,1
19.542,1.1749e-06,1
19.542,1.2589e-05,1
19.543,3.4745e-05,1
19.543,4.2802e-05,1
19.544,3.3402e-05,1
19.544,2.5681e-05,1
19.545,2.9038e-05,1
19.545,3.7263e-05,1
19.546,3.9445e-05,1
19.546,4.1459e-05,1
19.547,4.918e-05,1
19.547,5.8076e-05,1
19.548,4.8173e-05,1
19.549,1.1078e-05,1
19.549,-1.0575e-05,1
19.55,2.182e-06,1
19.55,5.8747e-06,1
19.551,-4.4144e-05,1
19.551,-0.00013478,1
19.552,-0.00019924,1
19.552,-0.00019655,1
19.553,-0.00013378,1
19.553,-3.5752e-05,1
19.554,7.4357e-05,1
19.554,0.00017708,1
19.555,0.0002548,1
19.555,0.00030028,1
19.556,0.00033201,1
19.556,0.0003738,1
19.557,0.00042466,1
19.557,0.00044128,1
19.558,0.00038891,1
19.558,0.00028249,1
19.559,0.00016751,1
19.559,7.9393e-05,1
19.56,2.4506e-05,1
19.56,-1.0071e-05,1
19.561,-3.2731e-05,1
19.561,-3.6423e-05,1
19.562,-2.3331e-05,1
19.563,-8.3925e-06,1
19.563,-4.1962e-06,1
19.564,-8.5603e-06,1
19.564,-1.3931e-05,1
19.565,-1.8799e-05,1
19.565,-2.1485e-05,1
19.566,-2.0981e-05,1
19.566,-1.9135e-05,1
19.567,-1.7624e-05,1
19.567,-1.4939e-05,1
19.568,-1.1582e-05,1
19.568,-1.2757e-05,1
19.569,-1.6617e-05,1
19.569,-2.2492e-05,1
19.57,-2.9877e-05,1
19.57,-2.8199e-05,1
19.571,-1.6953e-05,1
19.571,-1.2589e-05,1
19.572,-4.213e-05,1
19.572,-0.00010356,1
19.573,-0.000166,1
19.573,-0.0002036,1
19.574,-0.0002036,1
19.574,-0.00016332,1
19.575,-9.5338e-05,1
19.576,-1.9303e-05,1
19.576,3.8437e-05,1
19.577,7.0665e-05,1
19.577,9.2485e-05,1
19.578,0.00011246,1
19.578,0.00011901,1
19.579,0.0001039,1
19.579,6.0761e-05,1
19.58,-4.8676e-06,1
19.58,-7.335e-05,1
19.581,-0.00014401,1
19.581,-0.0002088,1
19.582,-0.00024842,1
19.582,-0.00024724,1
19.583,-0.00021183,1
19.583,-0.00015291,1
19.584,-7.0832e-05,1
19.584,3.7766e-05,1
19.585,0.00016567,1
19.585,0.00029256,1
19.586,0.00038286,1
19.586,0.00040989,1
19.587,0.00037951,1
19.587,0.00032143,1
19.588,0.00025463,1
19.588,0.00018178,1
19.589,0.00011833,1
19.59,5.8412e-05,1
19.59,-5.7069e-06,1
19.591,-3.9277e-05,1
19.591,-1.9974e-05,1
19.592,4.0116e-05,1
19.592,0.00010457,1
19.593,0.00014301,1
19.593,0.00015425,1
19.594,0.00015979,1
19.594,0.00017339,1
19.595,0.00019437,1
19.595,0.00021183,1
19.596,0.00021132,1
19.596,0.00017037,1
19.597,8.7785e-05,1
19.597,6.0426e-06,1
19.598,-4.2298e-05,1
19.598,-6.4622e-05,1
19.599,-7.4693e-05,1
19.599,-8.2918e-05,1
19.6,-9.5171e-05,1
19.6,-0.00010994,1
19.601,-0.0001237,1
19.601,-0.00013143,1
19.602,-0.0001274,1
19.603,-0.0001133,1
19.603,-9.5674e-05,1
19.604,-7.8386e-05,1
19.604,-6.6133e-05,1
19.605,-6.3615e-05,1
19.605,-6.9154e-05,1
19.606,-7.335e-05,1
19.606,-7.0329e-05,1
19.607,-6.1769e-05,1
19.607,-5.5222e-05,1
19.608,-5.3544e-05,1
19.608,-5.1026e-05,1
19.609,-4.3473e-05,1
19.609,-3.2059e-05,1
19.61,-2.2492e-05,1
19.61,-1.4939e-05,1
19.611,-5.0355e-06,1
19.611,-3.5248e-06,1
19.612,-2.266e-05,1
19.612,-5.304e-05,1
19.613,-9.0806e-05,1
19.613,-0.00012152,1
19.614,-0.0001232,1
19.614,-0.00010172,1
19.615,-7.335e-05,1
19.616,-3.9445e-05,1
19.616,-4.5319e-06,1
19.617,2.7527e-05,1
19.617,6.6972e-05,1
19.618,0.00011968,1
19.618,0.00017473,1
19.619,0.00020444,1
19.619,0.00019051,1
19.62,0.00015106,1
19.62,0.00011263,1
19.621,7.9057e-05,1
19.621,4.9516e-05,1
19.622,2.4506e-05,1
19.622,6.2104e-06,1
19.623,-7.8889e-06,1
19.623,-1.9638e-05,1
19.624,-2.4674e-05,1
19.624,-2.3667e-05,1
19.625,-2.9709e-05,1
19.625,-4.3977e-05,1
19.626,-3.4073e-05,1
19.626,1.0407e-05,1
19.627,6.63e-05,1
19.627,0.00010306,1
19.628,0.00010423,1
19.628,7.5364e-05,1
19.629,3.8437e-05,1
19.63,7.8889e-06,1
19.63,-2.8534e-06,1
19.631,2.031e-05,1
19.631,7.4022e-05,1
19.632,0.00013243,1
19.632,0.00016349,1
19.633,0.00015828,1
19.633,0.0001279,1
19.634,9.601e-05,1
19.634,8.2246e-05,1
19.635,8.7114e-05,1
19.635,8.7785e-05,1
19.636,7.4357e-05,1
19.636,6.1601e-05,1
19.637,5.6062e-05,1
19.637,5.2201e-05,1
19.638,4.2466e-05,1
19.638,3.3066e-05,1
19.639,3.8102e-05,1
19.639,4.5151e-05,1
19.64,2.8534e-05,1
19.64,-1.2924e-05,1
19.641,-4.6326e-05,1
19.641,-5.0019e-05,1
19.642,-4.0787e-05,1
19.642,-4.5823e-05,1
19.643,-6.3279e-05,1
19.644,-6.9993e-05,1
19.644,-5.8244e-05,1
19.645,-3.6591e-05,1
19.645,-1.1414e-05,1
19.646,1.6114e-05,1
19.646,4.213e-05,1
19.647,5.8915e-05,1
19.647,5.9586e-05,1
19.648,4.1123e-05,1
19.648,1.2421e-05,1
19.649,-7.2175e-06,1
19.649,-4.8676e-06,1
19.65,1.0407e-05,1
19.65,1.4939e-05,1
19.651,-2.182e-06,1
19.651,-3.1052e-05,1
19.652,-4.9851e-05,1
19.652,-4.6494e-05,1
19.653,-3.1891e-05,1
19.653,-2.501e-05,1
19.654,-2.9038e-05,1
19.654,-2.9877e-05,1
19.655,-1.9303e-05,1
19.655,-8.2246e-06,1
19.656,-5.8747e-06,1
19.657,-1.8463e-06,1
19.657,5.2033e-06,1
19.658,1.1582e-05,1
19.658,1.1246e-05,1
19.659,4.0284e-06,1
19.659,-6.2104e-06,1
19.66,-2.182e-05,1
19.66,-3.978e-05,1
19.661,-4.6494e-05,1
19.661,-3.7766e-05,1
19.662,-1.561e-05,1
19.662,1.3596e-05,1
19.663,3.6088e-05,1
19.663,4.4144e-05,1
19.664,4.6998e-05,1
19.664,5.4551e-05,1
19.665,6.6972e-05,1
19.665,8.3589e-05,1
19.666,9.7353e-05,1
19.666,9.6513e-05,1
19.667,7.7043e-05,1
19.667,4.5319e-05,1
19.668,1.2253e-05,1
19.668,-1.4603e-05,1
19.669,-4.3977e-05,1
19.669,-9.9199e-05,1
19.67,-0.00016902,1
19.671,-0.00021971,1
19.671,-0.00024842,1
19.672,-0.00027611,1
19.672,-0.00028064,1
19.673,-0.00023818,1
19.673,-0.00016197,1
19.674,-7.4022e-05,1
19.674,1.4771e-05,1
19.675,0.00011179,1
19.675,0.00022274,1
19.676,0.00033452,1
19.676,0.0004359,1
19.677,0.00051916,1
19.677,0.00055911,1
19.678,0.00054148,1
19.678,0.00047568,1
19.679,0.00038756,1
19.679,0.00030129,1
19.68,0.00022441,1
19.68,0.00015694,1
19.681,0.00010407,1
19.681,6.5797e-05,1
19.682,3.7766e-05,1
19.682,1.1078e-05,1
19.683,-1.0239e-05,1
19.684,-1.7288e-05,1
19.684,-2.1149e-05,1
19.685,-3.7934e-05,1
19.685,-7.1e-05,1
19.686,-0.00010491,1
19.686,-0.00012538,1
19.687,-0.00013042,1
19.687,-0.00012538,1
19.688,-0.00010961,1
19.688,-8.2414e-05,1
19.689,-5.2201e-05,1
19.689,-3.7263e-05,1
19.69,-4.1291e-05,1
19.69,-6.4118e-05,1
19.691,-0.00010239,1
19.691,-0.00014066,1
19.692,-0.0001801,1
19.692,-0.00020981,1
19.693,-0.00021082,1
19.693,-0.00018161,1
19.694,-0.00014234,1
19.694,-0.00011582,1
19.695,-9.8527e-05,1
19.695,-6.9154e-05,1
19.696,-2.4002e-05,1
19.697,3.3738e-05,1
19.697,9.987e-05,1
19.698,0.00016063,1
19.698,0.00019084,1
19.699,0.00017171,1
19.699,0.00011901,1
19.7,6.3279e-05,1
19.7,1.8631e-05,1
19.701,-3.8605e-06,1
19.701,9.3996e-06,1
19.702,6.6468e-05,1
19.702,0.00014737,1
19.703,0.0002083,1
19.703,0.00022676,1
19.704,0.00021032,1
19.704,0.00017288,1
19.705,0.00012001,1
19.705,5.3544e-05,1
19.706,-1.4267e-05,1
19.706,-6.5293e-05,1
19.707,-9.9535e-05,1
19.707,-0.00012639,1
19.708,-0.00014066,1
19.708,-0.00013931,1
19.709,-0.00012857,1
19.709,-0.00010759,1
19.71,-6.7308e-05,1
19.711,-3.1891e-06,1
19.711,7.7379e-05,1
19.712,0.00015996,1
19.712,0.00022676,1
19.713,0.00025194,1
19.713,0.00022609,1
19.714,0.00016584,1
19.714,8.9128e-05,1
19.715,2.266e-05,1
19.715,-2.182e-06,1
19.716,1.4603e-05,1
19.716,4.2298e-05,1
19.717,4.3305e-05,1
19.717,4.0284e-06,1
19.718,-4.9851e-05,1
19.718,-8.2078e-05,1
19.719,-7.8553e-05,1
19.719,-4.7501e-05,1
19.72,-1.326e-05,1
19.72,5.2033e-06,1
19.721,8.2246e-06,1
19.721,3.357e-07,1
19.722,-4.8676e-06,1
19.722,5.7069e-06,1
19.723,1.561e-05,1
19.724,2.5177e-06,1
19.724,-4.1123e-05,1
19.725,-9.5842e-05,1
19.725,-0.00013025,1
19.726,-0.00012605,1
19.726,-9.1814e-05,1
19.727,-7.8386e-05,1
19.727,-0.00012824,1
19.728,-0.00018447,1
19.728,-0.00017087,1
19.729,-9.0135e-05,1
19.729,4.5319e-06,1
19.73,6.5797e-05,1
19.73,7.8721e-05,1
19.731,5.8915e-05,1
19.731,3.9445e-05,1
19.732,4.5487e-05,1
19.732,8.3757e-05,1
19.733,0.00013646,1
19.733,0.00017406,1
19.734,0.00017641,1
19.734,0.00014653,1
19.735,0.00010558,1
19.735,7.6036e-05,1
19.736,6.5461e-05,1
19.736,7.0161e-05,1
19.737,8.0903e-05,1
19.738,8.3085e-05,1
19.738,7.5364e-05,1
19.739,6.9657e-05,1
19.739,6.8315e-05,1
19.74,6.5293e-05,1
19.74,5.8915e-05,1
19.741,4.4816e-05,1
19.741,2.2828e-05,1
19.742,-2.5177e-06,1
19.742,-3.2395e-05,1
19.743,-7.3854e-05,1
19.743,-0.00012387,1
19.744,-0.00015979,1
19.744,-0.00016818,1
19.745,-0.0001519,1
19.745,-0.00012169,1
19.746,-8.4764e-05,1
19.746,-4.213e-05,1
19.747,5.2033e-06,1
19.747,5.8747e-05,1
19.748,0.00012136,1
19.748,0.00018682,1
19.749,0.00023247,1
19.749,0.00024338,1
19.75,0.00022744,1
19.75,0.00020125,1
19.751,0.00017272,1
19.752,0.00013915,1
19.752,9.8192e-05,1
19.753,6.0594e-05,1
19.753,3.4073e-05,1
19.754,1.2421e-05,1
19.754,-7.5532e-06,1
19.755,-2.1653e-05,1
19.755,-2.7695e-05,1
19.756,-3.0381e-05,1
19.756,-3.8102e-05,1
19.757,-5.0858e-05,1
19.757,-6.0426e-05,1
19.758,-6.3447e-05,1
19.758,-6.1433e-05,1
19.759,-5.4551e-05,1
19.759,-4.5151e-05,1
19.76,-3.0549e-05,1
19.76,-5.8747e-06,1
19.761,3.3906e-05,1
19.761,7.2343e-05,1
19.762,8.7114e-05,1
19.762,8.1575e-05,1
19.763,6.8315e-05,1
19.763,5.6062e-05,1
19.764,4.5655e-05,1
19.765,3.4577e-05,1
19.765,1.8631e-05,1
19.766,2.6856e-06,1
19.766,-1.0239e-05,1
19.767,-2.6184e-05,1
19.767,-4.5823e-05,1
19.768,-5.6062e-05,1
19.768,-4.9516e-05,1
19.769,-3.5416e-05,1
19.769,-2.501e-05,1
19.77,-2.0645e-05,1
19.77,-1.4939e-05,1
19.771,7.3854e-06,1
19.771,4.8844e-05,1
19.772,8.51e-05,1
19.772,9.1142e-05,1
19.773,6.8315e-05,1
19.773,2.7024e-05,1
19.774,-1.4939e-05,1
19.774,-4.4144e-05,1
19.775,-5.3544e-05,1
19.775,-4.6159e-05,1
19.776,-3.1891e-05,1
19.776,-1.8296e-05,1
19.777,-8.5603e-06,1
19.777,3.357e-06,1
19.778,2.2995e-05,1
19.779,4.2802e-05,1
19.779,5.2537e-05,1
19.78,5.1865e-05,1
19.78,4.8173e-05,1
19.781,4.8676e-05,1
19.781,5.9922e-05,1
19.782,6.1433e-05,1
19.782,3.4073e-05,1
19.783,-2.6017e-05,1
19.783,-0.00012605,1
19.784,-0.00024237,1
19.784,-0.00030985,1
19.785,-0.00029844,1
19.785,-0.00023835,1
19.786,-0.00016483,1
19.786,-8.896e-05,1
19.787,-2.1653e-05,1
19.787,3.4409e-05,1
19.788,9.0303e-05,1
19.788,0.00016432,1
19.789,0.00025463,1
19.789,0.00034493,1
19.79,0.000402,1
19.79,0.00039428,1
19.791,0.00033184,1
19.792,0.00025396,1
19.792,0.00018849,1
19.793,0.00013361,1
19.793,7.2679e-05,1
19.794,1.1246e-05,1
19.794,-2.9709e-05,1
19.795,-5.1362e-05,1
19.795,-6.8986e-05,1
19.796,-7.4022e-05,1
19.796,-5.6901e-05,1
19.797,-2.8031e-05,1
19.797,-8.7282e-06,1
19.798,-3.8605e-06,1
19.798,4.8676e-06,1
19.799,2.8702e-05,1
19.799,5.5558e-05,1
19.8,6.6133e-05,1
19.8,5.4887e-05,1
19.801,3.9612e-05,1
19.801,3.0884e-05,1
19.802,2.417e-05,1
19.802,2.5177e-06,1
19.803,-2.0981e-05,1
19.803,-6.2104e-06,1
19.804,4.6159e-05,1
19.805,9.0303e-05,1
19.805,8.8457e-05,1
19.806,4.0116e-05,1
19.806,-7.5532e-06,1
19.807,-2.031e-05,1
19.807,-6.8818e-06,1
19.808,2.1317e-05,1
19.808,5.8747e-05,1
19.809,9.7856e-05,1
19.809,0.00012505,1
19.81,0.00011464,1
19.81,6.4958e-05,1
19.811,1.4603e-05,1
19.811,-4.1962e-06,1
19.812,8.3925e-07,1
19.812,1.0407e-05,1
19.813,1.9974e-05,1
19.813,1.1917e-05,1
19.814,-2.7024e-05,1
19.814,-7.7546e-05,1
19.815,-0.00012656,1
19.815,-0.00016953,1
19.816,-0.00017775,1
19.816,-0.00013277,1
19.817,-5.2537e-05,1
19.817,2.8702e-05,1
19.818,8.2414e-05,1
19.819,0.00010558,1
19.819,0.00012303,1
19.82,0.00015291,1
19.82,0.00018245,1
19.821,0.00018631,1
19.821,0.00016097,1
19.822,0.00012589,1
19.822,9.1478e-05,1
19.823,6.1433e-05,1
19.823,3.1724e-05,1
19.824,-8.0568e-06,1
19.824,-4.9348e-05,1
19.825,-7.4189e-05,1
19.825,-7.9728e-05,1
19.826,-8.0064e-05,1
19.826,-7.805e-05,1
19.827,-6.479e-05,1
19.827,-4.4984e-05,1
19.828,-3.0045e-05,1
19.828,-2.2995e-05,1
19.829,-1.4435e-05,1
19.829,1.1749e-06,1
19.83,2.0981e-05,1
19.83,3.4745e-05,1
19.831,3.827e-05,1
19.831,3.9445e-05,1
19.832,4.1123e-05,1
19.833,3.508e-05,1
19.833,1.9974e-05,1
19.834,5.2033e-06,1
19.834,-2.182e-06,1
19.835,-5.2033e-06,1
19.835,-1.0071e-05,1
19.836,-1.5442e-05,1
19.836,-1.9303e-05,1
19.837,-2.2995e-05,1
19.837,-2.5681e-05,1
19.838,-2.9206e-05,1
19.838,-3.3402e-05,1
19.839,-3.7263e-05,1
19.839,-3.9948e-05,1
19.84,-3.8773e-05,1
19.84,-3.3402e-05,1
19.841,-2.5513e-05,1
19.841,-1.5778e-05,1
19.842,-5.2033e-06,1
19.842,1.5106e-06,1
19.843,7.5532e-06,1
19.843,1.8967e-05,1
19.844,3.4577e-05,1
19.844,4.8173e-05,1
19.845,5.5558e-05,1
19.846,5.304e-05,1
19.846,4.2466e-05,1
19.847,3.357e-05,1
19.847,3.3906e-05,1
19.848,4.3809e-05,1
19.848,5.7572e-05,1
19.849,7.335e-05,1
19.849,8.6778e-05,1
19.85,8.8457e-05,1
19.85,7.2343e-05,1
19.851,4.8173e-05,1
19.851,3.7766e-05,1
19.852,4.0116e-05,1
19.852,3.3738e-05,1
19.853,1.2421e-05,1
19.853,-1.6281e-05,1
19.854,-4.2466e-05,1
19.854,-6.009e-05,1
19.855,-6.4118e-05,1
19.855,-5.388e-05,1
19.856,-2.5681e-05,1
19.856,1.2924e-05,1
19.857,4.3473e-05,1
19.857,5.6733e-05,1
19.858,6.0258e-05,1
19.858,6.7811e-05,1
19.859,8.1071e-05,1
19.86,9.2485e-05,1
19.86,9.6178e-05,1
19.861,9.1478e-05,1
19.861,8.4596e-05,1
19.862,8.1407e-05,1
19.862,7.1672e-05,1
19.863,4.4312e-05,1
19.863,-1.8463e-06,1
19.864,-5.7908e-05,1
19.864,-9.987e-05,1
19.865,-0.00010994,1
19.865,-9.2653e-05,1
19.866,-6.5797e-05,1
19.866,-3.7263e-05,1
19.867,-1.6785e-06,1
19.867,3.4745e-05,1
19.868,5.4887e-05,1
19.868,5.2369e-05,1
19.869,3.743e-05,1
19.869,1.5946e-05,1
19.87,-1.6281e-05,1
19.87,-7.1672e-05,1
19.871,-0.00012102,1
19.871,-0.00011565,1
19.872,-6.479e-05,1
19.873,-5.2033e-06,1
19.873,3.8941e-05,1
19.874,6.2104e-05,1
19.874,7.335e-05,1
19.875,8.4428e-05,1
19.875,0.00011464,1
19.876,0.00017473,1
19.876,0.00024321,1
19.877,0.00028148,1
19.877,0.00026839,1
19.878,0.00020226,1
19.878,9.5842e-05,1
19.879,-9.7353e-06,1
19.879,-6.8482e-05,1
19.88,-7.8889e-05,1
19.88,-7.2007e-05,1
19.881,-6.7643e-05,1
19.881,-6.4622e-05,1
19.882,-5.7908e-05,1
19.882,-4.918e-05,1
19.883,-2.8031e-05,1
19.883,1.5274e-05,1
19.884,7.0497e-05,1
19.884,0.00011783,1
19.885,0.00014284,1
19.886,0.00014318,1
19.886,0.00012723,1
19.887,0.00011028,1
19.887,0.00010558,1
19.888,0.00011531,1
19.888,0.00012337,1
19.889,0.00011531,1
19.889,9.3156e-05,1
19.89,6.5293e-05,1
19.89,4.448e-05,1
19.891,3.0549e-05,1
19.891,1.1749e-05,1
19.892,-3.2395e-05,1
19.892,-0.00011464,1
19.893,-0.00020696,1
19.893,-0.00025043,1
19.894,-0.00024154,1
19.894,-0.00021065,1
19.895,-0.00017356,1
19.895,-0.0001321,1
19.896,-9.0806e-05,1
19.896,-5.6565e-05,1
19.897,-3.2563e-05,1
19.897,-1.2757e-05,1
19.898,1.326e-05,1
19.898,4.8005e-05,1
19.899,7.9561e-05,1
19.9,8.6442e-05,1
19.9,6.8818e-05,1
19.901,4.1123e-05,1
19.901,2.0981e-05,1
19.902,4.8676e-06,1
19.902,-9.7353e-06,1
19.903,-1.091e-05,1
19.903,-6.8818e-06,1
19.904,-1.7288e-05,1
19.904,-4.1459e-05,1
19.905,-5.4719e-05,1
19.905,-3.4745e-05,1
19.906,1.5106e-05,1
19.906,8.04e-05,1
19.907,0.00015828,1
19.907,0.00021854,1
19.908,0.00022525,1
19.908,0.00018782,1
19.909,0.00013948,1
19.909,9.6849e-05,1
19.91,6.8315e-05,1
19.91,6.1601e-05,1
19.911,6.63e-05,1
19.911,6.5293e-05,1
19.912,5.3544e-05,1
19.913,3.4577e-05,1
19.913,1.0407e-05,1
19.914,-1.091e-05,1
19.914,-1.8967e-05,1
19.915,-1.9303e-05,1
19.915,-3.1724e-05,1
19.916,-6.4622e-05,1
19.916,-9.2988e-05,1
19.917,-8.7449e-05,1
19.917,-4.9348e-05,1
19.918,-7.5532e-06,1
19.918,1.7288e-05,1
19.919,2.5345e-05,1
19.919,3.1388e-05,1
19.92,4.4816e-05,1
19.92,6.8147e-05,1
19.921,9.7017e-05,1
19.921,0.000118,1
19.922,0.00012404,1
19.922,0.00011531,1
19.923,8.9967e-05,1
19.923,4.918e-05,1
19.924,9.9031e-06,1
19.924,-1.1917e-05,1
19.925,-1.9806e-05,1
19.925,-2.6688e-05,1
19.926,-3.5248e-05,1
19.927,-3.6255e-05,1
19.927,-2.8031e-05,1
19.928,-2.2324e-05,1
19.928,-2.5345e-05,1
19.929,-3.1556e-05,1
19.929,-3.6591e-05,1
19.93,-4.5319e-05,1
19.93,-5.8915e-05,1
19.931,-6.479e-05,1
19.931,-6.63e-05,1
19.932,-7.2343e-05,1
19.932,-7.7379e-05,1
19.933,-8.1575e-05,1
19.933,-9.0806e-05,1
19.934,-8.6275e-05,1
19.934,-5.9251e-05,1
19.935,-1.9638e-05,1
19.935,3.1388e-05,1
19.936,8.9799e-05,1
19.936,0.00013982,1
19.937,0.00017221,1
19.937,0.00019084,1
19.938,0.00019857,1
19.938,0.00019219,1
19.939,0.0001744,1
19.939,0.00015627,1
19.94,0.00014015,1
19.941,0.00011833,1
19.941,8.4092e-05,1
19.942,4.3977e-05,1
19.942,2.0645e-05,1
19.943,1.6617e-05,1
19.943,1.5946e-05,1
19.944,4.1962e-06,1
19.944,-2.2995e-05,1
19.945,-5.623e-05,1
19.945,-7.7546e-05,1
19.946,-6.5965e-05,1
19.946,-1.5946e-05,1
19.947,4.5151e-05,1
19.947,9.4499e-05,1
19.948,0.00011968,1
19.948,0.00011028,1
19.949,6.7475e-05,1
19.949,1.5946e-05,1
19.95,-3.0381e-05,1
19.95,-6.2104e-05,1
19.951,-7.3014e-05,1
19.951,-6.4622e-05,1
19.952,-5.3544e-05,1
19.952,-5.4215e-05,1
19.953,-6.4286e-05,1
19.954,-9.9199e-05,1
19.954,-0.00016902,1
19.955,-0.0002318,1
19.955,-0.00024523,1
19.956,-0.00020964,1
19.956,-0.00015308,1
19.957,-9.2149e-05,1
19.957,-3.5584e-05,1
19.958,6.714e-06,1
19.958,3.508e-05,1
19.959,6.3447e-05,1
19.959,0.00010491,1
19.96,0.00016416,1
19.96,0.00022744,1
19.961,0.00026302,1
19.961,0.00025463,1
19.962,0.00020763,1
19.962,0.00014267,1
19.963,8.5771e-05,1
19.963,5.9251e-05,1
19.964,5.4551e-05,1
19.964,4.8508e-05,1
19.965,3.9277e-05,1
19.965,3.5416e-05,1
19.966,2.652e-05,1
19.966,8.896e-06,1
19.967,8.896e-06,1
19.968,4.1291e-05,1
19.968,8.4092e-05,1
19.969,0.0001133,1
19.969,0.00011901,1
19.97,9.3828e-05,1
19.97,5.5726e-05,1
19.971,3.978e-05,1
19.971,4.6326e-05,1
19.972,5.0858e-05,1
19.972,2.9374e-05,1
19.973,-2.7527e-05,1
19.973,-8.4596e-05,1
19.974,-9.2821e-05,1
19.974,-4.5487e-05,1
19.975,1.8296e-05,1
19.975,5.2201e-05,1
19.976,3.5248e-05,1
19.976,-1.7624e-05,1
19.977,-6.6804e-05,1
19.977,-7.6707e-05,1
19.978,-4.8173e-05,1
19.978,-7.2175e-06,1
19.979,1.9638e-05,1
19.979,1.9135e-05,1
19.98,9.5674e-06,1
19.981,1.5442e-05,1
19.981,4.5151e-05,1
19.982,9.2149e-05,1
19.982,0.00013327,1
19.983,0.00014452,1
19.983,0.00012908,1
19.984,0.00010188,1
19.984,6.9993e-05,1
19.985,4.1794e-05,1
19.985,2.266e-05,1
19.986,1.091e-05,1
19.986,1.5106e-06,1
19.987,-6.3783e-06,1
19.987,-1.5274e-05,1
19.988,-2.5681e-05,1
19.988,-2.6017e-05,1
19.989,-7.5532e-06,1
19.989,1.561e-05,1
19.99,2.1653e-05,1
19.99,5.0355e-06,1
19.991,-2.1653e-05,1
19.991,-4.2466e-05,1
19.992,-4.683e-05,1
19.992,-3.8102e-05,1
19.993,-2.9709e-05,1
19.994,-3.1724e-05,1
19.994,-3.1388e-05,1
19.995,-2.9206e-05,1
19.995,-3.6423e-05,1
19.996,-6.0258e-05,1
19.996,-8.51e-05,1
19.997,-9.0974e-05,1
19.997,-7.7211e-05,1
19.998,-5.6565e-05,1
19.998,-4.0116e-05,1
19.999,-3.3066e-05,1
19.999,-3.2731e-05,1
20,-2.6017e-05,1
20,2.182e-06,1
20.001,4.5319e-05,1
20.001,7.1e-05,1
20.002,5.3376e-05,1
20.002,4.5319e-06,1
20.003,-4.9683e-05,1
20.003,-8.6442e-05,1
20.004,-8.6275e-05,1
20.004,-4.5823e-05,1
20.005,1.4267e-05,1
20.005,7.0665e-05,1
20.006,0.00010776,1
20.006,0.00012924,1
20.007,0.00015258,1
20.008,0.00019387,1
20.008,0.00024741,1
20.009,0.00028853,1
20.009,0.00028518,1
20.01,0.00023583,1
20.01,0.00016332,1
20.011,9.7017e-05,1
20.011,5.7069e-05,1
20.012,4.3305e-05,1
20.012,3.743e-05,1
20.013,3.7934e-05,1
20.013,4.3641e-05,1
20.014,3.7095e-05,1
20.014,1.5274e-05,1
20.015,0,1
20.015,6.5461e-06,1
20.016,3.0045e-05,1
20.016,5.5055e-05,1
20.017,6.7811e-05,1
20.017,5.7404e-05,1
20.018,2.7695e-05,1
20.018,-1.8463e-06,1
20.019,-1.8296e-05,1
20.019,-3.2898e-05,1
20.02,-5.2705e-05,1
20.02,-7.0497e-05,1
20.021,-8.2246e-05,1
20.022,-8.661e-05,1
20.022,-8.8457e-05,1
20.023,-9.3156e-05,1
20.023,-9.836e-05,1
20.024,-9.836e-05,1
20.024,-9.2317e-05,1
20.025,-8.6442e-05,1
20.025,-8.8457e-05,1
20.026,-9.5003e-05,1
20.026,-0.00011095,1
20.027,-0.00013562,1
20.027,-0.00013445,1
20.028,-9.2149e-05,1
20.028,-1.8631e-05,1
20.029,7.4022e-05,1
20.029,0.00014989,1
20.03,0.00017842,1
20.03,0.000165,1
20.031,0.00013109,1
20.031,0.00010809,1
20.032,0.00012522,1
20.032,0.00016265,1
20.033,0.00017372,1
20.033,0.0001415,1
20.034,8.426e-05,1
20.035,2.0142e-05,1
20.035,-4.1627e-05,1
20.036,-8.8792e-05,1
20.036,-0.00011229,1
20.037,-0.00011296,1
20.037,-0.00010323,1
20.038,-0.00011028,1
20.038,-0.00016013,1
20.039,-0.00021518,1
20.039,-0.0002177,1
20.04,-0.00016584,1
20.04,-8.0735e-05,1
20.041,3.4073e-05,1
20.041,0.00016869,1
20.042,0.00028182,1
20.042,0.00033016,1
20.043,0.00032277,1
20.043,0.00030599,1
20.044,0.00030112,1
20.044,0.00028988,1
20.045,0.00023986,1
20.045,0.0001608,1
20.046,8.9799e-05,1
20.046,4.2802e-05,1
20.047,1.5274e-05,1
20.047,-9.9031e-06,1
20.048,-4.5823e-05,1
20.049,-8.1743e-05,1
20.049,-9.9199e-05,1
20.05,-0.00011263,1
20.05,-0.00013243,1
20.051,-0.00012824,1
20.051,-8.6107e-05,1
20.052,-3.1052e-05,1
20.052,1.3596e-05,1
20.053,3.9109e-05,1
20.053,3.7598e-05,1
20.054,1.796e-05,1
20.054,-1.1749e-06,1
20.055,-1.4267e-05,1
20.055,-1.3092e-05,1
20.056,9.5674e-06,1
20.056,4.2802e-05,1
20.057,7.1e-05,1
20.057,7.57e-05,1
20.058,6.7308e-05,1
20.058,8.3085e-05,1
20.059,0.0001237,1
20.059,0.00015358,1
20.06,0.00015123,1
20.06,0.00011867,1
20.061,7.1672e-05,1
20.062,4.2802e-05,1
20.062,3.6927e-05,1
20.063,3.1388e-05,1
20.063,1.6953e-05,1
20.064,-4.8676e-06,1
20.064,-2.5513e-05,1
20.065,-4.4312e-05,1
20.065,-7.6707e-05,1
20.066,-0.00011061,1
20.066,-0.00012035,1
20.067,-0.00010574,1
20.067,-8.2078e-05,1
20.068,-5.7404e-05,1
20.068,-4.062e-05,1
20.069,-3.3906e-05,1
20.069,-2.5345e-05,1
20.07,-1.091e-05,1
20.07,4.0284e-06,1
20.071,1.3931e-05,1
20.071,2.417e-05,1
20.072,3.743e-05,1
20.072,4.2298e-05,1
20.073,3.0549e-05,1
20.073,1.5946e-05,1
20.074,9.2317e-06,1
20.075,5.0355e-07,1
20.075,-1.8799e-05,1
20.076,-3.7598e-05,1
20.076,-4.213e-05,1
20.077,-2.9541e-05,1
20.077,1.0071e-06,1
20.078,4.1459e-05,1
20.078,7.0497e-05,1
20.079,6.7643e-05,1
20.079,3.0716e-05,1
20.08,-2.0142e-05,1
20.08,-5.1362e-05,1
20.081,-5.304e-05,1
20.081,-4.1459e-05,1
20.082,-3.5416e-05,1
20.082,-3.6759e-05,1
20.083,-3.7766e-05,1
20.083,-3.1724e-05,1
20.084,-1.4939e-05,1
20.084,1.1582e-05,1
20.085,4.3809e-05,1
20.085,8.0735e-05,1
20.086,0.00012068,1
20.086,0.00015023,1
20.087,0.00015795,1
20.087,0.00014418,1
20.088,0.00010457,1
20.089,3.0045e-05,1
20.089,-3.6088e-05,1
20.09,-4.5151e-05,1
20.09,-1.1078e-05,1
20.091,2.0981e-05,1
20.091,2.6352e-05,1
20.092,1.2589e-05,1
20.092,-8.3925e-06,1
20.093,-1.8463e-05,1
20.093,2.182e-06,1
20.094,4.1123e-05,1
20.094,6.4286e-05,1
20.095,5.8915e-05,1
20.095,3.0716e-05,1
20.096,-7.7211e-06,1
20.096,-3.6423e-05,1
20.097,-4.2466e-05,1
20.097,-2.8367e-05,1
20.098,-5.0355e-06,1
20.098,1.9303e-05,1
20.099,3.6759e-05,1
20.099,4.3305e-05,1
20.1,4.8005e-05,1
20.1,6.0258e-05,1
20.101,7.9728e-05,1
20.102,9.5171e-05,1
20.102,0.00010323,1
20.103,9.987e-05,1
20.103,8.8792e-05,1
20.104,7.6204e-05,1
20.104,7.1e-05,1
20.105,8.9128e-05,1
20.105,0.00010457,1
20.106,8.7785e-05,1
20.106,4.448e-05,1
20.107,-1.1917e-05,1
20.107,-9.3156e-05,1
20.108,-0.00019705,1
20.108,-0.00026554,1
20.109,-0.00024858,1
20.109,-0.00016265,1
20.11,-6.5629e-05,1
20.11,7.8889e-06,1
20.111,5.0187e-05,1
20.111,6.2608e-05,1
20.112,6.8818e-05,1
20.112,9.3156e-05,1
20.113,0.00013445,1
20.113,0.0001613,1
20.114,0.00014553,1
20.114,9.3492e-05,1
20.115,4.7501e-05,1
20.116,3.0716e-05,1
20.116,2.9374e-05,1
20.117,3.4745e-05,1
20.117,3.7095e-05,1
20.118,2.7359e-05,1
20.118,1.3092e-05,1
20.119,1.4939e-05,1
20.119,5.2201e-05,1
20.12,0.0001284,1
20.12,0.00021233,1
20.121,0.00026067,1
20.121,0.00025765,1
20.122,0.00022324,1
20.122,0.00018363,1
20.123,0.00015123,1
20.123,0.00012001,1
20.124,6.7643e-05,1
20.124,-6.3783e-06,1
20.125,-7.6875e-05,1
20.125,-0.0001237,1
20.126,-0.00014301,1
20.126,-0.00014301,1
20.127,-0.0001368,1
20.127,-0.00013008,1
20.128,-0.00011917,1
20.128,-0.00010071,1
20.129,-7.1336e-05,1
20.13,-3.2395e-05,1
20.13,7.7211e-06,1
20.131,4.1627e-05,1
20.131,5.9586e-05,1
20.132,5.4887e-05,1
20.132,3.8437e-05,1
20.133,2.652e-05,1
20.133,2.9038e-05,1
20.134,3.8773e-05,1
20.134,4.6662e-05,1
20.135,4.8844e-05,1
20.135,4.8173e-05,1
20.136,6.2608e-05,1
20.136,8.5771e-05,1
20.137,8.9128e-05,1
20.137,5.9419e-05,1
20.138,1.6617e-05,1
20.138,-1.6953e-05,1
20.139,-3.743e-05,1
20.139,-4.7837e-05,1
20.14,-5.0858e-05,1
20.14,-4.9851e-05,1
20.141,-4.6998e-05,1
20.141,-4.1123e-05,1
20.142,-3.7598e-05,1
20.143,-4.8005e-05,1
20.143,-6.1936e-05,1
20.144,-6.3279e-05,1
20.144,-5.2537e-05,1
20.145,-3.6591e-05,1
20.145,-1.6281e-05,1
20.146,1.5106e-06,1
20.146,9.2317e-06,1
20.147,-1.3428e-06,1
20.147,-2.8367e-05,1
20.148,-5.7069e-05,1
20.148,-7.6707e-05,1
20.149,-8.275e-05,1
20.149,-8.0735e-05,1
20.15,-7.2007e-05,1
20.15,-4.3137e-05,1
20.151,4.5319e-06,1
20.151,5.2537e-05,1
20.152,8.1071e-05,1
20.152,8.2582e-05,1
20.153,6.5629e-05,1
20.153,4.6662e-05,1
20.154,3.1724e-05,1
20.154,1.6953e-05,1
20.155,3.1891e-06,1
20.155,-3.8605e-06,1
20.156,-6.5461e-06,1
20.157,-2.5345e-05,1
20.157,-6.0761e-05,1
20.158,-7.8218e-05,1
20.158,-6.2943e-05,1
20.159,-2.8534e-05,1
20.159,1.1917e-05,1
20.16,5.8915e-05,1
20.16,0.00010994,1
20.161,0.00015425,1
20.161,0.00018212,1
20.162,0.00019101,1
20.162,0.00019051,1
20.163,0.00019051,1
20.163,0.0001895,1
20.164,0.0001791,1
20.164,0.00015761,1
20.165,0.00012773,1
20.165,9.4163e-05,1
20.166,6.6133e-05,1
20.166,4.8005e-05,1
20.167,3.6759e-05,1
20.167,2.7695e-05,1
20.168,1.9135e-05,1
20.168,1.2085e-05,1
20.169,1.0239e-05,1
20.17,1.1246e-05,1
20.17,1.091e-05,1
20.171,9.2317e-06,1
20.171,8.896e-06,1
20.172,5.2033e-06,1
20.172,1.6785e-07,1
20.173,-4.1962e-06,1
20.173,-7.3854e-06,1
20.174,-9.5674e-06,1
20.174,-9.3996e-06,1
20.175,-9.5674e-06,1
20.175,-1.091e-05,1
20.176,-1.091e-05,1
20.176,-8.5603e-06,1
20.177,-5.8747e-06,1
20.177,-5.539e-06,1
20.178,-6.8818e-06,1
20.178,-6.2104e-06,1
20.179,-4.8676e-06,1
20.179,-4.8676e-06,1
20.18,-3.8605e-06,1
20.18,-2.5177e-06,1
20.181,0,1
20.181,1.6785e-07,1
20.182,-5.0355e-07,1
20.183,5.0355e-07,1
20.183,2.3499e-06,1
20.184,2.182e-06,1
20.184,-8.3925e-07,1
20.185,-1.5106e-06,1
20.185,3.357e-07,1
20.186,2.6856e-06,1
20.186,4.8676e-06,1
20.187,3.8605e-06,1
20.187,5.0355e-07,1
20.188,-6.8818e-06,1
20.188,-1.7792e-05,1
20.189,-2.6352e-05,1
20.189,-2.4674e-05,1
20.19,-8.896e-06,1
20.19,1.8296e-05,1
20.191,4.0452e-05,1
20.191,4.2802e-05,1
20.192,2.6688e-05,1
20.192,7.8889e-06,1
20.193,5.0355e-07,1
20.193,-1.1749e-06,1
20.194,-3.8605e-06,1
20.194,-5.8747e-06,1
20.195,-5.539e-06,1
20.195,-5.7069e-06,1
20.196,-6.714e-06,1
20.197,-7.5532e-06,1
20.197,-7.5532e-06,1
20.198,-4.1962e-06,1
20.198,6.3783e-06,1
20.199,2.4674e-05,1
20.199,4.8173e-05,1
20.2,7.335e-05,1
20.2,9.1814e-05,1
20.201,9.3492e-05,1
20.201,8.6946e-05,1
20.202,8.3925e-05,1
20.202,7.9728e-05,1
20.203,7.4693e-05,1
20.203,6.8986e-05,1
20.204,4.8844e-05,1
20.204,1.2589e-05,1
20.205,-2.6352e-05,1
20.205,-4.683e-05,1
20.206,-3.9277e-05,1
20.206,-3.0213e-06,1
20.207,5.0187e-05,1
20.207,9.9535e-05,1
20.208,0.00013176,1
20.208,0.00014871,1
20.209,0.00015895,1
20.209,0.00015996,1
20.21,0.0001791,1
20.211,0.00023919,1
20.211,0.0002845,1
20.212,0.00025429,1
20.212,0.00014771,1
20.213,2.8031e-05,1
20.213,-4.2466e-05,1
20.214,-5.9922e-05,1
20.214,-5.4719e-05,1
20.215,-5.2201e-05,1
20.215,-5.6565e-05,1
20.216,-6.3951e-05,1
20.216,-7.5364e-05,1
20.217,-0.00010457,1
20.217,-0.00017104,1
20.218,-0.00024456,1
20.218,-0.00027091,1
20.219,-0.00024388,1
20.219,-0.00019538,1
20.22,-0.00014385,1
20.22,-8.6778e-05,1
20.221,-2.652e-05,1
20.221,2.9374e-05,1
20.222,8.2414e-05,1
20.222,0.0001274,1
20.223,0.00014905,1
20.224,0.00014569,1
20.224,0.00013361,1
20.225,0.00012169,1
20.225,0.00010188,1
20.226,7.7714e-05,1
20.226,5.8747e-05,1
20.227,4.8173e-05,1
20.227,3.9445e-05,1
20.228,2.7695e-05,1
20.228,1.8967e-05,1
20.229,1.9135e-05,1
20.229,2.7359e-05,1
20.23,4.0116e-05,1
20.23,4.8508e-05,1
20.231,4.5823e-05,1
20.231,3.2059e-05,1
20.232,1.1917e-05,1
20.232,-9.9031e-06,1
20.233,-2.266e-05,1
20.233,-2.887e-05,1
20.234,-3.8437e-05,1
20.234,-4.5487e-05,1
20.235,-3.8437e-05,1
20.235,-2.2995e-05,1
20.236,-1.6281e-05,1
20.236,-2.4002e-05,1
20.237,-3.508e-05,1
20.238,-3.7934e-05,1
20.238,-3.3906e-05,1
20.239,-2.1653e-05,1
20.239,7.7211e-06,1
20.24,4.062e-05,1
20.24,5.8747e-05,1
20.241,5.1865e-05,1
20.241,2.3163e-05,1
20.242,-3.5248e-06,1
20.242,-1.4267e-05,1
20.243,-1.1246e-05,1
20.243,-5.0355e-07,1
20.244,1.0071e-05,1
20.244,1.7288e-05,1
20.245,1.7288e-05,1
20.245,1.5778e-05,1
20.246,3.0716e-05,1
20.246,5.6733e-05,1
20.247,7.1336e-05,1
20.247,7.7043e-05,1
20.248,7.9057e-05,1
20.248,7.4357e-05,1
20.249,5.069e-05,1
20.249,5.8747e-06,1
20.25,-3.6759e-05,1
20.251,-5.4551e-05,1
20.251,-4.6494e-05,1
20.252,-2.8702e-05,1
20.252,-9.2317e-06,1
20.253,1.4603e-05,1
20.253,4.1291e-05,1
20.254,6.6804e-05,1
20.254,8.661e-05,1
20.255,0.00010256,1
20.255,0.00011128,1
20.256,0.00010541,1
20.256,8.2414e-05,1
20.257,6.1936e-05,1
20.257,6.1769e-05,1
20.258,7.3518e-05,1
20.258,7.9057e-05,1
20.259,6.6972e-05,1
20.259,3.508e-05,1
20.26,-3.357e-06,1
20.26,-2.6352e-05,1
20.261,-1.2253e-05,1
20.261,3.0716e-05,1
20.262,6.865e-05,1
20.262,7.4693e-05,1
20.263,4.7166e-05,1
20.264,-9.5674e-06,1
20.264,-7.4693e-05,1
20.265,-0.00011565,1
20.265,-0.00011766,1
20.266,-9.3996e-05,1
20.266,-5.8244e-05,1
20.267,-1.4603e-05,1
20.267,2.1988e-05,1
20.268,3.508e-05,1
20.268,3.1052e-05,1
20.269,2.3163e-05,1
20.269,1.6617e-05,1
20.27,1.561e-05,1
20.27,1.1078e-05,1
20.271,-7.2175e-06,1
20.271,-3.8605e-05,1
20.272,-7.3182e-05,1
20.272,-9.9535e-05,1
20.273,-0.00011279,1
20.273,-0.00011598,1
20.274,-0.00010524,1
20.274,-6.8482e-05,1
20.275,-1.6449e-05,1
20.275,3.7263e-05,1
20.276,8.7449e-05,1
20.276,0.00012471,1
20.277,0.0001462,1
20.278,0.00015325,1
20.278,0.00014183,1
20.279,0.00011867,1
20.279,8.5771e-05,1
20.28,4.0955e-05,1
20.28,-2.8534e-06,1
20.281,-2.4338e-05,1
20.281,-2.8534e-05,1
20.282,-3.0045e-05,1
20.282,-3.508e-05,1
20.283,-3.7934e-05,1
20.283,-3.5752e-05,1
20.284,-3.4409e-05,1
20.284,-3.3906e-05,1
20.285,-2.6688e-05,1
20.285,-4.5319e-06,1
20.286,3.743e-05,1
20.286,8.9967e-05,1
20.287,0.00012673,1
20.287,0.00012605,1
20.288,9.8527e-05,1
20.288,7.1672e-05,1
20.289,5.7572e-05,1
20.289,5.4551e-05,1
20.29,5.623e-05,1
20.291,6.2104e-05,1
20.291,7.4189e-05,1
20.292,8.3421e-05,1
20.292,7.9896e-05,1
20.293,6.63e-05,1
20.293,4.7837e-05,1
20.294,2.9374e-05,1
20.294,1.9303e-05,1
20.295,2.031e-05,1
20.295,3.508e-05,1
20.296,5.9586e-05,1
20.296,7.6707e-05,1
20.297,7.6371e-05,1
20.297,7.1e-05,1
20.298,7.9728e-05,1
20.298,9.3156e-05,1
20.299,6.5797e-05,1
20.299,-2.3331e-05,1
20.3,-0.00012505,1
20.3,-0.00018279,1
20.301,-0.00018917,1
20.301,-0.00016449,1
20.302,-0.00013462,1
20.302,-0.00010893,1
20.303,-8.1575e-05,1
20.303,-5.6901e-05,1
20.304,-3.7263e-05,1
20.305,-1.0575e-05,1
20.305,4.0116e-05,1
20.306,0.00011263,1
20.306,0.00017977,1
20.307,0.00021938,1
20.307,0.00022173,1
20.308,0.00019051,1
20.308,0.0001425,1
20.309,9.987e-05,1
20.309,7.3518e-05,1
20.31,6.0929e-05,1
20.31,5.7237e-05,1
20.311,5.3544e-05,1
20.311,4.5823e-05,1
20.312,3.7263e-05,1
20.312,2.7359e-05,1
20.313,1.8631e-05,1
20.313,1.1582e-05,1
20.314,3.1891e-06,1
20.314,-4.5319e-06,1
20.315,-1.6617e-05,1
20.315,-3.6423e-05,1
20.316,-5.9251e-05,1
20.316,-7.6539e-05,1
20.317,-7.5364e-05,1
20.317,-5.6901e-05,1
20.318,-4.3137e-05,1
20.319,-3.4409e-05,1
20.319,-3.2059e-05,1
20.32,-4.1459e-05,1
20.32,-6.2272e-05,1
20.321,-8.4092e-05,1
20.321,-9.4835e-05,1
20.322,-8.5771e-05,1
20.322,-5.4215e-05,1
20.323,-1.4267e-05,1
20.323,1.6281e-05,1
20.324,3.1388e-05,1
20.324,4.0116e-05,1
20.325,6.0594e-05,1
20.325,9.6513e-05,1
20.326,0.0001368,1
20.326,0.00016634,1
20.327,0.00017708,1
20.327,0.00017238,1
20.328,0.0001556,1
20.328,0.00012471,1
20.329,8.1743e-05,1
20.329,3.7766e-05,1
20.33,-1.6785e-07,1
20.33,-2.887e-05,1
20.331,-4.062e-05,1
20.332,-3.508e-05,1
20.332,-3.122e-05,1
20.333,-3.9277e-05,1
20.333,-4.5991e-05,1
20.334,-4.213e-05,1
20.334,-3.2731e-05,1
20.335,-2.5345e-05,1
20.335,-1.796e-05,1
20.336,3.357e-07,1
20.336,3.9612e-05,1
20.337,8.4092e-05,1
20.337,0.00010222,1
20.338,8.8289e-05,1
20.338,6.4286e-05,1
20.339,4.9516e-05,1
20.339,3.4073e-05,1
20.34,6.2104e-06,1
20.34,-2.6688e-05,1
20.341,-5.5222e-05,1
20.341,-6.4622e-05,1
20.342,-4.3137e-05,1
20.342,-1.2924e-05,1
20.343,0,1
20.343,-2.5177e-06,1
20.344,-3.5248e-06,1
20.345,-1.0071e-06,1
20.345,3.8605e-06,1
20.346,3.0716e-05,1
20.346,7.3686e-05,1
20.347,9.752e-05,1
20.347,7.9057e-05,1
20.348,2.4002e-05,1
20.348,-2.9038e-05,1
20.349,-5.2369e-05,1
20.349,-5.623e-05,1
20.35,-5.774e-05,1
20.35,-5.5558e-05,1
20.351,-3.6927e-05,1
20.351,2.5177e-06,1
20.352,5.8412e-05,1
20.352,0.00011565,1
20.353,0.0001697,1
20.353,0.00022744,1
20.354,0.00026806,1
20.354,0.00026168,1
20.355,0.00021015,1
20.355,0.00014015,1
20.356,7.335e-05,1
20.356,2.4002e-05,1
20.357,-8.7282e-06,1
20.357,-3.6759e-05,1
20.358,-5.1362e-05,1
20.359,-4.5823e-05,1
20.359,-3.508e-05,1
20.36,-3.3738e-05,1
20.36,-4.0116e-05,1
20.361,-4.683e-05,1
20.361,-5.5894e-05,1
20.362,-6.7979e-05,1
20.362,-8.0064e-05,1
20.363,-7.8721e-05,1
20.363,-6.009e-05,1
20.364,-5.0523e-05,1
20.364,-7.1336e-05,1
20.365,-0.00010188,1
20.365,-0.00011128,1
20.366,-0.00011061,1
20.366,-0.00011766,1
20.367,-0.00012136,1
20.367,-0.00010591,1
20.368,-6.009e-05,1
20.368,1.326e-05,1
20.369,8.8457e-05,1
20.369,0.00014553,1
20.37,0.00018849,1
20.37,0.00021938,1
20.371,0.00023751,1
20.372,0.00025026,1
20.372,0.00026889,1
20.373,0.00027762,1
20.373,0.00026503,1
20.374,0.00022861,1
20.374,0.00015811,1
20.375,5.623e-05,1
20.375,-4.8005e-05,1
20.376,-0.00012337,1
20.376,-0.00016147,1
20.377,-0.0001697,1
20.377,-0.00015862,1
20.378,-0.00013629,1
20.378,-0.00010608,1
20.379,-7.1672e-05,1
20.379,-4.4312e-05,1
20.38,-2.1988e-05,1
20.38,2.1317e-05,1
20.381,9.0806e-05,1
20.381,0.00014032,1
20.382,0.00014653,1
20.382,0.0001331,1
20.383,0.0001138,1
20.383,8.1239e-05,1
20.384,3.4241e-05,1
20.384,-1.2924e-05,1
20.385,-4.1794e-05,1
20.386,-5.2873e-05,1
20.386,-5.539e-05,1
20.387,-4.8844e-05,1
20.387,-3.0045e-05,1
20.388,-2.3499e-06,1
20.388,1.5778e-05,1
20.389,1.9303e-05,1
20.389,1.4939e-05,1
20.39,7.2175e-06,1
20.39,5.2033e-06,1
20.391,1.5946e-05,1
20.391,2.4674e-05,1
20.392,6.5461e-06,1
20.392,-3.9612e-05,1
20.393,-8.7617e-05,1
20.393,-0.00012119,1
20.394,-0.00014015,1
20.394,-0.00014351,1
20.395,-0.00013008,1
20.395,-0.00010222,1
20.396,-7.0832e-05,1
20.396,-4.6326e-05,1
20.397,-2.4002e-05,1
20.397,6.2104e-06,1
20.398,3.7934e-05,1
20.398,4.5151e-05,1
20.399,2.9374e-05,1
20.4,1.8296e-05,1
20.4,1.1246e-05,1
20.401,4.6998e-06,1
20.401,1.326e-05,1
20.402,3.9109e-05,1
20.402,6.6972e-05,1
20.403,8.8457e-05,1
20.403,0.00010457,1
20.404,0.00011984,1
20.404,0.00013948,1
20.405,0.00016701,1
20.405,0.00019554,1
20.406,0.00019857,1
20.406,0.00017171,1
20.407,0.00012303,1
20.407,6.479e-05,1
20.408,3.508e-05,1
20.408,4.4648e-05,1
20.409,6.7979e-05,1
20.409,8.6107e-05,1
20.41,9.8527e-05,1
20.41,0.00011095,1
20.411,0.00011934,1
20.411,0.00011666,1
20.412,0.00011934,1
20.413,0.00012941,1
20.413,0.00012522,1
20.414,8.5435e-05,1
20.414,2.4338e-05,1
20.415,-2.7024e-05,1
20.415,-5.2201e-05,1
20.416,-7.805e-05,1
20.416,-0.0001462,1
20.417,-0.00022441,1
20.417,-0.0002501,1
20.418,-0.0002271,1
20.418,-0.00018782,1
20.419,-0.00015073,1
20.419,-0.00011682,1
20.42,-8.1239e-05,1
20.42,-4.1794e-05,1
20.421,1.2253e-05,1
20.421,7.6204e-05,1
20.422,0.00011951,1
20.422,0.00012303,1
20.423,0.0001039,1
20.423,8.8457e-05,1
20.424,7.6371e-05,1
20.424,5.8412e-05,1
20.425,4.213e-05,1
20.425,3.1052e-05,1
20.426,2.4002e-05,1
20.427,2.6017e-05,1
20.427,3.8605e-05,1
20.428,6.1265e-05,1
20.428,9.3828e-05,1
20.429,0.00012253,1
20.429,0.00012941,1
20.43,0.00012136,1
20.43,0.00012102,1
20.431,0.00011632,1
20.431,8.0735e-05,1
20.432,2.0981e-05,1
20.432,-3.4577e-05,1
20.433,-6.7308e-05,1
20.433,-7.9728e-05,1
20.434,-8.3085e-05,1
20.434,-6.9154e-05,1
20.435,-4.1794e-05,1
20.435,-1.326e-05,1
20.436,1.6953e-05,1
20.436,5.1026e-05,1
20.437,8.3421e-05,1
20.437,9.8527e-05,1
20.438,9.1646e-05,1
20.438,7.1672e-05,1
20.439,5.0187e-05,1
20.44,3.2898e-05,1
20.44,2.031e-05,1
20.441,1.0575e-05,1
20.441,4.1962e-06,1
20.442,1.0575e-05,1
20.442,2.8702e-05,1
20.443,3.978e-05,1
20.443,3.0045e-05,1
20.444,5.2033e-06,1
20.444,-1.9806e-05,1
20.445,-5.1026e-05,1
20.445,-0.00010877,1
20.446,-0.00018614,1
20.446,-0.00023331,1
20.447,-0.00022895,1
20.447,-0.00018665,1
20.448,-0.00011481,1
20.448,-1.7624e-05,1
20.449,8.1407e-05,1
20.449,0.00014166,1
20.45,0.00014334,1
20.45,0.00010658,1
20.451,7.3014e-05,1
20.451,7.0497e-05,1
20.452,8.9128e-05,1
20.453,9.6513e-05,1
20.453,9.2653e-05,1
20.454,9.0639e-05,1
20.454,8.4092e-05,1
20.455,6.4286e-05,1
20.455,4.448e-05,1
20.456,4.5151e-05,1
20.456,6.4622e-05,1
20.457,7.8218e-05,1
20.457,6.9657e-05,1
20.458,5.4887e-05,1
20.458,4.7166e-05,1
20.459,4.1459e-05,1
20.459,3.1556e-05,1
20.46,1.796e-05,1
20.46,8.896e-06,1
20.461,1.5106e-06,1
20.461,-1.4771e-05,1
20.462,-3.508e-05,1
20.462,-4.3473e-05,1
20.463,-4.3137e-05,1
20.463,-4.8508e-05,1
20.464,-5.3208e-05,1
20.464,-3.592e-05,1
20.465,1.5106e-06,1
20.465,3.6759e-05,1
20.466,5.7572e-05,1
20.467,5.9586e-05,1
20.467,4.6662e-05,1
20.468,3.1388e-05,1
20.468,2.501e-05,1
20.469,2.8367e-05,1
20.469,3.0884e-05,1
20.47,2.9709e-05,1
20.47,3.0381e-05,1
20.471,3.5584e-05,1
20.471,4.1459e-05,1
20.472,4.2802e-05,1
20.472,4.1794e-05,1
20.473,4.213e-05,1
20.473,3.9277e-05,1
20.474,3.0045e-05,1
20.474,1.7121e-05,1
20.475,8.3925e-07,1
20.475,-1.1582e-05,1
20.476,-1.4771e-05,1
20.476,-9.5674e-06,1
20.477,2.5177e-06,1
20.477,2.4002e-05,1
20.478,5.2201e-05,1
20.478,7.0329e-05,1
20.479,6.3951e-05,1
20.48,3.7095e-05,1
20.48,4.6998e-06,1
20.481,-1.9974e-05,1
20.481,-3.3066e-05,1
20.482,-4.5151e-05,1
20.482,-6.6804e-05,1
20.483,-8.3589e-05,1
20.483,-7.6036e-05,1
20.484,-5.2537e-05,1
20.484,-3.743e-05,1
20.485,-4.3473e-05,1
20.485,-5.5558e-05,1
20.486,-6.0258e-05,1
20.486,-6.8315e-05,1
20.487,-9.3828e-05,1
20.487,-0.00011615,1
20.488,-0.00010625,1
20.488,-6.1936e-05,1
20.489,-3.5248e-06,1
20.489,2.6184e-05,1
20.49,4.8676e-06,1
20.49,-1.796e-05,1
20.491,3.8605e-06,1
20.491,6.2608e-05,1
20.492,0.00012421,1
20.492,0.00016869,1
20.493,0.00019588,1
20.494,0.00020864,1
20.494,0.00020461,1
20.495,0.00018346,1
20.495,0.00014855,1
20.496,0.00010105,1
20.496,4.2634e-05,1
20.497,-1.9303e-05,1
20.497,-6.4118e-05,1
20.498,-7.6371e-05,1
20.498,-6.865e-05,1
20.499,-6.5965e-05,1
20.499,-7.2847e-05,1
20.5,-7.4022e-05,1
20.5,-5.5558e-05,1
20.501,-1.4435e-05,1
20.501,4.5487e-05,1
20.502,0.00011044,1
20.502,0.00016634,1
20.503,0.00021401,1
20.503,0.00025496,1
20.504,0.00027276,1
20.504,0.00025597,1
20.505,0.00021569,1
20.505,0.00017121,1
20.506,0.00012404,1
20.506,7.4861e-05,1
20.507,3.7934e-05,1
20.508,2.2156e-05,1
20.508,1.6617e-05,1
20.509,7.8889e-06,1
20.509,-4.3641e-06,1
20.51,-1.2421e-05,1
20.51,-1.7288e-05,1
20.511,-2.6352e-05,1
20.511,-3.6423e-05,1
20.512,-4.0116e-05,1
20.512,-3.743e-05,1
20.513,-3.4241e-05,1
20.513,-3.2395e-05,1
20.514,-2.8367e-05,1
20.514,-2.0981e-05,1
20.515,-9.9031e-06,1
20.515,2.5177e-06,1
20.516,9.2317e-06,1
20.516,2.8534e-06,1
20.517,-1.3596e-05,1
20.517,-2.9038e-05,1
20.518,-3.9445e-05,1
20.518,-4.6159e-05,1
20.519,-5.2201e-05,1
20.519,-5.8412e-05,1
20.52,-5.6397e-05,1
20.521,-4.5823e-05,1
20.521,-3.1052e-05,1
20.522,-1.2085e-05,1
20.522,7.8889e-06,1
20.523,2.5345e-05,1
20.523,3.5416e-05,1
20.524,3.8102e-05,1
20.524,3.4745e-05,1
20.525,2.7192e-05,1
20.525,1.7456e-05,1
20.526,6.5461e-06,1
20.526,-1.1917e-05,1
20.527,-4.0116e-05,1
20.527,-6.1601e-05,1
20.528,-5.3544e-05,1
20.528,-2.1988e-05,1
20.529,-7.5532e-06,1
20.529,-4.1459e-05,1
20.53,-8.9464e-05,1
20.53,-9.6849e-05,1
20.531,-7.4357e-05,1
20.531,-7.1504e-05,1
20.532,-0.00011481,1
20.532,-0.00014922,1
20.533,-0.00010692,1
20.534,-1.3092e-05,1
20.534,6.3615e-05,1
20.535,0.00010608,1
20.535,0.00014015,1
20.536,0.00018514,1
20.536,0.00023348,1
20.537,0.00025866,1
20.537,0.00026,1
20.538,0.00026806,1
20.538,0.00027443,1
20.539,0.00023415,1
20.539,0.00014922,1
20.54,7.2343e-05,1
20.54,3.4913e-05,1
20.541,2.0645e-05,1
20.541,4.5319e-06,1
20.542,-1.9638e-05,1
20.542,-3.9109e-05,1
20.543,-4.5991e-05,1
20.543,-4.8508e-05,1
20.544,-5.9251e-05,1
20.544,-8.4764e-05,1
20.545,-0.00011699,1
20.545,-0.0001415,1
20.546,-0.00015392,1
20.546,-0.00015459,1
20.547,-0.0001415,1
20.548,-0.00010793,1
20.548,-4.3809e-05,1
20.549,4.2298e-05,1
20.549,0.00011263,1
20.55,0.00013814,1
20.55,0.00013109,1
20.551,0.00013512,1
20.551,0.00015946,1
20.552,0.00017708,1
20.552,0.00017943,1
20.553,0.00018245,1
20.553,0.00018178,1
20.554,0.00016399,1
20.554,0.00014217,1
20.555,0.00013327,1
20.555,0.00012908,1
20.556,0.00011481,1
20.556,8.2414e-05,1
20.557,4.2802e-05,1
20.557,9.3996e-06,1
20.558,-1.1917e-05,1
20.558,-2.2492e-05,1
20.559,-2.501e-05,1
20.559,-2.8534e-05,1
20.56,-3.978e-05,1
20.561,-5.6733e-05,1
20.561,-7.3686e-05,1
20.562,-9.1478e-05,1
20.562,-0.00010843,1
20.563,-0.00011632,1
20.563,-0.00011363,1
20.564,-0.00010356,1
20.564,-8.6778e-05,1
20.565,-7.1e-05,1
20.565,-6.6972e-05,1
20.566,-6.6636e-05,1
20.566,-5.2873e-05,1
20.567,-1.8967e-05,1
20.567,2.3499e-05,1
20.568,4.9516e-05,1
20.568,5.0187e-05,1
20.569,3.6088e-05,1
20.569,1.561e-05,1
20.57,-1.6785e-05,1
20.57,-5.5558e-05,1
20.571,-8.4092e-05,1
20.571,-9.3156e-05,1
20.572,-9.1142e-05,1
20.572,-8.426e-05,1
20.573,-6.5126e-05,1
20.573,-3.6423e-05,1
20.574,-1.6953e-05,1
20.575,-1.3092e-05,1
20.575,-7.7211e-06,1
20.576,8.2246e-06,1
20.576,3.4073e-05,1
20.577,6.9657e-05,1
20.577,0.00010927,1
20.578,0.00012807,1
20.578,0.00011263,1
20.579,7.6036e-05,1
20.579,3.4241e-05,1
20.58,9.9031e-06,1
20.58,3.0884e-05,1
20.581,8.6442e-05,1
20.581,0.0001373,1
20.582,0.00016332,1
20.582,0.0001613,1
20.583,0.0001378,1
20.583,0.00010658,1
20.584,8.9632e-05,1
20.584,8.896e-05,1
20.585,8.4764e-05,1
20.585,7.1672e-05,1
20.586,6.949e-05,1
20.586,7.4525e-05,1
20.587,6.2104e-05,1
20.587,2.5345e-05,1
20.588,-1.5274e-05,1
20.589,-4.213e-05,1
20.589,-5.4551e-05,1
20.59,-6.7308e-05,1
20.59,-8.5771e-05,1
20.591,-0.00010188,1
20.591,-0.00010491,1
20.592,-8.8289e-05,1
20.592,-6.2272e-05,1
20.593,-4.0787e-05,1
20.593,-2.5177e-05,1
20.594,-1.0742e-05,1
20.594,4.3641e-06,1
20.595,2.6184e-05,1
20.595,5.8747e-05,1
20.596,9.8192e-05,1
20.596,0.00013881,1
20.597,0.00016835,1
20.597,0.0001754,1
20.598,0.00016399,1
20.598,0.00014066,1
20.599,0.00011011,1
20.599,7.7379e-05,1
20.6,4.6326e-05,1
20.6,2.0981e-05,1
20.601,1.6785e-07,1
20.602,-2.1653e-05,1
20.602,-4.2466e-05,1
20.603,-5.6901e-05,1
20.603,-6.2104e-05,1
20.604,-5.8579e-05,1
20.604,-4.9348e-05,1
20.605,-3.6423e-05,1
20.605,-2.5681e-05,1
20.606,-1.6281e-05,1
20.606,-4.6998e-06,1
20.607,1.1582e-05,1
20.607,2.5513e-05,1
20.608,2.8031e-05,1
20.608,1.9303e-05,1
20.609,4.1962e-06,1
20.609,-4.8676e-06,1
20.61,-3.0213e-06,1
20.61,-9.7353e-06,1
20.611,-6.5965e-05,1
20.611,-0.00016852,1
20.612,-0.00024724,1
20.612,-0.00024187,1
20.613,-0.00017037,1
20.613,-9.0974e-05,1
20.614,-3.7934e-05,1
20.614,-4.8676e-06,1
20.615,2.7695e-05,1
20.616,7.0161e-05,1
20.616,0.00012068,1
20.617,0.00018061,1
20.617,0.00026,1
20.618,0.0003221,1
20.618,0.00028971,1
20.619,0.00015157,1
20.619,-2.182e-06,1
20.62,-9.4499e-05,1
20.62,-0.00012958,1
20.621,-0.00013663,1
20.621,-0.00011934,1
20.622,-9.3492e-05,1
20.622,-7.3014e-05,1
20.623,-4.3137e-05,1
20.623,1.6449e-05,1
20.624,0.00010373,1
20.624,0.00019974,1
20.625,0.00028786,1
20.625,0.0003503,1
20.626,0.00035903,1
20.626,0.00031522,1
20.627,0.00025496,1
20.627,0.00019252,1
20.628,0.00012773,1
20.629,7.2007e-05,1
20.629,3.6088e-05,1
20.63,2.1317e-05,1
20.63,1.9638e-05,1
20.631,1.9135e-05,1
20.631,1.4267e-05,1
20.632,5.8747e-06,1
20.632,-7.2175e-06,1
20.633,-3.0549e-05,1
20.633,-5.774e-05,1
20.634,-8.0735e-05,1
20.634,-0.00010088,1
20.635,-0.00011817,1
20.635,-0.00012622,1
20.636,-0.00012102,1
20.636,-0.00010474,1
20.637,-8.2078e-05,1
20.637,-5.7404e-05,1
20.638,-4.3137e-05,1
20.638,-4.5151e-05,1
20.639,-5.4551e-05,1
20.639,-5.9251e-05,1
20.64,-4.7837e-05,1
20.64,-9.3996e-06,1
20.641,4.1627e-05,1
20.642,8.275e-05,1
20.642,0.00010591,1
20.643,0.00012035,1
20.643,0.00014066,1
20.644,0.00015828,1
20.644,0.00014888,1
20.645,0.00010256,1
20.645,1.326e-05,1
20.646,-0.00010021,1
20.646,-0.0001994,1
20.647,-0.00025899,1
20.647,-0.00026738,1
20.648,-0.00022525,1
20.648,-0.00015207,1
20.649,-7.3518e-05,1
20.649,-1.4771e-05,1
20.65,1.6449e-05,1
20.65,3.3402e-05,1
20.651,5.2873e-05,1
20.651,7.1e-05,1
20.652,8.5771e-05,1
20.652,0.00010642,1
20.653,0.00014351,1
20.653,0.00016449,1
20.654,0.00013042,1
20.654,6.8986e-05,1
20.655,3.9948e-05,1
20.656,7.3518e-05,1
20.656,0.00014133,1
20.657,0.00019051,1
20.657,0.0001984,1
20.658,0.00018715,1
20.658,0.00016936,1
20.659,0.00012572,1
20.659,4.2634e-05,1
20.66,-6.1601e-05,1
20.66,-0.00016718,1
20.661,-0.00025446,1
20.661,-0.00029743,1
20.662,-0.00029659,1
20.662,-0.00026705,1
20.663,-0.00021367,1
20.663,-0.00014788,1
20.664,-9.1814e-05,1
20.664,-4.2634e-05,1
20.665,3.2731e-05,1
20.665,0.000142,1
20.666,0.00024154,1
20.666,0.00029055,1
20.667,0.00028988,1
20.667,0.00025899,1
20.668,0.00022811,1
20.669,0.00020562,1
20.669,0.00017574,1
20.67,0.00012723,1
20.67,6.7643e-05,1
20.671,1.9974e-05,1
20.671,4.1962e-06,1
20.672,1.9974e-05,1
20.672,5.6565e-05,1
20.673,9.5674e-05,1
20.673,0.00011095,1
20.674,9.6513e-05,1
20.674,6.5293e-05,1
20.675,3.0549e-05,1
20.675,4.6998e-06,1
20.676,-5.7069e-06,1
20.676,-9.2317e-06,1
20.677,-1.4939e-05,1
20.677,-2.5849e-05,1
20.678,-4.062e-05,1
20.678,-5.8244e-05,1
20.679,-7.4189e-05,1
20.679,-8.4932e-05,1
20.68,-8.896e-05,1
20.68,-8.5939e-05,1
20.681,-8.2078e-05,1
20.681,-9.0135e-05,1
20.682,-0.00011783,1
20.683,-0.00013361,1
20.683,-0.00011095,1
20.684,-6.5965e-05,1
20.684,-2.7527e-05,1
20.685,-1.1246e-05,1
20.685,-1.7624e-05,1
20.686,-3.5416e-05,1
20.686,-4.2634e-05,1
20.687,-2.5681e-05,1
20.687,7.5532e-06,1
20.688,3.6423e-05,1
20.688,4.5487e-05,1
20.689,3.3738e-05,1
20.689,-2.0142e-06,1
20.69,-5.1362e-05,1
20.69,-8.0735e-05,1
20.691,-6.9657e-05,1
20.691,-3.5248e-05,1
20.692,-5.7069e-06,1
20.692,1.4603e-05,1
20.693,3.4073e-05,1
20.693,5.2369e-05,1
20.694,7.2007e-05,1
20.694,9.8192e-05,1
20.695,0.00014083,1
20.695,0.00021015,1
20.696,0.00029055,1
20.697,0.00034728,1
20.697,0.00035836,1
20.698,0.00032882,1
20.698,0.00027292,1
20.699,0.00020092,1
20.699,0.00012773,1
20.7,6.4958e-05,1
20.7,1.3092e-05,1
20.701,-2.8199e-05,1
20.701,-6.9993e-05,1
20.702,-0.00011145,1
20.702,-0.00012236,1
20.703,-0.00010155,1
20.703,-8.1407e-05,1
20.704,-8.661e-05,1
20.704,-0.00010759,1
20.705,-0.00012303,1
20.705,-0.00011749,1
20.706,-9.1142e-05,1
20.706,-4.5823e-05,1
20.707,2.1317e-05,1
20.707,9.9535e-05,1
20.708,0.0001608,1
20.708,0.0001791,1
20.709,0.00014871,1
20.71,0.00010188,1
20.71,6.6804e-05,1
20.711,4.0284e-05,1
20.711,1.3931e-05,1
20.712,-8.2246e-06,1
20.712,-2.0645e-05,1
20.713,-2.5681e-05,1
20.713,-2.7192e-05,1
20.714,-2.7863e-05,1
20.714,-2.7359e-05,1
20.715,-2.6184e-05,1
20.715,-2.4674e-05,1
20.716,-2.1653e-05,1
20.716,-2.0813e-05,1
20.717,-2.2995e-05,1
20.717,-2.3163e-05,1
20.718,-1.796e-05,1
20.718,-9.5674e-06,1
20.719,-1.6785e-06,1
20.719,4.1962e-06,1
20.72,6.8818e-06,1
20.72,8.7282e-06,1
20.721,1.0407e-05,1
20.721,9.9031e-06,1
20.722,6.2104e-06,1
20.723,3.1891e-06,1
20.723,3.0213e-06,1
20.724,5.7069e-06,1
20.724,9.2317e-06,1
20.725,1.1917e-05,1
20.725,1.1246e-05,1
20.726,7.2175e-06,1
20.726,1.6785e-06,1
20.727,-6.8818e-06,1
20.727,-1.8967e-05,1
20.728,-2.7192e-05,1
20.728,-2.3835e-05,1
20.729,-1.3596e-05,1
20.729,-7.5532e-06,1
20.73,-4.6998e-06,1
20.73,5.0355e-07,1
20.731,1.0575e-05,1
20.731,2.2324e-05,1
20.732,3.4577e-05,1
20.732,5.2873e-05,1
20.733,6.9657e-05,1
20.733,7.3686e-05,1
20.734,6.4286e-05,1
20.734,4.8508e-05,1
20.735,3.3906e-05,1
20.735,2.2324e-05,1
20.736,1.5778e-05,1
20.737,1.2421e-05,1
20.737,9.0639e-06,1
20.738,3.8605e-06,1
20.738,-8.2246e-06,1
20.739,-2.6352e-05,1
20.739,-4.3137e-05,1
20.74,-4.7501e-05,1
20.74,-4.2802e-05,1
20.741,-3.5752e-05,1
20.741,-3.3738e-05,1
20.742,-3.7095e-05,1
20.742,-3.9277e-05,1
20.743,-3.357e-05,1
20.743,-1.9974e-05,1
20.744,5.539e-06,1
20.744,4.3305e-05,1
20.745,7.7379e-05,1
20.745,8.5771e-05,1
20.746,5.7237e-05,1
20.746,1.1749e-06,1
20.747,-5.304e-05,1
20.747,-7.805e-05,1
20.748,-7.6371e-05,1
20.748,-6.5797e-05,1
20.749,-4.9683e-05,1
20.75,-3.5248e-05,1
20.75,-2.7024e-05,1
20.751,-1.6449e-05,1
20.751,1.6281e-05,1
20.752,7.7379e-05,1
20.752,0.00015224,1
20.753,0.00022123,1
20.753,0.00026554,1
20.754,0.00027259,1
20.754,0.00024019,1
20.755,0.0001895,1
20.755,0.00015258,1
20.756,0.00013881,1
20.756,0.00013747,1
20.757,0.00013378,1
20.757,0.0001227,1
20.758,0.00010188,1
20.758,7.4022e-05,1
20.759,5.3208e-05,1
20.759,5.8244e-05,1
20.76,9.4499e-05,1
20.76,0.00013193,1
20.761,0.00013848,1
20.761,0.00011112,1
20.762,7.0832e-05,1
20.762,3.7766e-05,1
20.763,1.7288e-05,1
20.764,4.5319e-06,1
20.764,-8.2246e-06,1
20.765,-2.266e-05,1
20.765,-2.9374e-05,1
20.766,-2.4842e-05,1
20.766,-2.2324e-05,1
20.767,-2.6352e-05,1
20.767,-2.4674e-05,1
20.768,-9.2317e-06,1
20.768,3.1891e-06,1
20.769,-3.0213e-06,1
20.769,-1.8128e-05,1
20.77,-2.7359e-05,1
20.77,-3.0381e-05,1
20.771,-3.4409e-05,1
20.771,-4.0787e-05,1
20.772,-4.0452e-05,1
20.772,-3.6759e-05,1
20.773,-3.743e-05,1
20.773,-3.9109e-05,1
20.774,-2.9206e-05,1
20.774,-1.5946e-05,1
20.775,-1.7624e-05,1
20.775,-3.6759e-05,1
20.776,-6.1601e-05,1
20.776,-7.9393e-05,1
20.777,-7.8386e-05,1
20.778,-5.9419e-05,1
20.778,-4.0787e-05,1
20.779,-3.3066e-05,1
20.779,-2.5177e-05,1
20.78,-9.0639e-06,1
20.78,4.8676e-06,1
20.781,-5.0355e-07,1
20.781,-1.796e-05,1
20.782,-2.4506e-05,1
20.782,-2.1988e-05,1
20.783,-2.887e-05,1
20.783,-4.6326e-05,1
20.784,-6.1769e-05,1
20.784,-7.0832e-05,1
20.785,-7.9057e-05,1
20.785,-8.5603e-05,1
20.786,-8.2414e-05,1
20.786,-6.7979e-05,1
20.787,-4.7837e-05,1
20.787,-2.2828e-05,1
20.788,1.4939e-05,1
20.788,7.0329e-05,1
20.789,0.00013478,1
20.789,0.00018363,1
20.79,0.00018144,1
20.791,0.0001227,1
20.791,4.3641e-05,1
20.792,-1.091e-05,1
20.792,-2.266e-05,1
20.793,6.714e-07,1
20.793,2.8367e-05,1
20.794,3.5752e-05,1
20.794,2.266e-05,1
20.795,8.5603e-06,1
20.795,1.2589e-05,1
20.796,4.8676e-05,1
20.796,0.00011061,1
20.797,0.00017339,1
20.797,0.00021199,1
20.798,0.00021971,1
20.798,0.00019689,1
20.799,0.00014888,1
20.799,9.9199e-05,1
20.8,6.9657e-05,1
20.8,5.3208e-05,1
20.801,3.4913e-05,1
20.801,8.5603e-06,1
20.802,-2.6352e-05,1
20.802,-5.2537e-05,1
20.803,-5.9754e-05,1
20.803,-6.5797e-05,1
20.804,-9.1981e-05,1
20.805,-0.00013344,1
20.805,-0.00016181,1
20.806,-0.00015694,1
20.806,-0.00012387,1
20.807,-7.5196e-05,1
20.807,-2.6352e-05,1
20.808,1.0575e-05,1
20.808,4.2802e-05,1
20.809,7.5029e-05,1
20.809,0.00010608,1
20.81,0.00014435,1
20.81,0.00019319,1
20.811,0.00022341,1
20.811,0.00020595,1
20.812,0.00015023,1
20.812,9.0639e-05,1
20.813,5.2369e-05,1
20.813,3.9109e-05,1
20.814,3.5752e-05,1
20.814,2.7024e-05,1
20.815,1.326e-05,1
20.815,3.1891e-06,1
20.816,1.1246e-05,1
20.816,4.0116e-05,1
20.817,7.7714e-05,1
20.818,0.00010574,1
20.818,0.00011229,1
20.819,0.00010054,1
20.819,8.3085e-05,1
20.82,6.9657e-05,1
20.82,5.7572e-05,1
20.821,3.6759e-05,1
20.821,8.7282e-06,1
20.822,-1.9135e-05,1
20.822,-4.6662e-05,1
20.823,-6.9322e-05,1
20.823,-7.805e-05,1
20.824,-7.9393e-05,1
20.824,-8.3085e-05,1
20.825,-0.00010961,1
20.825,-0.00016365,1
20.826,-0.00019722,1
20.826,-0.00018245,1
20.827,-0.00014284,1
20.827,-0.00011011,1
20.828,-8.661e-05,1
20.828,-5.7404e-05,1
20.829,-1.7288e-05,1
20.829,3.4577e-05,1
20.83,9.987e-05,1
20.831,0.0001697,1
20.831,0.00021703,1
20.832,0.00022492,1
20.832,0.00020259,1
20.833,0.00016886,1
20.833,0.00013394,1
20.834,0.00010256,1
20.834,7.7714e-05,1
20.835,5.6901e-05,1
20.835,3.8773e-05,1
20.836,3.2059e-05,1
20.836,2.4674e-05,1
20.837,-3.5248e-06,1
20.837,-4.3809e-05,1
20.838,-7.9896e-05,1
20.838,-0.00011682,1
20.839,-0.00015358,1
20.839,-0.00018463,1
20.84,-0.00020847,1
20.84,-0.0002172,1
20.841,-0.00018346,1
20.841,-0.00010625,1
20.842,-2.1317e-05,1
20.842,5.4215e-05,1
20.843,0.00012169,1
20.843,0.00016349,1
20.844,0.00016768,1
20.845,0.00016164,1
20.845,0.00017171,1
20.846,0.00017339,1
20.846,0.00013629,1
20.847,8.8121e-05,1
20.847,6.1601e-05,1
20.848,5.0187e-05,1
20.848,3.6759e-05,1
20.849,2.5681e-05,1
20.849,3.3738e-05,1
20.85,6.5293e-05,1
20.85,9.6345e-05,1
20.851,0.00010088,1
20.851,7.6036e-05,1
20.852,3.9445e-05,1
20.852,1.3092e-05,1
20.853,3.0213e-06,1
20.853,1.6785e-07,1
20.854,-5.0355e-06,1
20.854,-2.031e-05,1
20.855,-4.3473e-05,1
20.855,-6.8315e-05,1
20.856,-0.0001039,1
20.856,-0.00016063,1
20.857,-0.00020562,1
20.858,-0.00020394,1
20.858,-0.00015828,1
20.859,-8.6107e-05,1
20.859,-1.8463e-06,1
20.86,7.5029e-05,1
20.86,0.0001368,1
20.861,0.00018833,1
20.861,0.00021636,1
20.862,0.00021048,1
20.862,0.0001744,1
20.863,0.00013193,1
20.863,9.752e-05,1
20.864,7.1e-05,1
20.864,5.3376e-05,1
20.865,4.3473e-05,1
20.865,4.0452e-05,1
20.866,4.4648e-05,1
20.866,5.7572e-05,1
20.867,6.8147e-05,1
20.867,6.2272e-05,1
20.868,4.5151e-05,1
20.868,2.8031e-05,1
20.869,2.2492e-05,1
20.869,2.4002e-05,1
20.87,2.2156e-05,1
20.87,1.1582e-05,1
20.871,-9.9031e-06,1
20.872,-3.7766e-05,1
20.872,-6.3951e-05,1
20.873,-7.2175e-05,1
20.873,-5.8244e-05,1
20.874,-4.0452e-05,1
20.874,-3.3738e-05,1
20.875,-3.9445e-05,1
20.875,-6.0258e-05,1
20.876,-7.7714e-05,1
20.876,-5.5558e-05,1
20.877,3.0213e-06,1
20.877,5.6397e-05,1
20.878,8.1071e-05,1
20.878,7.2847e-05,1
20.879,4.0452e-05,1
20.879,-5.8747e-06,1
20.88,-5.0858e-05,1
20.88,-7.7714e-05,1
20.881,-8.3085e-05,1
20.881,-6.4958e-05,1
20.882,-2.8702e-05,1
20.882,3.8605e-06,1
20.883,2.5513e-05,1
20.883,4.8508e-05,1
20.884,8.1071e-05,1
20.884,0.00011464,1
20.885,0.00013831,1
20.886,0.00014015,1
20.886,0.0001237,1
20.887,9.8527e-05,1
20.887,7.335e-05,1
20.888,4.6326e-05,1
20.888,6.2104e-06,1
20.889,-3.7263e-05,1
20.889,-6.6133e-05,1
20.89,-7.0329e-05,1
20.89,-5.2201e-05,1
20.891,-1.2924e-05,1
20.891,3.8102e-05,1
20.892,7.6707e-05,1
20.892,8.7617e-05,1
20.893,5.2537e-05,1
20.893,-8.896e-06,1
20.894,-4.2466e-05,1
20.894,-2.501e-05,1
20.895,2.8367e-05,1
20.895,8.2414e-05,1
20.896,0.00010726,1
20.896,9.9535e-05,1
20.897,7.4693e-05,1
20.897,4.9516e-05,1
20.898,3.1724e-05,1
20.899,2.9374e-05,1
20.899,4.3977e-05,1
20.9,5.5222e-05,1
20.9,4.0452e-05,1
20.901,-2.3499e-06,1
20.901,-5.2873e-05,1
20.902,-8.5603e-05,1
20.902,-9.3492e-05,1
20.903,-8.51e-05,1
20.903,-6.8818e-05,1
20.904,-5.4551e-05,1
20.904,-4.6662e-05,1
20.905,-3.8102e-05,1
20.905,-2.5177e-05,1
20.906,-2.6688e-05,1
20.906,-5.6397e-05,1
20.907,-9.8192e-05,1
20.907,-0.00012085,1
20.908,-0.00011263,1
20.908,-9.3492e-05,1
20.909,-7.9057e-05,1
20.909,-5.9083e-05,1
20.91,-1.326e-05,1
20.91,6.0258e-05,1
20.911,0.00013613,1
20.912,0.00019319,1
20.912,0.00023851,1
20.913,0.00027645,1
20.913,0.00028014,1
20.914,0.00023684,1
20.914,0.00017876,1
20.915,0.00014385,1
20.915,0.00013445,1
20.916,0.00012438,1
20.916,9.752e-05,1
20.917,6.1433e-05,1
20.917,2.7863e-05,1
20.918,1.5274e-05,1
20.918,3.4409e-05,1
20.919,6.2608e-05,1
20.919,7.7714e-05,1
20.92,7.5029e-05,1
20.92,5.7908e-05,1
20.921,4.4144e-05,1
20.921,4.5487e-05,1
20.922,4.9516e-05,1
20.922,4.0452e-05,1
20.923,2.2492e-05,1
20.923,8.5603e-06,1
20.924,6.0426e-06,1
20.924,1.5946e-05,1
20.925,2.031e-05,1
20.926,-2.8534e-06,1
20.926,-4.5991e-05,1
20.927,-8.3589e-05,1
20.927,-9.987e-05,1
20.928,-9.5842e-05,1
20.928,-7.3854e-05,1
20.929,-2.5681e-05,1
20.929,3.8102e-05,1
20.93,8.2246e-05,1
20.93,8.4428e-05,1
20.931,5.7572e-05,1
20.931,2.5681e-05,1
20.932,5.7069e-06,1
20.932,-5.8747e-06,1
20.933,-3.9109e-05,1
20.933,-0.00010793,1
20.934,-0.00017339,1
20.934,-0.00019152,1
20.935,-0.00016181,1
20.935,-0.00011028,1
20.936,-5.7237e-05,1
20.936,-2.2828e-05,1
20.937,-1.6785e-05,1
20.937,-3.5416e-05,1
20.938,-6.714e-05,1
20.939,-8.51e-05,1
20.939,-7.6707e-05,1
20.94,-5.4719e-05,1
20.94,-4.3641e-05,1
20.941,-4.7669e-05,1
20.941,-5.1865e-05,1
20.942,-4.5151e-05,1
20.942,-2.6017e-05,1
20.943,1.3931e-05,1
20.943,9.0471e-05,1
20.944,0.00018749,1
20.944,0.00026906,1
20.945,0.00031035,1
20.945,0.00029793,1
20.946,0.00023465,1
20.946,0.00014922,1
20.947,6.865e-05,1
20.947,-1.3428e-06,1
20.948,-5.3208e-05,1
20.948,-7.6036e-05,1
20.949,-7.4693e-05,1
20.949,-6.5293e-05,1
20.95,-5.2537e-05,1
20.95,-2.7359e-05,1
20.951,1.326e-05,1
20.951,5.4887e-05,1
20.952,8.0064e-05,1
20.953,8.1407e-05,1
20.953,7.0329e-05,1
20.954,6.1936e-05,1
20.954,5.0858e-05,1
20.955,3.2731e-05,1
20.955,2.1317e-05,1
20.956,2.031e-05,1
20.956,2.0478e-05,1
20.957,1.4603e-05,1
20.957,6.5461e-06,1
20.958,9.9031e-06,1
20.958,3.2059e-05,1
20.959,6.63e-05,1
20.959,9.1814e-05,1
20.96,0.00010423,1
20.96,0.00010188,1
20.961,8.8121e-05,1
20.961,6.7308e-05,1
20.962,4.4648e-05,1
20.962,2.4506e-05,1
20.963,1.3931e-05,1
20.963,1.5274e-05,1
20.964,1.6617e-05,1
20.964,9.9031e-06,1
20.965,-2.5177e-06,1
20.965,-1.4939e-05,1
20.966,-2.9709e-05,1
20.967,-5.5558e-05,1
20.967,-8.6107e-05,1
20.968,-0.00012992,1
20.968,-0.00019252,1
20.969,-0.00024154,1
20.969,-0.00025261,1
20.97,-0.00023767,1
20.97,-0.00021686,1
20.971,-0.00019319,1
20.971,-0.00014821,1
20.972,-7.0329e-05,1
20.972,3.6255e-05,1
20.973,0.00017104,1
20.973,0.00031774,1
20.974,0.00041946,1
20.974,0.00043691,1
20.975,0.00039428,1
20.975,0.00033989,1
20.976,0.00028988,1
20.976,0.00023214,1
20.977,0.00015895,1
20.977,7.805e-05,1
20.978,-2.182e-06,1
20.978,-7.5364e-05,1
20.979,-0.00013227,1
20.98,-0.00015073,1
20.98,-0.00013092,1
20.981,-9.1142e-05,1
20.981,-5.8412e-05,1
20.982,-4.5487e-05,1
20.982,-4.3137e-05,1
20.983,-2.5345e-05,1
20.983,1.4603e-05,1
20.984,4.2634e-05,1
20.984,4.3137e-05,1
20.985,5.388e-05,1
20.985,9.2988e-05,1
20.986,0.0001284,1
20.986,0.00013243,1
20.987,0.00011598,1
20.987,9.601e-05,1
20.988,7.7379e-05,1
20.988,6.2272e-05,1
20.989,5.623e-05,1
20.989,6.3951e-05,1
20.99,8.1575e-05,1
20.99,8.5771e-05,1
20.991,6.1936e-05,1
20.991,2.8031e-05,1
20.992,7.2175e-06,1
20.992,-2.0142e-06,1
20.993,-1.0239e-05,1
20.994,-2.1317e-05,1
20.994,-3.6423e-05,1
20.995,-5.0187e-05,1
20.995,-5.8244e-05,1
20.996,-6.0258e-05,1
20.996,-6.4622e-05,1
20.997,-7.335e-05,1
20.997,-7.6707e-05,1
20.998,-7.1336e-05,1
20.998,-6.6636e-05,1
20.999,-6.5461e-05,1
20.999,-6.2104e-05,1
21,-5.4887e-05,1
21,-4.8676e-05,1
21.001,-4.5319e-05,1
21.001,-4.2634e-05,1
21.002,-3.743e-05,1
21.002,-2.9709e-05,1
21.003,-2.5681e-05,1
21.003,-3.2898e-05,1
21.004,-4.2298e-05,1
21.004,-3.4913e-05,1
21.005,-1.2589e-05,1
21.005,-5.539e-06,1
21.006,-2.4338e-05,1
21.007,-6.2104e-05,1
21.007,-0.00010944,1
21.008,-0.00014855,1
21.008,-0.00016416,1
21.009,-0.00015375,1
21.009,-0.00011901,1
21.01,-6.5293e-05,1
21.01,-8.3925e-06,1
21.011,4.0116e-05,1
21.011,9.6345e-05,1
21.012,0.00018312,1
21.012,0.00029357,1
21.013,0.00037649,1
21.013,0.00039126,1
21.014,0.00034896,1
21.014,0.0002798,1
21.015,0.00021199,1
21.015,0.00016197,1
21.016,0.0001232,1
21.016,8.5771e-05,1
21.017,5.3208e-05,1
21.017,3.0045e-05,1
21.018,1.1414e-05,1
21.018,-1.326e-05,1
21.019,-3.3402e-05,1
21.02,-1.8296e-05,1
21.02,1.7121e-05,1
21.021,3.1052e-05,1
21.021,1.4435e-05,1
21.022,-1.1917e-05,1
21.022,-3.743e-05,1
21.023,-5.9586e-05,1
21.023,-7.1e-05,1
21.024,-6.2943e-05,1
21.024,-3.0716e-05,1
21.025,1.8296e-05,1
21.025,5.7237e-05,1
21.026,5.7572e-05,1
21.026,3.4745e-05,1
21.027,1.8967e-05,1
21.027,1.6617e-05,1
21.028,2.7863e-05,1
21.028,4.5487e-05,1
21.029,5.388e-05,1
21.029,4.3137e-05,1
21.03,2.2324e-05,1
21.03,1.8463e-06,1
21.031,-1.1749e-05,1
21.031,-1.561e-05,1
21.032,-8.3925e-06,1
21.032,8.2246e-06,1
21.033,2.6017e-05,1
21.034,2.8031e-05,1
21.034,1.3092e-05,1
21.035,-1.8463e-06,1
21.035,2.8534e-06,1
21.036,2.266e-05,1
21.036,2.6688e-05,1
21.037,7.0497e-06,1
21.037,-1.1078e-05,1
21.038,-1.4099e-05,1
21.038,-1.4099e-05,1
21.039,-2.2995e-05,1
21.039,-3.4409e-05,1
21.04,-3.8102e-05,1
21.04,-3.3066e-05,1
21.041,-4.2802e-05,1
21.041,-8.51e-05,1
21.042,-0.00012018,1
21.042,-0.00011531,1
21.043,-7.4357e-05,1
21.043,-1.796e-05,1
21.044,3.5752e-05,1
21.044,7.3854e-05,1
21.045,9.5842e-05,1
21.045,0.00011229,1
21.046,0.00012941,1
21.047,0.00014066,1
21.047,0.00014133,1
21.048,0.00013344,1
21.048,0.00011196,1
21.049,8.1239e-05,1
21.049,5.623e-05,1
21.05,3.4577e-05,1
21.05,1.1078e-05,1
21.051,-1.1917e-05,1
21.051,-2.1653e-05,1
21.052,-1.561e-05,1
21.052,-1.6281e-05,1
21.053,-3.2227e-05,1
21.053,-5.0355e-05,1
21.054,-6.4286e-05,1
21.054,-8.8289e-05,1
21.055,-0.00012807,1
21.055,-0.00016365,1
21.056,-0.00015711,1
21.056,-0.00010239,1
21.057,-3.3402e-05,1
21.057,1.7121e-05,1
21.058,3.0213e-05,1
21.058,2.266e-05,1
21.059,2.0981e-05,1
21.059,3.1724e-05,1
21.06,5.5558e-05,1
21.061,9.7185e-05,1
21.061,0.00015274,1
21.062,0.00019252,1
21.062,0.0001937,1
21.063,0.00017037,1
21.063,0.00014351,1
21.064,0.00010591,1
21.064,5.2033e-05,1
21.065,1.0407e-05,1
21.065,4.0284e-06,1
21.066,2.3331e-05,1
21.066,4.3809e-05,1
21.067,5.2873e-05,1
21.067,4.9516e-05,1
21.068,3.3066e-05,1
21.068,1.0071e-05,1
21.069,4.3641e-06,1
21.069,3.6088e-05,1
21.07,8.4764e-05,1
21.07,0.00011632,1
21.071,0.00011666,1
21.071,9.0303e-05,1
21.072,5.5222e-05,1
21.072,3.8102e-05,1
21.073,3.8605e-05,1
21.073,3.5416e-05,1
21.074,1.3596e-05,1
21.075,-1.8296e-05,1
21.075,-4.1962e-05,1
21.076,-5.4047e-05,1
21.076,-5.8579e-05,1
21.077,-5.6733e-05,1
21.077,-4.5823e-05,1
21.078,-3.1388e-05,1
21.078,-2.1988e-05,1
21.079,-1.9638e-05,1
21.079,-1.3596e-05,1
21.08,8.896e-06,1
21.08,3.978e-05,1
21.081,6.3951e-05,1
21.081,7.1336e-05,1
21.082,6.5126e-05,1
21.082,5.4887e-05,1
21.083,4.2802e-05,1
21.083,2.9374e-05,1
21.084,1.3092e-05,1
21.084,-9.5674e-06,1
21.085,-3.8605e-05,1
21.085,-6.63e-05,1
21.086,-8.661e-05,1
21.086,-0.00011447,1
21.087,-0.00017339,1
21.088,-0.00023012,1
21.088,-0.00023516,1
21.089,-0.00018463,1
21.089,-9.752e-05,1
21.09,-4.1962e-06,1
21.09,6.8315e-05,1
21.091,0.00012706,1
21.091,0.00018849,1
21.092,0.00024019,1
21.092,0.00026369,1
21.093,0.00025328,1
21.093,0.00021736,1
21.094,0.00015862,1
21.094,8.2414e-05,1
21.095,1.5946e-05,1
21.095,-6.5461e-06,1
21.096,1.7624e-05,1
21.096,6.6804e-05,1
21.097,0.00010558,1
21.097,0.00010927,1
21.098,7.8721e-05,1
21.098,3.3906e-05,1
21.099,-7.7211e-06,1
21.099,-4.3473e-05,1
21.1,-6.3615e-05,1
21.101,-5.7572e-05,1
21.101,-2.9709e-05,1
21.102,5.0355e-06,1
21.102,3.6255e-05,1
21.103,6.4286e-05,1
21.103,7.9561e-05,1
21.104,7.1672e-05,1
21.104,4.4144e-05,1
21.105,1.5106e-06,1
21.105,-4.7837e-05,1
21.106,-8.1239e-05,1
21.106,-8.0735e-05,1
21.107,-5.5222e-05,1
21.107,-2.7192e-05,1
21.108,-2.0478e-05,1
21.108,-4.7837e-05,1
21.109,-7.4861e-05,1
21.109,-7.6204e-05,1
21.11,-5.5894e-05,1
21.11,-2.0981e-05,1
21.111,1.6449e-05,1
21.111,4.3977e-05,1
21.112,5.4551e-05,1
21.112,5.2369e-05,1
21.113,4.8173e-05,1
21.113,4.9516e-05,1
21.114,5.8915e-05,1
21.115,6.7979e-05,1
21.115,6.7643e-05,1
21.116,6.4622e-05,1
21.116,5.4719e-05,1
21.117,2.9374e-05,1
21.117,-6.2104e-06,1
21.118,-3.5248e-05,1
21.118,-4.8005e-05,1
21.119,-4.918e-05,1
21.119,-3.5584e-05,1
21.12,-8.5603e-06,1
21.12,2.0142e-05,1
21.121,4.2802e-05,1
21.121,6.7308e-05,1
21.122,0.0001039,1
21.122,0.0001462,1
21.123,0.0001744,1
21.123,0.00017473,1
21.124,0.00014485,1
21.124,0.00010239,1
21.125,6.5293e-05,1
21.125,4.1123e-05,1
21.126,2.8199e-05,1
21.126,2.0645e-05,1
21.127,1.4435e-05,1
21.128,6.8818e-06,1
21.128,-6.2104e-06,1
21.129,-1.9806e-05,1
21.129,-2.9709e-05,1
21.13,-3.8941e-05,1
21.13,-4.683e-05,1
21.131,-5.0355e-05,1
21.131,-4.7669e-05,1
21.132,-3.9612e-05,1
21.132,-3.4577e-05,1
21.133,-3.4745e-05,1
21.133,-3.6088e-05,1
21.134,-3.508e-05,1
21.134,-3.2395e-05,1
21.135,-2.7863e-05,1
21.135,-1.8463e-05,1
21.136,-6.8818e-06,1
21.136,8.3925e-07,1
21.137,-5.2033e-06,1
21.137,-3.5416e-05,1
21.138,-8.2078e-05,1
21.138,-0.00011682,1
21.139,-0.00011968,1
21.139,-9.4667e-05,1
21.14,-5.7908e-05,1
21.14,-2.8031e-05,1
21.141,-2.1317e-05,1
21.142,-3.2731e-05,1
21.142,-4.0787e-05,1
21.143,-3.2395e-05,1
21.143,-7.5532e-06,1
21.144,4.213e-05,1
21.144,0.00011028,1
21.145,0.00017624,1
21.145,0.00022341,1
21.146,0.00024254,1
21.146,0.00022995,1
21.147,0.00018581,1
21.147,0.00011464,1
21.148,3.1724e-05,1
21.148,-5.0019e-05,1
21.149,-0.00010893,1
21.149,-0.0001284,1
21.15,-0.00011632,1
21.15,-8.7953e-05,1
21.151,-4.7166e-05,1
21.151,6.0426e-06,1
21.152,4.8844e-05,1
21.152,7.4861e-05,1
21.153,0.00010323,1
21.153,0.00014485,1
21.154,0.00019319,1
21.154,0.00023616,1
21.155,0.00024892,1
21.156,0.00022341,1
21.156,0.00017842,1
21.157,0.00013143,1
21.157,8.7785e-05,1
21.158,5.3376e-05,1
21.158,3.3402e-05,1
21.159,2.9206e-05,1
21.159,3.0716e-05,1
21.16,2.8367e-05,1
21.16,1.9806e-05,1
21.161,1.091e-05,1
21.161,2.182e-05,1
21.162,5.5222e-05,1
21.162,8.1071e-05,1
21.163,7.6036e-05,1
21.163,5.304e-05,1
21.164,2.887e-05,1
21.164,9.2317e-06,1
21.165,2.3499e-06,1
21.165,3.357e-06,1
21.166,-2.8534e-06,1
21.166,-2.182e-05,1
21.167,-4.8341e-05,1
21.167,-8.04e-05,1
21.168,-0.00011531,1
21.169,-0.0001467,1
21.169,-0.00016416,1
21.17,-0.00016332,1
21.17,-0.0001519,1
21.171,-0.0001373,1
21.171,-0.00011749,1
21.172,-8.6107e-05,1
21.172,-4.9516e-05,1
21.173,-1.3596e-05,1
21.173,1.0575e-05,1
21.174,9.0639e-06,1
21.174,-9.0639e-06,1
21.175,-1.6281e-05,1
21.175,-9.0639e-06,1
21.176,-9.7353e-06,1
21.176,-3.743e-05,1
21.177,-7.4022e-05,1
21.177,-9.0639e-05,1
21.178,-8.3085e-05,1
21.178,-6.6468e-05,1
21.179,-4.3809e-05,1
21.179,-5.0355e-07,1
21.18,6.3111e-05,1
21.18,0.0001237,1
21.181,0.00016432,1
21.181,0.00019991,1
21.182,0.00024288,1
21.183,0.00027779,1
21.183,0.00028249,1
21.184,0.00025396,1
21.184,0.00021602,1
21.185,0.0001754,1
21.185,0.00011598,1
21.186,3.1724e-05,1
21.186,-6.3783e-05,1
21.187,-0.0001373,1
21.187,-0.00017037,1
21.188,-0.00017523,1
21.188,-0.00015862,1
21.189,-0.00011968,1
21.189,-6.7475e-05,1
21.19,-1.3764e-05,1
21.19,3.1891e-05,1
21.191,6.1936e-05,1
21.191,8.275e-05,1
21.192,0.00011128,1
21.192,0.00013848,1
21.193,0.0001227,1
21.193,7.57e-05,1
21.194,4.1291e-05,1
21.194,3.1388e-05,1
21.195,3.8773e-05,1
21.196,6.0761e-05,1
21.196,9.5171e-05,1
21.197,0.00011783,1
21.197,0.00010759,1
21.198,7.5364e-05,1
21.198,5.1362e-05,1
21.199,6.63e-05,1
21.199,0.00011397,1
21.2,0.00014452,1
21.2,0.00012454,1
21.201,7.3686e-05,1
21.201,3.0716e-05,1
21.202,7.7211e-06,1
21.202,2.182e-06,1
21.203,6.5461e-06,1
21.203,2.6856e-06,1
21.204,-5.153e-05,1
21.204,-0.0001613,1
21.205,-0.00028148,1
21.205,-0.00037078,1
21.206,-0.00039193,1
21.206,-0.00033452,1
21.207,-0.00024456,1
21.207,-0.00017305,1
21.208,-0.00012387,1
21.209,-7.1504e-05,1
21.209,7.2175e-06,1
21.21,0.00010726,1
21.21,0.00019957,1
21.211,0.00026302,1
21.211,0.00030398,1
21.212,0.00032479,1
21.212,0.00030935,1
21.213,0.00024875,1
21.213,0.00016869,1
21.214,0.00010172,1
21.214,5.8244e-05,1
21.215,2.6017e-05,1
21.215,-5.2033e-06,1
21.216,-3.2059e-05,1
21.216,-4.3305e-05,1
21.217,-4.0452e-05,1
21.217,-4.0955e-05,1
21.218,-5.7237e-05,1
21.218,-7.7211e-05,1
21.219,-8.6442e-05,1
21.219,-8.3925e-05,1
21.22,-7.1e-05,1
21.22,-3.7095e-05,1
21.221,2.1317e-05,1
21.221,9.9199e-05,1
21.222,0.00017171,1
21.223,0.0002031,1
21.223,0.00017775,1
21.224,0.0001227,1
21.224,8.1407e-05,1
21.225,6.9657e-05,1
21.225,6.3111e-05,1
21.226,3.9445e-05,1
21.226,-2.8534e-06,1
21.227,-4.9851e-05,1
21.227,-8.8121e-05,1
21.228,-0.00011901,1
21.228,-0.000142,1
21.229,-0.00014922,1
21.229,-0.00014166,1
21.23,-0.00012689,1
21.23,-0.00011112,1
21.231,-9.7856e-05,1
21.231,-8.5435e-05,1
21.232,-6.63e-05,1
21.232,-3.7766e-05,1
21.233,-6.8818e-06,1
21.233,1.1582e-05,1
21.234,1.8296e-05,1
21.234,3.2059e-05,1
21.235,6.1601e-05,1
21.235,9.2485e-05,1
21.236,0.00011531,1
21.237,0.00013109,1
21.237,0.0001415,1
21.238,0.00014855,1
21.238,0.00015929,1
21.239,0.00017238,1
21.239,0.00017507,1
21.24,0.00016281,1
21.24,0.00014083,1
21.241,0.00011531,1
21.241,9.2485e-05,1
21.242,7.7714e-05,1
21.242,6.865e-05,1
21.243,6.0258e-05,1
21.243,5.0858e-05,1
21.244,4.0787e-05,1
21.244,2.6184e-05,1
21.245,5.8747e-06,1
21.245,-1.326e-05,1
21.246,-2.5681e-05,1
21.246,-3.0884e-05,1
21.247,-3.0381e-05,1
21.247,-2.5681e-05,1
21.248,-2.1988e-05,1
21.248,-2.3331e-05,1
21.249,-2.7359e-05,1
21.25,-2.9374e-05,1
21.25,-3.0716e-05,1
21.251,-3.8941e-05,1
21.251,-5.388e-05,1
21.252,-6.3783e-05,1
21.252,-5.8579e-05,1
21.253,-4.1123e-05,1
21.253,-2.5345e-05,1
21.254,-1.6953e-05,1
21.254,-9.9031e-06,1
21.255,3.8605e-06,1
21.255,1.8967e-05,1
21.256,3.2395e-05,1
21.256,3.3066e-05,1
21.257,1.6617e-05,1
21.257,-5.539e-06,1
21.258,-1.9471e-05,1
21.258,-2.1653e-05,1
21.259,-1.9974e-05,1
21.259,-2.0813e-05,1
21.26,-3.0716e-05,1
21.26,-3.8773e-05,1
21.261,-2.5681e-05,1
21.261,6.3783e-06,1
21.262,4.2634e-05,1
21.262,8.2414e-05,1
21.263,0.00011716,1
21.264,0.00013109,1
21.264,0.00012186,1
21.265,0.00010054,1
21.265,7.9561e-05,1
21.266,7.4357e-05,1
21.266,9.2317e-05,1
21.267,0.00011229,1
21.267,0.00010826,1
21.268,7.8386e-05,1
21.268,3.3234e-05,1
21.269,-2.1149e-05,1
21.269,-6.6636e-05,1
21.27,-8.0903e-05,1
21.27,-6.3279e-05,1
21.271,-4.1794e-05,1
21.271,-2.7359e-05,1
21.272,5.0355e-07,1
21.272,3.5416e-05,1
21.273,4.7501e-05,1
21.273,2.4842e-05,1
21.274,-1.8967e-05,1
21.274,-5.5222e-05,1
21.275,-6.1936e-05,1
21.275,-4.1794e-05,1
21.276,-1.4099e-05,1
21.277,1.1749e-06,1
21.277,8.3925e-07,1
21.278,3.357e-06,1
21.278,2.1149e-05,1
21.279,5.1194e-05,1
21.279,9.2149e-05,1
21.28,0.0001326,1
21.28,0.00014687,1
21.281,0.00012505,1
21.281,8.5267e-05,1
21.282,4.6494e-05,1
21.282,1.0407e-05,1
21.283,-2.1653e-05,1
21.283,-4.2466e-05,1
21.284,-5.2873e-05,1
21.284,-5.4047e-05,1
21.285,-3.2563e-05,1
21.285,1.561e-05,1
21.286,6.479e-05,1
21.286,8.4092e-05,1
21.287,6.7475e-05,1
21.287,3.6927e-05,1
21.288,2.1317e-05,1
21.288,3.0716e-05,1
21.289,5.5222e-05,1
21.29,7.805e-05,1
21.29,8.7617e-05,1
21.291,7.3686e-05,1
21.291,3.743e-05,1
21.292,-2.3499e-06,1
21.292,-2.9877e-05,1
21.293,-3.8437e-05,1
21.293,-3.6423e-05,1
21.294,-3.7095e-05,1
21.294,-4.3137e-05,1
21.295,-5.0523e-05,1
21.295,-5.7237e-05,1
21.296,-5.9922e-05,1
21.296,-4.9516e-05,1
21.297,-2.501e-05,1
21.297,8.5603e-06,1
21.298,5.0019e-05,1
21.298,8.9464e-05,1
21.299,0.00011363,1
21.299,0.000118,1
21.3,0.00010961,1
21.3,9.6178e-05,1
21.301,8.2078e-05,1
21.301,6.7979e-05,1
21.302,5.8915e-05,1
21.302,6.3279e-05,1
21.303,7.3014e-05,1
21.304,7.6707e-05,1
21.304,6.3279e-05,1
21.305,3.4745e-05,1
21.305,5.3712e-06,1
21.306,-1.796e-05,1
21.306,-3.8773e-05,1
21.307,-5.388e-05,1
21.307,-5.774e-05,1
21.308,-4.6159e-05,1
21.308,-3.2731e-05,1
21.309,-4.6159e-05,1
21.309,-7.57e-05,1
21.31,-8.7114e-05,1
21.31,-8.3757e-05,1
21.311,-9.0303e-05,1
21.311,-0.00010793,1
21.312,-0.00011682,1
21.312,-0.00010759,1
21.313,-8.3589e-05,1
21.313,-5.2201e-05,1
21.314,-1.0239e-05,1
21.314,4.3809e-05,1
21.315,0.00010793,1
21.315,0.00017003,1
21.316,0.00020175,1
21.317,0.00019521,1
21.317,0.00018044,1
21.318,0.000189,1
21.318,0.00020478,1
21.319,0.00020394,1
21.319,0.00018782,1
21.32,0.00015392,1
21.32,0.00010155,1
21.321,4.2298e-05,1
21.321,-4.3641e-06,1
21.322,-3.2563e-05,1
21.322,-4.8341e-05,1
21.323,-5.6565e-05,1
21.323,-6.0594e-05,1
21.324,-6.5461e-05,1
21.324,-6.949e-05,1
21.325,-6.9993e-05,1
21.325,-6.8315e-05,1
21.326,-6.7308e-05,1
21.326,-6.4622e-05,1
21.327,-5.6901e-05,1
21.327,-4.7501e-05,1
21.328,-3.8605e-05,1
21.328,-3.0045e-05,1
21.329,-2.6184e-05,1
21.329,-4.7501e-05,1
21.33,-9.6849e-05,1
21.331,-0.00013915,1
21.331,-0.00014351,1
21.332,-0.00011162,1
21.332,-6.2943e-05,1
21.333,-9.0639e-06,1
21.333,4.2802e-05,1
21.334,8.275e-05,1
21.334,0.00010776,1
21.335,0.00013126,1
21.335,0.0001556,1
21.336,0.00017473,1
21.336,0.00018648,1
21.337,0.00018849,1
21.337,0.00017003,1
21.338,0.00012639,1
21.338,7.1168e-05,1
21.339,3.3402e-05,1
21.339,2.9877e-05,1
21.34,4.5319e-05,1
21.34,5.6565e-05,1
21.341,5.153e-05,1
21.341,3.508e-05,1
21.342,1.5946e-05,1
21.342,-4.1962e-06,1
21.343,-2.2324e-05,1
21.343,-3.3738e-05,1
21.344,-3.3402e-05,1
21.345,-2.4674e-05,1
21.345,-1.3596e-05,1
21.346,-1.0239e-05,1
21.346,-1.4603e-05,1
21.347,-1.091e-05,1
21.347,1.1917e-05,1
21.348,4.2298e-05,1
21.348,6.0761e-05,1
21.349,6.9657e-05,1
21.349,8.4596e-05,1
21.35,9.7856e-05,1
21.35,9.0974e-05,1
21.351,5.7572e-05,1
21.351,-8.2246e-06,1
21.352,-7.8889e-05,1
21.352,-8.7449e-05,1
21.353,-3.592e-05,1
21.353,1.7288e-05,1
21.354,2.7359e-05,1
21.354,2.182e-06,1
21.355,-2.3331e-05,1
21.355,-3.0716e-05,1
21.356,-1.4771e-05,1
21.356,1.8631e-05,1
21.357,5.7404e-05,1
21.358,8.8457e-05,1
21.358,0.00010172,1
21.359,8.9128e-05,1
21.359,6.0426e-05,1
21.36,4.3137e-05,1
21.36,4.5487e-05,1
21.361,4.8676e-05,1
21.361,4.1459e-05,1
21.362,3.9948e-05,1
21.362,5.3376e-05,1
21.363,6.8986e-05,1
21.363,6.7811e-05,1
21.364,4.9516e-05,1
21.364,2.5345e-05,1
21.365,6.8818e-06,1
21.365,5.2033e-06,1
21.366,2.8367e-05,1
21.366,5.3208e-05,1
21.367,5.0019e-05,1
21.367,1.5442e-05,1
21.368,-2.8367e-05,1
21.368,-5.7572e-05,1
21.369,-6.949e-05,1
21.369,-6.9993e-05,1
21.37,-6.1601e-05,1
21.37,-5.0523e-05,1
21.371,-4.6998e-05,1
21.372,-5.5558e-05,1
21.372,-7.2511e-05,1
21.373,-9.2485e-05,1
21.373,-0.00010507,1
21.374,-9.9702e-05,1
21.374,-7.9057e-05,1
21.375,-5.7404e-05,1
21.375,-4.2634e-05,1
21.376,-4.1123e-05,1
21.376,-5.1362e-05,1
21.377,-4.1962e-05,1
21.377,8.3925e-06,1
21.378,7.2679e-05,1
21.378,0.00010591,1
21.379,9.2485e-05,1
21.379,5.4719e-05,1
21.38,2.3331e-05,1
21.38,1.3092e-05,1
21.381,1.4939e-05,1
21.381,1.9303e-05,1
21.382,3.0213e-05,1
21.382,5.4047e-05,1
21.383,7.7211e-05,1
21.383,8.04e-05,1
21.384,6.7308e-05,1
21.385,5.8244e-05,1
21.385,6.3783e-05,1
21.386,8.7114e-05,1
21.386,0.00012219,1
21.387,0.00014855,1
21.387,0.00016164,1
21.388,0.00017859,1
21.388,0.00019001,1
21.389,0.0001791,1
21.389,0.00014418,1
21.39,9.5171e-05,1
21.39,4.7166e-05,1
21.391,4.1962e-06,1
21.391,-2.6017e-05,1
21.392,-2.2995e-05,1
21.392,1.8631e-05,1
21.393,7.8386e-05,1
21.393,0.0001086,1
21.394,8.7785e-05,1
21.394,3.5248e-05,1
21.395,-1.2589e-05,1
21.395,-3.3234e-05,1
21.396,-3.1052e-05,1
21.396,-1.7624e-05,1
21.397,-3.357e-06,1
21.398,3.8605e-06,1
21.398,-8.3925e-07,1
21.399,-1.796e-05,1
21.399,-3.8437e-05,1
21.4,-5.3208e-05,1
21.4,-6.1265e-05,1
21.401,-6.4958e-05,1
21.401,-6.6636e-05,1
21.402,-6.5293e-05,1
21.402,-5.8579e-05,1
21.403,-4.683e-05,1
21.403,-3.3402e-05,1
21.404,-2.3667e-05,1
21.404,-1.9135e-05,1
21.405,-1.7288e-05,1
21.405,-1.6953e-05,1
21.406,-1.7624e-05,1
21.406,-1.7624e-05,1
21.407,-1.6281e-05,1
21.407,-1.5106e-05,1
21.408,-1.3596e-05,1
21.408,-9.2317e-06,1
21.409,-2.5177e-06,1
21.409,5.0355e-06,1
21.41,1.2757e-05,1
21.41,1.8967e-05,1
21.411,2.3667e-05,1
21.412,2.6017e-05,1
21.412,1.9638e-05,1
21.413,4.5319e-06,1
21.413,-9.0639e-06,1
21.414,-9.0639e-06,1
21.414,1.1917e-05,1
21.415,3.7766e-05,1
21.415,4.8005e-05,1
21.416,3.508e-05,1
21.416,7.0497e-06,1
21.417,-1.561e-05,1
21.417,-1.7288e-05,1
21.418,-1.1749e-06,1
21.418,2.266e-05,1
21.419,4.2634e-05,1
21.419,5.3544e-05,1
21.42,5.8915e-05,1
21.42,5.3376e-05,1
21.421,3.3738e-05,1
21.421,8.2246e-06,1
21.422,-7.5532e-06,1
21.422,-1.0575e-05,1
21.423,-8.5603e-06,1
21.423,-1.2589e-05,1
21.424,-2.8367e-05,1
21.424,-4.8844e-05,1
21.425,-6.0258e-05,1
21.426,-5.7404e-05,1
21.426,-4.6494e-05,1
21.427,-3.3234e-05,1
21.427,-1.4603e-05,1
21.428,1.3092e-05,1
21.428,4.3641e-05,1
21.429,7.0832e-05,1
21.429,9.8863e-05,1
21.43,0.00013243,1
21.43,0.00017305,1
21.431,0.00022206,1
21.431,0.00026436,1
21.432,0.00027443,1
21.432,0.00025194,1
21.433,0.00021099,1
21.433,0.00016533,1
21.434,0.00012337,1
21.434,8.4428e-05,1
21.435,4.2802e-05,1
21.435,-6.714e-06,1
21.436,-5.2201e-05,1
21.436,-7.8218e-05,1
21.437,-9.0471e-05,1
21.437,-0.00011699,1
21.438,-0.00016197,1
21.439,-0.00019017,1
21.439,-0.00017255,1
21.44,-0.00012102,1
21.44,-5.5894e-05,1
21.441,8.2246e-06,1
21.441,5.5222e-05,1
21.442,7.9393e-05,1
21.442,7.8386e-05,1
21.443,6.1265e-05,1
21.443,5.6565e-05,1
21.444,8.9799e-05,1
21.444,0.00014401,1
21.445,0.00017691,1
21.445,0.00016902,1
21.446,0.000142,1
21.446,0.00012203,1
21.447,0.00011044,1
21.447,8.9799e-05,1
21.448,5.304e-05,1
21.448,1.1749e-05,1
21.449,-1.9638e-05,1
21.449,-5.1194e-05,1
21.45,-8.6107e-05,1
21.45,-0.00010256,1
21.451,-8.3085e-05,1
21.451,-5.2033e-05,1
21.452,-4.8676e-05,1
21.453,-6.865e-05,1
21.453,-5.8915e-05,1
21.454,-2.3499e-06,1
21.454,4.918e-05,1
21.455,5.5894e-05,1
21.455,3.3066e-05,1
21.456,4.6998e-06,1
21.456,-2.0645e-05,1
21.457,-4.5151e-05,1
21.457,-8.1071e-05,1
21.458,-0.00013394,1
21.458,-0.00016013,1
21.459,-0.00013445,1
21.459,-8.5435e-05,1
21.46,-4.0452e-05,1
21.46,8.896e-06,1
21.461,7.0161e-05,1
21.461,0.00011162,1
21.462,0.00010692,1
21.462,8.0903e-05,1
21.463,7.0832e-05,1
21.463,8.1743e-05,1
21.464,0.00010188,1
21.464,0.00011397,1
21.465,0.00011196,1
21.466,0.00010037,1
21.466,8.7449e-05,1
21.467,7.2175e-05,1
21.467,5.0019e-05,1
21.468,2.6688e-05,1
21.468,9.9031e-06,1
21.469,2.5177e-06,1
21.469,3.357e-06,1
21.47,9.0639e-06,1
21.47,1.5106e-05,1
21.471,2.1149e-05,1
21.471,3.1724e-05,1
21.472,5.0523e-05,1
21.472,7.1336e-05,1
21.473,8.6442e-05,1
21.473,9.0135e-05,1
21.474,8.3925e-05,1
21.474,7.1839e-05,1
21.475,5.1026e-05,1
21.475,2.652e-05,1
21.476,2.5177e-06,1
21.476,-2.0142e-05,1
21.477,-3.2563e-05,1
21.477,-2.8367e-05,1
21.478,-1.5946e-05,1
21.479,-9.5674e-06,1
21.479,-1.2589e-05,1
21.48,-1.5442e-05,1
21.48,-1.4939e-05,1
21.481,-1.561e-05,1
21.481,-1.9974e-05,1
21.482,-2.6017e-05,1
21.482,-3.0549e-05,1
21.483,-3.0045e-05,1
21.483,-2.6352e-05,1
21.484,-2.1653e-05,1
21.484,-2.3163e-05,1
21.485,-4.5319e-05,1
21.485,-7.6036e-05,1
21.486,-8.9296e-05,1
21.486,-7.8721e-05,1
21.487,-5.6062e-05,1
21.487,-3.1052e-05,1
21.488,-1.0575e-05,1
21.488,2.182e-06,1
21.489,5.2033e-06,1
21.489,-1.8463e-06,1
21.49,-1.326e-05,1
21.49,-2.5513e-05,1
21.491,-2.7863e-05,1
21.491,8.2246e-06,1
21.492,6.2104e-05,1
21.493,7.5532e-05,1
21.493,3.2395e-05,1
21.494,-3.1388e-05,1
21.494,-7.8218e-05,1
21.495,-9.5674e-05,1
21.495,-7.7379e-05,1
21.496,-3.7095e-05,1
21.496,2.5177e-06,1
21.497,3.0045e-05,1
21.497,4.7501e-05,1
21.498,6.5629e-05,1
21.498,8.4932e-05,1
21.499,0.00011229,1
21.499,0.0001603,1
21.5,0.00020847,1
21.5,0.00022441,1
21.501,0.00019789,1
21.501,0.00014284,1
21.502,8.8121e-05,1
21.502,6.2272e-05,1
21.503,7.6707e-05,1
21.503,0.00011128,1
21.504,0.00014183,1
21.504,0.00015627,1
21.505,0.00014351,1
21.506,9.8192e-05,1
21.506,3.9445e-05,1
21.507,-3.357e-07,1
21.507,-1.0407e-05,1
21.508,-2.266e-05,1
21.508,-5.623e-05,1
21.509,-9.2485e-05,1
21.509,-0.00010507,1
21.51,-8.7785e-05,1
21.51,-5.7572e-05,1
21.511,-3.3066e-05,1
21.511,-6.714e-06,1
21.512,4.1123e-05,1
21.512,0.00010289,1
21.513,0.00014855,1
21.513,0.00016634,1
21.514,0.00016097,1
21.514,0.00013529,1
21.515,9.2821e-05,1
21.515,4.2634e-05,1
21.516,-2.5177e-06,1
21.516,-3.2731e-05,1
21.517,-4.448e-05,1
21.517,-4.7166e-05,1
21.518,-6.7308e-05,1
21.518,-0.00010457,1
21.519,-0.00012538,1
21.52,-0.00010877,1
21.52,-6.6636e-05,1
21.521,-1.796e-05,1
21.521,2.5345e-05,1
21.522,4.7333e-05,1
21.522,4.4648e-05,1
21.523,3.743e-05,1
21.523,4.6159e-05,1
21.524,6.4286e-05,1
21.524,7.8386e-05,1
21.525,9.3492e-05,1
21.525,9.8192e-05,1
21.526,8.04e-05,1
21.526,4.6998e-05,1
21.527,7.7211e-06,1
21.527,-4.062e-05,1
21.528,-9.2317e-05,1
21.528,-0.00012656,1
21.529,-0.0001284,1
21.529,-0.00010289,1
21.53,-6.9993e-05,1
21.53,-4.1123e-05,1
21.531,-1.3596e-05,1
21.531,3.1891e-06,1
21.532,7.3854e-06,1
21.532,2.1317e-05,1
21.533,4.9851e-05,1
21.534,7.9393e-05,1
21.534,0.00010088,1
21.535,0.00011531,1
21.535,0.00012639,1
21.536,0.00014166,1
21.536,0.00015358,1
21.537,0.00013361,1
21.537,7.2175e-05,1
21.538,-3.1891e-06,1
21.538,-6.1936e-05,1
21.539,-0.00010138,1
21.539,-0.00013092,1
21.54,-0.00014955,1
21.54,-0.00015375,1
21.541,-0.00014351,1
21.541,-0.00011666,1
21.542,-7.805e-05,1
21.542,-3.978e-05,1
21.543,-1.5106e-06,1
21.543,4.5991e-05,1
21.544,0.00010306,1
21.544,0.00015224,1
21.545,0.00018447,1
21.545,0.00019991,1
21.546,0.00019269,1
21.547,0.00016147,1
21.547,0.00012572,1
21.548,0.00010323,1
21.548,9.1814e-05,1
21.549,8.5435e-05,1
21.549,7.0665e-05,1
21.55,3.508e-05,1
21.55,-3.8102e-05,1
21.551,-0.00014502,1
21.551,-0.00022928,1
21.552,-0.00024674,1
21.552,-0.00020746,1
21.553,-0.00014267,1
21.553,-7.7379e-05,1
21.554,-2.2995e-05,1
21.554,1.1414e-05,1
21.555,2.266e-05,1
21.555,2.8702e-05,1
21.556,5.7572e-05,1
21.556,0.00011196,1
21.557,0.00016466,1
21.557,0.00020125,1
21.558,0.00021602,1
21.558,0.00019789,1
21.559,0.0001556,1
21.559,9.5171e-05,1
21.56,2.7527e-05,1
21.561,-2.0478e-05,1
21.561,-3.6927e-05,1
21.562,-3.2731e-05,1
21.562,-2.6352e-05,1
21.563,-2.6017e-05,1
21.563,-3.1891e-05,1
21.564,-5.0187e-05,1
21.564,-8.5435e-05,1
21.565,-0.00011296,1
21.565,-0.0001133,1
21.566,-8.6107e-05,1
21.566,-3.8941e-05,1
21.567,1.4267e-05,1
21.567,5.4047e-05,1
21.568,7.6707e-05,1
21.568,9.0806e-05,1
21.569,0.00010323,1
21.569,0.00012068,1
21.57,0.00014485,1
21.57,0.00016835,1
21.571,0.00017372,1
21.571,0.00015694,1
21.572,0.0001284,1
21.572,9.9199e-05,1
21.573,7.57e-05,1
21.574,5.5222e-05,1
21.574,3.6927e-05,1
21.575,2.1317e-05,1
21.575,1.5946e-05,1
21.576,3.2059e-05,1
21.576,5.8915e-05,1
21.577,7.1672e-05,1
21.577,5.5894e-05,1
21.578,1.6953e-05,1
21.578,-3.1388e-05,1
21.579,-7.0329e-05,1
21.579,-7.3182e-05,1
21.58,-4.8508e-05,1
21.58,-2.3667e-05,1
21.581,-1.1414e-05,1
21.581,-2.031e-05,1
21.582,-5.388e-05,1
21.582,-9.7688e-05,1
21.583,-0.0001274,1
21.583,-0.00012438,1
21.584,-9.5842e-05,1
21.584,-6.3447e-05,1
21.585,-3.8102e-05,1
21.585,-1.7456e-05,1
21.586,-8.3925e-07,1
21.587,1.1749e-06,1
21.587,-1.6281e-05,1
21.588,-4.2466e-05,1
21.588,-5.8412e-05,1
21.589,-5.8747e-05,1
21.589,-4.6159e-05,1
21.59,-2.5681e-05,1
21.59,-5.8747e-06,1
21.591,1.1246e-05,1
21.591,1.9471e-05,1
21.592,1.326e-05,1
21.592,8.3925e-07,1
21.593,-3.5248e-06,1
21.593,5.539e-06,1
21.594,1.8463e-05,1
21.594,1.8967e-05,1
21.595,4.1962e-06,1
21.595,-7.3854e-06,1
21.596,7.3854e-06,1
21.596,6.2104e-05,1
21.597,0.00014401,1
21.597,0.00022257,1
21.598,0.0002882,1
21.598,0.00032647,1
21.599,0.00031438,1
21.599,0.00025144,1
21.6,0.00017507,1
21.601,0.000118,1
21.601,8.2414e-05,1
21.602,5.3376e-05,1
21.602,2.3499e-05,1
21.603,3.357e-07,1
21.603,-8.2246e-06,1
21.604,-8.896e-06,1
21.604,-1.5778e-05,1
21.605,-2.6352e-05,1
21.605,-2.7359e-05,1
21.606,-2.4338e-05,1
21.606,-2.7359e-05,1
21.607,-3.508e-05,1
21.607,-4.062e-05,1
21.608,-4.4144e-05,1
21.608,-4.5823e-05,1
21.609,-4.6662e-05,1
21.609,-4.9516e-05,1
21.61,-5.0019e-05,1
21.61,-5.0187e-05,1
21.611,-4.9516e-05,1
21.611,-4.2802e-05,1
21.612,-3.4409e-05,1
21.612,-4.1459e-05,1
21.613,-6.1265e-05,1
21.613,-7.7882e-05,1
21.614,-8.2078e-05,1
21.615,-7.2343e-05,1
21.615,-5.1865e-05,1
21.616,-2.1149e-05,1
21.616,1.3428e-05,1
21.617,4.6662e-05,1
21.617,6.9322e-05,1
21.618,7.6036e-05,1
21.618,7.2679e-05,1
21.619,7.4022e-05,1
21.619,8.8121e-05,1
21.62,0.00010776,1
21.62,0.00011867,1
21.621,0.00011498,1
21.621,9.8192e-05,1
21.622,7.7714e-05,1
21.622,6.2943e-05,1
21.623,6.2104e-05,1
21.623,7.6707e-05,1
21.624,9.0806e-05,1
21.624,8.6946e-05,1
21.625,5.7237e-05,1
21.625,1.5946e-05,1
21.626,-2.5177e-06,1
21.626,1.0575e-05,1
21.627,3.2898e-05,1
21.628,4.2802e-05,1
21.628,2.9038e-05,1
21.629,5.0355e-07,1
21.629,-2.501e-05,1
21.63,-3.7766e-05,1
21.63,-3.8102e-05,1
21.631,-2.8367e-05,1
21.631,-6.8818e-06,1
21.632,2.0142e-05,1
21.632,3.1891e-05,1
21.633,1.5946e-05,1
21.633,-1.4939e-05,1
21.634,-4.1123e-05,1
21.634,-5.6733e-05,1
21.635,-6.3279e-05,1
21.635,-6.6133e-05,1
21.636,-7.2679e-05,1
21.636,-8.04e-05,1
21.637,-7.8553e-05,1
21.637,-6.009e-05,1
21.638,-4.062e-05,1
21.638,-3.0213e-05,1
21.639,-2.8031e-05,1
21.639,-2.8702e-05,1
21.64,-3.2059e-05,1
21.64,-3.1052e-05,1
21.641,-1.5274e-05,1
21.642,1.7288e-05,1
21.642,6.0258e-05,1
21.643,0.00010524,1
21.643,0.00014284,1
21.644,0.00016265,1
21.644,0.00016097,1
21.645,0.00015073,1
21.645,0.00014133,1
21.646,0.00013176,1
21.646,0.00012169,1
21.647,0.00011179,1
21.647,0.00010071,1
21.648,8.3925e-05,1
21.648,5.8747e-05,1
21.649,3.1388e-05,1
21.649,1.4099e-05,1
21.65,1.0407e-05,1
21.65,7.8889e-06,1
21.651,1.8463e-06,1
21.651,3.1891e-06,1
21.652,1.8631e-05,1
21.652,3.5416e-05,1
21.653,4.1459e-05,1
21.653,3.6759e-05,1
21.654,2.7359e-05,1
21.655,1.561e-05,1
21.655,1.0071e-06,1
21.656,-1.2757e-05,1
21.656,-1.9806e-05,1
21.657,-1.9806e-05,1
21.657,-1.9303e-05,1
21.658,-2.0813e-05,1
21.658,-2.7024e-05,1
21.659,-3.8773e-05,1
21.659,-4.7669e-05,1
21.66,-5.0858e-05,1
21.66,-5.0187e-05,1
21.661,-4.683e-05,1
21.661,-4.7166e-05,1
21.662,-5.8747e-05,1
21.662,-6.5965e-05,1
21.663,-5.4551e-05,1
21.663,-3.3066e-05,1
21.664,-1.2253e-05,1
21.664,8.5603e-06,1
21.665,2.8702e-05,1
21.665,4.4816e-05,1
21.666,5.3544e-05,1
21.666,4.7501e-05,1
21.667,2.8031e-05,1
21.668,6.3783e-06,1
21.668,-1.561e-05,1
21.669,-3.6759e-05,1
21.669,-4.0116e-05,1
21.67,-1.9303e-05,1
21.67,2.8534e-06,1
21.671,1.1749e-06,1
21.671,-3.2395e-05,1
21.672,-8.1071e-05,1
21.672,-9.6513e-05,1
21.673,-6.0594e-05,1
21.673,8.3925e-06,1
21.674,8.2078e-05,1
21.674,0.00014284,1
21.675,0.00018682,1
21.675,0.00020998,1
21.676,0.00021199,1
21.676,0.00020578,1
21.677,0.00021132,1
21.677,0.00022744,1
21.678,0.000236,1
21.678,0.00022089,1
21.679,0.00018044,1
21.679,0.00013243,1
21.68,8.9632e-05,1
21.68,5.1194e-05,1
21.681,1.6953e-05,1
21.682,-9.9031e-06,1
21.682,-3.2898e-05,1
21.683,-6.6804e-05,1
21.683,-0.0001091,1
21.684,-0.00014267,1
21.684,-0.00014586,1
21.685,-0.00012404,1
21.685,-9.7688e-05,1
21.686,-7.2679e-05,1
21.686,-5.2201e-05,1
21.687,-3.743e-05,1
21.687,-2.7024e-05,1
21.688,-1.8128e-05,1
21.688,2.8534e-06,1
21.689,3.6088e-05,1
21.689,6.9322e-05,1
21.69,8.7114e-05,1
21.69,8.1071e-05,1
21.691,5.8076e-05,1
21.691,3.8605e-05,1
21.692,3.6591e-05,1
21.692,5.7404e-05,1
21.693,9.4163e-05,1
21.693,0.00012337,1
21.694,0.00012068,1
21.695,7.0329e-05,1
21.695,-1.2421e-05,1
21.696,-8.1071e-05,1
21.696,-9.8192e-05,1
21.697,-7.3014e-05,1
21.697,-4.7837e-05,1
21.698,-6.9322e-05,1
21.698,-0.0001368,1
21.699,-0.00019152,1
21.699,-0.00019588,1
21.7,-0.00017087,1
21.7,-0.00013948,1
21.701,-0.0001044,1
21.701,-5.623e-05,1
21.702,9.5674e-06,1
21.702,7.3014e-05,1
21.703,0.000118,1
21.703,0.0001608,1
21.704,0.00021602,1
21.704,0.00025832,1
21.705,0.00024959,1
21.705,0.00016735,1
21.706,4.4816e-05,1
21.706,-5.1865e-05,1
21.707,-8.4428e-05,1
21.707,-6.2272e-05,1
21.708,-1.326e-05,1
21.709,4.8844e-05,1
21.709,0.00012001,1
21.71,0.00019017,1
21.71,0.00023935,1
21.711,0.00025429,1
21.711,0.00023516,1
21.712,0.00020562,1
21.712,0.00018514,1
21.713,0.0001566,1
21.713,0.00010524,1
21.714,3.9948e-05,1
21.714,-2.2995e-05,1
21.715,-7.4022e-05,1
21.715,-0.00010524,1
21.716,-0.00011397,1
21.716,-0.00011095,1
21.717,-0.00010188,1
21.717,-8.3757e-05,1
21.718,-6.2104e-05,1
21.718,-5.153e-05,1
21.719,-5.1698e-05,1
21.719,-4.5151e-05,1
21.72,-3.4409e-05,1
21.72,-3.8102e-05,1
21.721,-5.5055e-05,1
21.721,-7.0161e-05,1
21.722,-7.4693e-05,1
21.723,-6.9657e-05,1
21.723,-6.2608e-05,1
21.724,-5.2537e-05,1
21.724,-3.5248e-05,1
21.725,-1.3596e-05,1
21.725,9.7353e-06,1
21.726,3.2059e-05,1
21.726,4.9516e-05,1
21.727,5.8915e-05,1
21.727,6.4622e-05,1
21.728,6.7643e-05,1
21.728,6.3951e-05,1
21.729,4.9516e-05,1
21.729,2.8702e-05,1
21.73,9.9031e-06,1
21.73,-1.8463e-06,1
21.731,-9.3996e-06,1
21.731,-1.1749e-05,1
21.732,-8.896e-06,1
21.732,-5.539e-06,1
21.733,-5.539e-06,1
21.733,-9.5674e-06,1
21.734,-9.9031e-06,1
21.734,-4.1962e-06,1
21.735,-6.8818e-06,1
21.736,-3.3234e-05,1
21.736,-7.5029e-05,1
21.737,-0.00010289,1
21.737,-0.00011397,1
21.738,-0.00014166,1
21.738,-0.0002036,1
21.739,-0.00025866,1
21.739,-0.00026419,1
21.74,-0.00022156,1
21.74,-0.00014804,1
21.741,-5.388e-05,1
21.741,5.5558e-05,1
21.742,0.0001566,1
21.742,0.00022794,1
21.743,0.00027544,1
21.743,0.00031807,1
21.744,0.00036373,1
21.744,0.00040536,1
21.745,0.00042181,1
21.745,0.00038958,1
21.746,0.00031371,1
21.746,0.00022542,1
21.747,0.00015543,1
21.747,0.000118,1
21.748,9.9702e-05,1
21.748,8.0064e-05,1
21.749,5.2537e-05,1
21.75,1.6617e-05,1
21.75,1.8463e-06,1
21.751,2.1149e-05,1
21.751,4.5823e-05,1
21.752,4.5823e-05,1
21.752,2.1149e-05,1
21.753,-1.326e-05,1
21.753,-4.6494e-05,1
21.754,-6.63e-05,1
21.754,-6.2943e-05,1
21.755,-3.6927e-05,1
21.755,-1.5106e-06,1
21.756,3.122e-05,1
21.756,5.5894e-05,1
21.757,6.6636e-05,1
21.757,6.1097e-05,1
21.758,5.1362e-05,1
21.758,4.6662e-05,1
21.759,3.978e-05,1
21.759,2.9709e-05,1
21.76,2.1317e-05,1
21.76,8.3925e-06,1
21.761,-1.7624e-05,1
21.761,-5.2201e-05,1
21.762,-8.275e-05,1
21.763,-8.661e-05,1
21.763,-6.7475e-05,1
21.764,-5.3208e-05,1
21.764,-6.0761e-05,1
21.765,-8.1743e-05,1
21.765,-9.5506e-05,1
21.766,-9.5171e-05,1
21.766,-8.8457e-05,1
21.767,-7.6875e-05,1
21.767,-5.5726e-05,1
21.768,-2.9709e-05,1
21.768,-3.6927e-06,1
21.769,1.5946e-05,1
21.769,1.9638e-05,1
21.77,9.7353e-06,1
21.77,-2.5177e-06,1
21.771,-2.2324e-05,1
21.771,-5.9419e-05,1
21.772,-0.00010944,1
21.772,-0.00015106,1
21.773,-0.00016735,1
21.773,-0.00015828,1
21.774,-0.00012992,1
21.774,-9.9702e-05,1
21.775,-8.2414e-05,1
21.776,-6.6133e-05,1
21.776,-4.1459e-05,1
21.777,-1.2421e-05,1
21.777,2.2324e-05,1
21.778,6.4958e-05,1
21.778,9.5842e-05,1
21.779,9.2317e-05,1
21.779,6.5293e-05,1
21.78,5.0858e-05,1
21.78,7.4525e-05,1
21.781,0.00012605,1
21.781,0.0001754,1
21.782,0.00019857,1
21.782,0.00018782,1
21.783,0.00015023,1
21.783,0.00011464,1
21.784,9.9199e-05,1
21.784,0.00010356,1
21.785,0.00012404,1
21.785,0.00015744,1
21.786,0.00018111,1
21.786,0.000189,1
21.787,0.00019857,1
21.787,0.00021535,1
21.788,0.00021804,1
21.788,0.0001942,1
21.789,0.00015492,1
21.79,0.00011833,1
21.79,9.0471e-05,1
21.791,8.191e-05,1
21.791,9.8863e-05,1
21.792,0.00011582,1
21.792,0.00010105,1
21.793,4.0787e-05,1
21.793,-4.7669e-05,1
21.794,-0.00012689,1
21.794,-0.00017154,1
21.795,-0.00018178,1
21.795,-0.00016584,1
21.796,-0.00012152,1
21.796,-5.1194e-05,1
21.797,1.9303e-05,1
21.797,4.4984e-05,1
21.798,7.8889e-06,1
21.798,-5.1194e-05,1
21.799,-7.9393e-05,1
21.799,-8.9464e-05,1
21.8,-0.00012941,1
21.8,-0.00021115,1
21.801,-0.00029911,1
21.801,-0.0003592,1
21.802,-0.00038337,1
21.802,-0.00037766,1
21.803,-0.0003456,1
21.804,-0.00029004,1
21.804,-0.00020629,1
21.805,-0.00011514,1
21.805,-4.2466e-05,1
21.806,4.3137e-05,1
21.806,0.00017272,1
21.807,0.00031505,1
21.807,0.00041811,1
21.808,0.00046175,1
21.808,0.00044514,1
21.809,0.00037481,1
21.809,0.00027494,1
21.81,0.00017171,1
21.81,9.366e-05,1
21.811,6.1601e-05,1
21.811,5.623e-05,1
21.812,3.6088e-05,1
21.812,-1.5106e-06,1
21.813,-2.7024e-05,1
21.813,-2.0981e-05,1
21.814,1.5442e-05,1
21.814,6.4286e-05,1
21.815,0.00010054,1
21.815,0.00011565,1
21.816,0.00012522,1
21.817,0.00013915,1
21.817,0.00014485,1
21.818,0.0001133,1
21.818,6.3951e-05,1
21.819,4.3305e-05,1
21.819,5.4215e-05,1
21.82,6.9322e-05,1
21.82,6.9322e-05,1
21.821,5.6062e-05,1
21.821,4.1123e-05,1
21.822,3.5416e-05,1
21.822,4.9683e-05,1
21.823,7.0161e-05,1
21.823,7.4693e-05,1
21.824,5.4719e-05,1
21.824,1.6617e-05,1
21.825,-2.9374e-05,1
21.825,-7.0665e-05,1
21.826,-8.3421e-05,1
21.826,-5.5222e-05,1
21.827,-1.6281e-05,1
21.827,1.8463e-06,1
21.828,-6.5461e-06,1
21.828,-3.3738e-05,1
21.829,-6.3951e-05,1
21.829,-8.9464e-05,1
21.83,-0.0001039,1
21.831,-9.987e-05,1
21.831,-8.3421e-05,1
21.832,-6.9154e-05,1
21.832,-6.5293e-05,1
21.833,-6.9993e-05,1
21.833,-7.9057e-05,1
21.834,-9.601e-05,1
21.834,-0.00011833,1
21.835,-0.00013579,1
21.835,-0.00013999,1
21.836,-0.00013159,1
21.836,-0.00011431,1
21.837,-0.00010054,1
21.837,-9.601e-05,1
21.838,-8.5603e-05,1
21.838,-4.6494e-05,1
21.839,2.6352e-05,1
21.839,0.00011397,1
21.84,0.00018245,1
21.84,0.00019957,1
21.841,0.0001707,1
21.841,0.0001274,1
21.842,9.6849e-05,1
21.842,8.4932e-05,1
21.843,8.1407e-05,1
21.844,8.2414e-05,1
21.844,8.5267e-05,1
21.845,8.7114e-05,1
21.845,8.9128e-05,1
21.846,9.0135e-05,1
21.846,8.5267e-05,1
21.847,6.5293e-05,1
21.847,3.9612e-05,1
21.848,2.182e-05,1
21.848,1.4939e-05,1
21.849,1.8296e-05,1
21.849,2.7024e-05,1
21.85,3.4073e-05,1
21.85,3.6088e-05,1
21.851,3.2395e-05,1
21.851,1.9974e-05,1
21.852,7.8889e-06,1
21.852,4.8676e-06,1
21.853,1.2589e-05,1
21.853,2.501e-05,1
21.854,3.0381e-05,1
21.854,2.3499e-05,1
21.855,1.5274e-05,1
21.855,1.5274e-05,1
21.856,-1.0071e-06,1
21.857,-3.7263e-05,1
21.857,-6.1936e-05,1
21.858,-5.8747e-05,1
21.858,-4.1459e-05,1
21.859,-1.1917e-05,1
21.859,3.6591e-05,1
21.86,9.1142e-05,1
21.86,0.00013478,1
21.861,0.00014586,1
21.861,0.00012136,1
21.862,8.8792e-05,1
21.862,7.7714e-05,1
21.863,9.9199e-05,1
21.863,0.00013075,1
21.864,0.00013864,1
21.864,0.00011565,1
21.865,7.805e-05,1
21.865,3.9445e-05,1
21.866,9.7353e-06,1
21.866,-1.0407e-05,1
21.867,-2.5513e-05,1
21.867,-3.2395e-05,1
21.868,-2.8534e-05,1
21.868,-2.3667e-05,1
21.869,-2.4842e-05,1
21.869,-2.8534e-05,1
21.87,-3.0381e-05,1
21.871,-3.3402e-05,1
21.871,-4.0787e-05,1
21.872,-5.1194e-05,1
21.872,-5.8412e-05,1
21.873,-6.3615e-05,1
21.873,-6.2272e-05,1
21.874,-4.683e-05,1
21.874,-2.8534e-05,1
21.875,-2.4674e-05,1
21.875,-4.0116e-05,1
21.876,-6.63e-05,1
21.876,-8.2918e-05,1
21.877,-8.1743e-05,1
21.877,-7.335e-05,1
21.878,-5.6565e-05,1
21.878,-1.5778e-05,1
21.879,3.978e-05,1
21.879,8.04e-05,1
21.88,8.4428e-05,1
21.88,5.8915e-05,1
21.881,2.8367e-05,1
21.881,-5.2033e-06,1
21.882,-3.8941e-05,1
21.882,-4.5487e-05,1
21.883,-2.1317e-05,1
21.884,1.6953e-05,1
21.884,4.6494e-05,1
21.885,5.0187e-05,1
21.885,4.3305e-05,1
21.886,5.4719e-05,1
21.886,9.0471e-05,1
21.887,0.0001373,1
21.887,0.00018178,1
21.888,0.00021736,1
21.888,0.00022593,1
21.889,0.00020092,1
21.889,0.00016483,1
21.89,0.00014166,1
21.89,0.00013143,1
21.891,0.00012001,1
21.891,9.9535e-05,1
21.892,7.8553e-05,1
21.892,7.0832e-05,1
21.893,7.9896e-05,1
21.893,9.5674e-05,1
21.894,9.5842e-05,1
21.894,6.9657e-05,1
21.895,2.5849e-05,1
21.895,-2.6856e-05,1
21.896,-8.1239e-05,1
21.896,-0.00013831,1
21.897,-0.00018598,1
21.898,-0.00019571,1
21.898,-0.00017557,1
21.899,-0.00015828,1
21.899,-0.00014888,1
21.9,-0.00013277,1
21.9,-9.9535e-05,1
21.901,-4.6159e-05,1
21.901,1.6953e-05,1
21.902,6.7811e-05,1
21.902,9.3156e-05,1
21.903,9.4163e-05,1
21.903,9.3828e-05,1
21.904,0.00010188,1
21.904,0.00010054,1
21.905,7.2175e-05,1
21.905,1.5946e-05,1
21.906,-6.244e-05,1
21.906,-0.00015929,1
21.907,-0.0002365,1
21.907,-0.00024321,1
21.908,-0.00017339,1
21.908,-6.8986e-05,1
21.909,2.8367e-05,1
21.909,0.00010625,1
21.91,0.00016365,1
21.91,0.0001843,1
21.911,0.00016701,1
21.912,0.00013948,1
21.912,0.00011934,1
21.913,0.00010457,1
21.913,7.1672e-05,1
21.914,1.2589e-05,1
21.914,-4.4816e-05,1
21.915,-7.805e-05,1
21.915,-9.3828e-05,1
21.916,-0.00010004,1
21.916,-8.4092e-05,1
21.917,-2.6352e-05,1
21.917,6.1097e-05,1
21.918,0.00013462,1
21.918,0.0001697,1
21.919,0.0001848,1
21.919,0.00019219,1
21.92,0.00018027,1
21.92,0.0001509,1
21.921,0.00012337,1
21.921,0.00010809,1
21.922,0.00010558,1
21.922,0.00011061,1
21.923,0.00010961,1
21.923,8.6778e-05,1
21.924,4.9851e-05,1
21.925,1.8463e-05,1
21.925,-1.5778e-05,1
21.926,-7.9393e-05,1
21.926,-0.00016231,1
21.927,-0.0002036,1
21.927,-0.00017758,1
21.928,-0.00012941,1
21.928,-0.00010155,1
21.929,-9.601e-05,1
21.929,-0.00012287,1
21.93,-0.0001608,1
21.93,-0.0001702,1
21.931,-0.0001279,1
21.931,-3.7766e-05,1
21.932,7.5029e-05,1
21.932,0.00017171,1
21.933,0.00021166,1
21.933,0.00019319,1
21.934,0.00015644,1
21.934,0.00015392,1
21.935,0.00019051,1
21.935,0.00022928,1
21.936,0.0002313,1
21.936,0.00018581,1
21.937,0.00012572,1
21.938,8.5435e-05,1
21.938,6.3615e-05,1
21.939,4.6662e-05,1
21.939,3.0716e-05,1
21.94,1.7624e-05,1
21.94,4.5319e-06,1
21.941,-8.5603e-06,1
21.941,-2.0645e-05,1
21.942,-3.0213e-05,1
21.942,-3.7766e-05,1
21.943,-4.8341e-05,1
21.943,-6.5293e-05,1
21.944,-8.7449e-05,1
21.944,-0.00010138,1
21.945,-8.8792e-05,1
21.945,-5.4215e-05,1
21.946,-2.3163e-05,1
21.946,-1.7624e-05,1
21.947,-3.7766e-05,1
21.947,-7.1672e-05,1
21.948,-9.6178e-05,1
21.948,-9.7688e-05,1
21.949,-8.2582e-05,1
21.949,-5.7908e-05,1
21.95,-2.8534e-05,1
21.95,3.8605e-06,1
21.951,4.2634e-05,1
21.952,5.8915e-05,1
21.952,1.7288e-05,1
21.953,-4.7501e-05,1
21.953,-9.1142e-05,1
21.954,-0.00010306,1
21.954,-8.6778e-05,1
21.955,-5.2537e-05,1
21.955,-1.5778e-05,1
21.956,1.4267e-05,1
21.956,4.2802e-05,1
21.957,8.4092e-05,1
21.957,0.00014133,1
21.958,0.00019924,1
21.958,0.00024019,1
21.959,0.00026117,1
21.959,0.00025798,1
21.96,0.0002224,1
21.96,0.00015946,1
21.961,8.7114e-05,1
21.961,2.7359e-05,1
21.962,-1.4099e-05,1
21.962,-4.1123e-05,1
21.963,-5.7404e-05,1
21.963,-6.4958e-05,1
21.964,-6.9657e-05,1
21.965,-6.8986e-05,1
21.965,-5.539e-05,1
21.966,-2.6017e-05,1
21.966,1.561e-05,1
21.967,5.7572e-05,1
21.967,7.7714e-05,1
21.968,7.0665e-05,1
21.968,6.0594e-05,1
21.969,6.6972e-05,1
21.969,7.8386e-05,1
21.97,7.6371e-05,1
21.97,5.4383e-05,1
21.971,2.0981e-05,1
21.971,-6.5461e-06,1
21.972,-1.4435e-05,1
21.972,-7.0497e-06,1
21.973,2.5177e-06,1
21.973,6.5461e-06,1
21.974,5.2033e-06,1
21.974,5.0355e-06,1
21.975,8.896e-06,1
21.975,9.9031e-06,1
21.976,2.182e-06,1
21.976,-1.0071e-05,1
21.977,-1.2924e-05,1
21.977,-3.1891e-06,1
21.978,3.1891e-06,1
21.979,-8.2246e-06,1
21.979,-2.1988e-05,1
21.98,-1.1078e-05,1
21.98,2.887e-05,1
21.981,7.1e-05,1
21.981,8.0735e-05,1
21.982,5.153e-05,1
21.982,-5.539e-06,1
21.983,-7.4525e-05,1
21.983,-0.00013562,1
21.984,-0.00016735,1
21.984,-0.00015341,1
21.985,-0.00010726,1
21.985,-5.5222e-05,1
21.986,-1.3764e-05,1
21.986,9.2317e-06,1
21.987,2.9709e-05,1
21.987,6.5965e-05,1
21.988,0.00010591,1
21.988,0.00012001,1
21.989,0.00010726,1
21.989,8.3757e-05,1
21.99,5.6901e-05,1
21.99,2.7863e-05,1
21.991,3.5248e-06,1
21.991,-7.5532e-06,1
21.992,-7.7211e-06,1
21.993,-7.2175e-06,1
21.993,-1.6785e-05,1
21.994,-3.2059e-05,1
21.994,-3.1052e-05,1
21.995,-1.1917e-05,1
21.995,-3.5248e-06,1
21.996,-1.7288e-05,1
21.996,-3.5752e-05,1
21.997,-4.5487e-05,1
21.997,-5.4215e-05,1
21.998,-6.0594e-05,1
21.998,-5.069e-05,1
21.999,-2.1149e-05,1
21.999,2.5345e-05,1
22,8.2414e-05,1
22,0.0001331,1
22.001,0.00016432,1
22.001,0.00017003,1
22.002,0.00015425,1
22.002,0.00013545,1
22.003,0.00013109,1
22.003,0.00013562,1
22.004,0.00013008,1
22.004,0.00010726,1
22.005,7.9728e-05,1
22.006,5.8747e-05,1
22.006,4.2802e-05,1
22.007,2.7192e-05,1
22.007,1.6449e-05,1
22.008,2.031e-05,1
22.008,4.2802e-05,1
22.009,7.6707e-05,1
22.009,0.00010054,1
22.01,8.3085e-05,1
22.01,3.0549e-05,1
22.011,-1.7288e-05,1
22.011,-4.1123e-05,1
22.012,-5.1026e-05,1
22.012,-5.4551e-05,1
22.013,-4.7166e-05,1
22.013,-2.1653e-05,1
22.014,1.9974e-05,1
22.014,4.9516e-05,1
22.015,4.6159e-05,1
22.015,1.0407e-05,1
22.016,-4.1794e-05,1
22.016,-8.3589e-05,1
22.017,-8.8121e-05,1
22.017,-7.1336e-05,1
22.018,-6.6133e-05,1
22.018,-6.9993e-05,1
22.019,-5.623e-05,1
22.02,-1.3596e-05,1
22.02,4.448e-05,1
22.021,9.1142e-05,1
22.021,0.00010776,1
22.022,9.9199e-05,1
22.022,7.8721e-05,1
22.023,5.623e-05,1
22.023,3.4409e-05,1
22.024,8.5603e-06,1
22.024,-1.2924e-05,1
22.025,-4.5319e-06,1
22.025,2.2995e-05,1
22.026,2.8031e-05,1
22.026,-1.0071e-06,1
22.027,-3.4073e-05,1
22.027,-4.4144e-05,1
22.028,-3.0716e-05,1
22.028,-3.1891e-06,1
22.029,1.9303e-05,1
22.029,2.7695e-05,1
22.03,2.5681e-05,1
22.03,2.2828e-05,1
22.031,3.2731e-05,1
22.031,5.7908e-05,1
22.032,8.8624e-05,1
22.033,0.00011044,1
22.033,0.00011531,1
22.034,0.00010709,1
22.034,9.7856e-05,1
22.035,9.987e-05,1
22.035,0.00010994,1
22.036,0.00012068,1
22.036,0.00012253,1
22.037,0.00011112,1
22.037,9.0135e-05,1
22.038,6.4622e-05,1
22.038,4.0452e-05,1
22.039,2.0645e-05,1
22.039,4.1962e-06,1
22.04,-1.0239e-05,1
22.04,-2.031e-05,1
22.041,-2.6184e-05,1
22.041,-3.2395e-05,1
22.042,-4.683e-05,1
22.042,-6.8315e-05,1
22.043,-8.896e-05,1
22.043,-0.00010188,1
22.044,-0.00010289,1
22.044,-9.6849e-05,1
22.045,-8.8792e-05,1
22.046,-7.57e-05,1
22.046,-5.7237e-05,1
22.047,-3.7766e-05,1
22.047,-1.8631e-05,1
22.048,3.5248e-06,1
22.048,3.2563e-05,1
22.049,6.9657e-05,1
22.049,0.00010524,1
22.05,0.00012387,1
22.05,0.00011733,1
22.051,9.4499e-05,1
22.051,6.9322e-05,1
22.052,4.2634e-05,1
22.052,1.2924e-05,1
22.053,-1.4435e-05,1
22.053,-3.592e-05,1
22.054,-6.2608e-05,1
22.054,-9.6345e-05,1
22.055,-0.00011162,1
22.055,-9.9702e-05,1
22.056,-7.6707e-05,1
22.056,-5.6901e-05,1
22.057,-3.7095e-05,1
22.057,-6.8818e-06,1
22.058,3.6759e-05,1
22.058,8.2414e-05,1
22.059,0.00011901,1
22.06,0.00014385,1
22.06,0.00017087,1
22.061,0.00020461,1
22.061,0.00023214,1
22.062,0.00022609,1
22.062,0.00014536,1
22.063,4.5319e-06,1
22.063,-0.0001279,1
22.064,-0.00021401,1
22.064,-0.00024791,1
22.065,-0.0002407,1
22.065,-0.00021501,1
22.066,-0.00018312,1
22.066,-0.00014838,1
22.067,-0.00012085,1
22.067,-0.00010642,1
22.068,-8.8457e-05,1
22.068,-3.1388e-05,1
22.069,7.0329e-05,1
22.069,0.00018682,1
22.07,0.00028148,1
22.07,0.00033754,1
22.071,0.00035618,1
22.071,0.00034627,1
22.072,0.00033083,1
22.073,0.00031942,1
22.073,0.00030163,1
22.074,0.00026906,1
22.074,0.00022643,1
22.075,0.0001702,1
22.075,0.00010188,1
22.076,3.743e-05,1
22.076,-1.0407e-05,1
22.077,-4.0787e-05,1
22.077,-6.6636e-05,1
22.078,-9.5003e-05,1
22.078,-0.00011716,1
22.079,-0.00012673,1
22.079,-0.00012924,1
22.08,-0.00012874,1
22.08,-0.00011901,1
22.081,-9.7856e-05,1
22.081,-6.2272e-05,1
22.082,-2.5681e-05,1
22.082,-1.091e-05,1
22.083,-2.3163e-05,1
22.083,-4.2802e-05,1
22.084,-5.1026e-05,1
22.084,-4.8844e-05,1
22.085,-4.4648e-05,1
22.085,-4.2466e-05,1
22.086,-4.2802e-05,1
22.087,-4.6494e-05,1
22.087,-4.8508e-05,1
22.088,-2.7359e-05,1
22.088,2.266e-05,1
22.089,7.4693e-05,1
22.089,9.3828e-05,1
22.09,7.5029e-05,1
22.09,4.1291e-05,1
22.091,2.6856e-06,1
22.091,-3.7263e-05,1
22.092,-6.8818e-05,1
22.092,-8.0903e-05,1
22.093,-7.57e-05,1
22.093,-6.009e-05,1
22.094,-3.0716e-05,1
22.094,1.0407e-05,1
22.095,3.8102e-05,1
22.095,4.5151e-05,1
22.096,3.4577e-05,1
22.096,1.2085e-05,1
22.097,-4.5319e-06,1
22.097,-3.8605e-06,1
22.098,9.2317e-06,1
22.098,2.2995e-05,1
22.099,3.1724e-05,1
22.099,3.4577e-05,1
22.1,3.7766e-05,1
22.101,4.4312e-05,1
22.101,5.3208e-05,1
22.102,5.9251e-05,1
22.102,5.3544e-05,1
22.103,3.9445e-05,1
22.103,3.2059e-05,1
22.104,2.652e-05,1
22.104,2.5177e-06,1
22.105,-3.7934e-05,1
22.105,-6.3279e-05,1
22.106,-5.0187e-05,1
22.106,-7.0497e-06,1
22.107,3.7095e-05,1
22.107,6.0929e-05,1
22.108,6.5629e-05,1
22.108,6.2776e-05,1
22.109,5.7908e-05,1
22.109,5.4887e-05,1
22.11,5.623e-05,1
22.11,6.5461e-05,1
22.111,8.9128e-05,1
22.111,0.00011867,1
22.112,0.00012639,1
22.112,0.00010507,1
22.113,7.8218e-05,1
22.114,6.2608e-05,1
22.114,5.623e-05,1
22.115,6.4286e-05,1
22.115,8.7449e-05,1
22.116,0.00010423,1
22.116,9.3828e-05,1
22.117,5.4047e-05,1
22.117,5.2033e-06,1
22.118,-3.508e-05,1
22.118,-8.6946e-05,1
22.119,-0.00015207,1
22.119,-0.00018816,1
22.12,-0.00018061,1
22.12,-0.00014267,1
22.121,-8.7449e-05,1
22.121,-2.7192e-05,1
22.122,2.6017e-05,1
22.122,5.623e-05,1
22.123,5.8915e-05,1
22.123,5.3544e-05,1
22.124,6.1601e-05,1
22.124,8.4428e-05,1
22.125,0.00011128,1
22.125,0.00012639,1
22.126,0.00011833,1
22.127,9.4835e-05,1
22.127,7.1504e-05,1
22.128,5.3208e-05,1
22.128,4.6159e-05,1
22.129,4.7837e-05,1
22.129,4.6494e-05,1
22.13,3.8437e-05,1
22.13,2.4002e-05,1
22.131,7.8889e-06,1
22.131,-4.1962e-06,1
22.132,-8.2246e-06,1
22.132,-5.0355e-07,1
22.133,2.031e-05,1
22.133,4.7333e-05,1
22.134,7.1672e-05,1
22.134,8.896e-05,1
22.135,0.00010625,1
22.135,0.0001232,1
22.136,0.00012203,1
22.136,8.9799e-05,1
22.137,4.4984e-05,1
22.137,1.3092e-05,1
22.138,-3.8605e-06,1
22.138,-2.3163e-05,1
22.139,-5.623e-05,1
22.139,-9.8863e-05,1
22.14,-0.00014183,1
22.141,-0.0001744,1
22.141,-0.00019437,1
22.142,-0.00020343,1
22.142,-0.00018749,1
22.143,-0.00013411,1
22.143,-6.2272e-05,1
22.144,-4.6998e-06,1
22.144,3.3906e-05,1
22.145,7.2511e-05,1
22.145,0.00012219,1
22.146,0.00016667,1
22.146,0.00018849,1
22.147,0.00018917,1
22.147,0.00017926,1
22.148,0.00015811,1
22.148,0.00012203,1
22.149,7.9728e-05,1
22.149,4.2298e-05,1
22.15,8.5603e-06,1
22.15,-2.6688e-05,1
22.151,-5.7908e-05,1
22.151,-7.8218e-05,1
22.152,-8.04e-05,1
22.152,-6.5629e-05,1
22.153,-3.8773e-05,1
22.154,2.5177e-06,1
22.154,4.4816e-05,1
22.155,6.5965e-05,1
22.155,5.5558e-05,1
22.156,2.266e-05,1
22.156,-1.7288e-05,1
22.157,-5.4047e-05,1
22.157,-8.0903e-05,1
22.158,-9.7688e-05,1
22.158,-0.00011196,1
22.159,-0.00012052,1
22.159,-0.00011514,1
22.16,-9.6849e-05,1
22.16,-6.8482e-05,1
22.161,-3.1052e-05,1
22.161,1.3596e-05,1
22.162,6.2608e-05,1
22.162,0.00011179,1
22.163,0.00015962,1
22.163,0.00019773,1
22.164,0.00021367,1
22.164,0.00021283,1
22.165,0.00020394,1
22.165,0.00018631,1
22.166,0.00016735,1
22.166,0.00015929,1
22.167,0.00015073,1
22.168,0.00012589,1
22.168,6.8818e-05,1
22.169,-2.6352e-05,1
22.169,-0.00010423,1
22.17,-0.00011884,1
22.17,-8.1239e-05,1
22.171,-2.5849e-05,1
22.171,1.561e-05,1
22.172,2.6688e-05,1
22.172,1.6617e-05,1
22.173,9.2317e-06,1
22.173,1.5946e-05,1
22.174,3.8102e-05,1
22.174,6.9993e-05,1
22.175,9.4163e-05,1
22.175,8.6275e-05,1
22.176,4.2634e-05,1
22.176,-1.561e-05,1
22.177,-5.8076e-05,1
22.177,-7.6707e-05,1
22.178,-7.335e-05,1
22.178,-4.8676e-05,1
22.179,-9.5674e-06,1
22.179,2.4842e-05,1
22.18,3.827e-05,1
22.18,2.9374e-05,1
22.181,-1.3428e-06,1
22.182,-4.3473e-05,1
22.182,-8.5267e-05,1
22.183,-0.00013965,1
22.183,-0.00020679,1
22.184,-0.00024456,1
22.184,-0.00023717,1
22.185,-0.00020914,1
22.185,-0.00017943,1
22.186,-0.00014788,1
22.186,-0.00011229,1
22.187,-6.949e-05,1
22.187,-1.7456e-05,1
22.188,4.683e-05,1
22.188,0.0001274,1
22.189,0.00021065,1
22.189,0.00025026,1
22.19,0.00023616,1
22.19,0.00021065,1
22.191,0.00019185,1
22.191,0.00018514,1
22.192,0.00019722,1
22.192,0.00021535,1
22.193,0.00021132,1
22.193,0.00016466,1
22.194,0.00010323,1
22.195,7.0665e-05,1
22.195,7.8386e-05,1
22.196,0.00010457,1
22.196,0.00012555,1
22.197,0.0001321,1
22.197,0.00012757,1
22.198,0.00010843,1
22.198,7.4693e-05,1
22.199,3.6088e-05,1
22.199,6.3783e-06,1
22.2,-7.8889e-06,1
22.2,-1.091e-05,1
22.201,-1.3596e-05,1
22.201,-2.7527e-05,1
22.202,-5.1865e-05,1
22.202,-7.5364e-05,1
22.203,-9.0639e-05,1
22.203,-9.0135e-05,1
22.204,-8.1071e-05,1
22.204,-7.6707e-05,1
22.205,-7.9225e-05,1
22.205,-8.426e-05,1
22.206,-8.2582e-05,1
22.206,-6.009e-05,1
22.207,-1.3596e-05,1
22.207,3.7934e-05,1
22.208,7.9393e-05,1
22.209,0.00011531,1
22.209,0.00014469,1
22.21,0.00014888,1
22.21,0.00012169,1
22.211,8.6442e-05,1
22.211,6.7979e-05,1
22.212,5.6901e-05,1
22.212,3.978e-05,1
22.213,2.1317e-05,1
22.213,4.6998e-06,1
22.214,-1.1582e-05,1
22.214,-2.7695e-05,1
22.215,-5.0187e-05,1
22.215,-7.7379e-05,1
22.216,-9.2821e-05,1
22.216,-9.0135e-05,1
22.217,-7.6036e-05,1
22.217,-5.8076e-05,1
22.218,-3.7766e-05,1
22.218,-2.1653e-05,1
22.219,-1.5274e-05,1
22.219,-1.5946e-05,1
22.22,-1.6449e-05,1
22.22,-1.5778e-05,1
22.221,-1.6617e-05,1
22.222,-1.6953e-05,1
22.222,-1.2253e-05,1
22.223,-7.5532e-06,1
22.223,-9.2317e-06,1
22.224,-1.091e-05,1
22.224,4.3641e-06,1
22.225,3.592e-05,1
22.225,5.5222e-05,1
22.226,4.4648e-05,1
22.226,2.6352e-05,1
22.227,3.8605e-06,1
22.227,-2.6352e-05,1
22.228,-4.8844e-05,1
22.228,-5.6565e-05,1
22.229,-5.3208e-05,1
22.229,-3.9948e-05,1
22.23,-2.1988e-05,1
22.23,-6.2104e-06,1
22.231,-2.182e-06,1
22.231,-1.8799e-05,1
22.232,-3.9109e-05,1
22.232,-3.3738e-05,1
22.233,-2.5177e-06,1
22.233,3.5416e-05,1
22.234,8.0064e-05,1
22.235,0.00013143,1
22.235,0.00017339,1
22.236,0.00019924,1
22.236,0.00021669,1
22.237,0.00023616,1
22.237,0.00025093,1
22.238,0.00025161,1
22.238,0.00023449,1
22.239,0.00020511,1
22.239,0.00015727,1
22.24,8.5771e-05,1
22.24,1.0407e-05,1
22.241,-4.3137e-05,1
22.241,-7.1e-05,1
22.242,-9.0303e-05,1
22.242,-0.00010423,1
22.243,-0.00010172,1
22.243,-9.6513e-05,1
22.244,-9.7353e-05,1
22.244,-9.3828e-05,1
22.245,-7.1e-05,1
22.245,-2.031e-05,1
22.246,4.2466e-05,1
22.246,9.1814e-05,1
22.247,0.00011447,1
22.247,0.000118,1
22.248,0.00010625,1
22.249,8.4092e-05,1
22.249,6.9322e-05,1
22.25,5.8915e-05,1
22.25,4.062e-05,1
22.251,1.8799e-05,1
22.251,2.0981e-05,1
22.252,4.7501e-05,1
22.252,6.1265e-05,1
22.253,4.062e-05,1
22.253,-9.5674e-06,1
22.254,-6.9993e-05,1
22.254,-0.00012035,1
22.255,-0.00014888,1
22.255,-0.00015996,1
22.256,-0.00015677,1
22.256,-0.00013596,1
22.257,-9.366e-05,1
22.257,-5.1362e-05,1
22.258,-3.3738e-05,1
22.258,-2.3835e-05,1
22.259,4.1962e-06,1
22.259,4.3809e-05,1
22.26,6.9657e-05,1
22.26,6.9993e-05,1
22.261,5.4215e-05,1
22.262,3.5416e-05,1
22.262,2.266e-05,1
22.263,2.8367e-05,1
22.263,5.3208e-05,1
22.264,8.3925e-05,1
22.264,9.8527e-05,1
22.265,8.5771e-05,1
22.265,4.8173e-05,1
22.266,-6.2104e-06,1
22.266,-6.2608e-05,1
22.267,-0.00010105,1
22.267,-0.00012992,1
22.268,-0.00019789,1
22.268,-0.00028014,1
22.269,-0.00030951,1
22.269,-0.00027628,1
22.27,-0.00020964,1
22.27,-0.00012908,1
22.271,-4.0116e-05,1
22.271,5.3208e-05,1
22.272,0.00013747,1
22.272,0.00019991,1
22.273,0.00024321,1
22.273,0.00029491,1
22.274,0.00037548,1
22.274,0.00045101,1
22.275,0.00046847,1
22.276,0.00042147,1
22.276,0.00034627,1
22.277,0.00027158,1
22.277,0.00020377,1
22.278,0.00014586,1
22.278,9.9031e-05,1
22.279,5.8747e-05,1
22.279,2.266e-05,1
22.28,-8.0568e-06,1
22.28,-3.1556e-05,1
22.281,-4.3977e-05,1
22.281,-4.6662e-05,1
22.282,-4.9012e-05,1
22.282,-5.8244e-05,1
22.283,-7.0665e-05,1
22.283,-6.9322e-05,1
22.284,-5.2201e-05,1
22.284,-4.0452e-05,1
22.285,-5.6733e-05,1
22.285,-9.5674e-05,1
22.286,-0.00013361,1
22.286,-0.00015912,1
22.287,-0.00017205,1
22.287,-0.00016902,1
22.288,-0.00014032,1
22.288,-8.2414e-05,1
22.289,-1.2253e-05,1
22.29,3.6423e-05,1
22.29,5.2201e-05,1
22.291,5.1026e-05,1
22.291,4.6494e-05,1
22.292,3.9445e-05,1
22.292,3.3402e-05,1
22.293,3.3738e-05,1
22.293,4.0116e-05,1
22.294,4.2802e-05,1
22.294,3.9109e-05,1
22.295,3.9109e-05,1
22.295,3.8437e-05,1
22.296,3.1724e-05,1
22.296,2.4338e-05,1
22.297,2.0645e-05,1
22.297,2.3331e-05,1
22.298,3.5752e-05,1
22.298,5.5558e-05,1
22.299,6.9322e-05,1
22.299,6.63e-05,1
22.3,5.4887e-05,1
22.3,4.9012e-05,1
22.301,4.6998e-05,1
22.301,4.2802e-05,1
22.302,3.6423e-05,1
22.303,2.7024e-05,1
22.303,8.896e-06,1
22.304,-1.796e-05,1
22.304,-4.2634e-05,1
22.305,-5.1865e-05,1
22.305,-4.918e-05,1
22.306,-4.6494e-05,1
22.306,-4.8508e-05,1
22.307,-5.4887e-05,1
22.307,-5.8244e-05,1
22.308,-5.2537e-05,1
22.308,-3.978e-05,1
22.309,-2.501e-05,1
22.309,-1.1749e-06,1
22.31,3.9109e-05,1
22.31,7.2343e-05,1
22.311,7.4525e-05,1
22.311,4.9516e-05,1
22.312,1.5946e-05,1
22.312,-7.8889e-06,1
22.313,-1.561e-05,1
22.313,-3.0213e-06,1
22.314,3.6591e-05,1
22.314,9.366e-05,1
22.315,0.00013394,1
22.316,0.0001415,1
22.316,0.00011531,1
22.317,6.63e-05,1
22.317,2.5849e-05,1
22.318,-3.357e-07,1
22.318,-1.9303e-05,1
22.319,-2.4674e-05,1
22.319,-1.8631e-05,1
22.32,-1.9135e-05,1
22.32,-2.4842e-05,1
22.321,-2.2995e-05,1
22.321,-5.2033e-06,1
22.322,2.9877e-05,1
22.322,7.3686e-05,1
22.323,0.00011179,1
22.323,0.00012924,1
22.324,0.00012438,1
22.324,0.00012001,1
22.325,0.00013814,1
22.325,0.0001556,1
22.326,0.00013411,1
22.326,8.2414e-05,1
22.327,4.1459e-05,1
22.327,3.3402e-05,1
22.328,5.0523e-05,1
22.328,7.5868e-05,1
22.329,9.3156e-05,1
22.33,9.5842e-05,1
22.33,7.8386e-05,1
22.331,4.2802e-05,1
22.331,1.8463e-06,1
22.332,-1.6281e-05,1
22.332,-2.8534e-06,1
22.333,1.0071e-05,1
22.333,-9.5674e-06,1
22.334,-5.4887e-05,1
22.334,-9.752e-05,1
22.335,-0.00012186,1
22.335,-0.00013596,1
22.336,-0.00015392,1
22.336,-0.00017221,1
22.337,-0.00017339,1
22.337,-0.00015627,1
22.338,-0.00013445,1
22.338,-0.00011565,1
22.339,-8.6778e-05,1
22.339,-3.2731e-05,1
22.34,4.9516e-05,1
22.34,0.0001331,1
22.341,0.00018363,1
22.341,0.00018732,1
22.342,0.00014888,1
22.343,7.0329e-05,1
22.343,-4.4312e-05,1
22.344,-0.00014603,1
22.344,-0.00019924,1
22.345,-0.00020259,1
22.345,-0.00017037,1
22.346,-0.00012941,1
22.346,-9.8192e-05,1
22.347,-7.5364e-05,1
22.347,-3.9612e-05,1
22.348,3.3738e-05,1
22.348,0.0001331,1
22.349,0.00021099,1
22.349,0.00024254,1
22.35,0.00024154,1
22.35,0.00021837,1
22.351,0.00018077,1
22.351,0.0001368,1
22.352,9.4331e-05,1
22.352,6.8482e-05,1
22.353,5.9586e-05,1
22.353,6.2272e-05,1
22.354,7.1672e-05,1
22.354,8.275e-05,1
22.355,8.7785e-05,1
22.355,9.0639e-05,1
22.356,9.8024e-05,1
22.357,0.00010541,1
22.357,0.00010474,1
22.358,9.366e-05,1
22.358,7.5364e-05,1
22.359,6.0258e-05,1
22.359,5.3544e-05,1
22.36,5.153e-05,1
22.36,4.7837e-05,1
22.361,3.9277e-05,1
22.361,2.7695e-05,1
22.362,1.9303e-05,1
22.362,5.2033e-06,1
22.363,-2.2156e-05,1
22.363,-5.4719e-05,1
22.364,-7.6036e-05,1
22.364,-8.04e-05,1
22.365,-7.5029e-05,1
22.365,-6.1265e-05,1
22.366,-3.7766e-05,1
22.366,-1.3931e-05,1
22.367,3.8605e-06,1
22.367,1.8128e-05,1
22.368,2.7192e-05,1
22.368,2.5177e-05,1
22.369,1.3931e-05,1
22.369,-6.714e-07,1
22.37,-1.0407e-05,1
22.371,-1.5946e-05,1
22.371,-2.0478e-05,1
22.372,-2.4674e-05,1
22.372,-2.7695e-05,1
22.373,-3.0716e-05,1
22.373,-3.2395e-05,1
22.374,-3.0884e-05,1
22.374,-2.501e-05,1
22.375,-1.561e-05,1
22.375,-7.2175e-06,1
22.376,-1.0407e-05,1
22.376,-2.7359e-05,1
22.377,-4.8173e-05,1
22.377,-6.0594e-05,1
22.378,-6.1097e-05,1
22.378,-5.7237e-05,1
22.379,-6.3615e-05,1
22.379,-0.00010239,1
22.38,-0.00017842,1
22.38,-0.00023197,1
22.381,-0.00021032,1
22.381,-0.00013109,1
22.382,-3.8437e-05,1
22.382,3.4073e-05,1
22.383,6.4958e-05,1
22.384,6.2943e-05,1
22.384,6.0929e-05,1
22.385,8.3757e-05,1
22.385,0.0001373,1
22.386,0.00021082,1
22.386,0.00028904,1
22.387,0.0003503,1
22.387,0.00035702,1
22.388,0.000307,1
22.388,0.00023751,1
22.389,0.00018581,1
22.389,0.00016701,1
22.39,0.00016013,1
22.39,0.00013545,1
22.391,8.5771e-05,1
22.391,2.7695e-05,1
22.392,-1.6617e-05,1
22.392,-4.0116e-05,1
22.393,-5.0187e-05,1
22.393,-5.1698e-05,1
22.394,-4.3473e-05,1
22.394,-2.4338e-05,1
22.395,-5.8747e-06,1
22.395,-5.539e-06,1
22.396,-2.6688e-05,1
22.396,-4.3137e-05,1
22.397,-3.592e-05,1
22.398,-1.0407e-05,1
22.398,1.9974e-05,1
22.399,3.743e-05,1
22.399,3.4409e-05,1
22.4,1.8296e-05,1
22.4,4.1962e-06,1
22.401,8.3925e-07,1
22.401,7.8889e-06,1
22.402,2.3331e-05,1
22.402,4.0787e-05,1
22.403,5.1698e-05,1
22.403,5.069e-05,1
22.404,3.6088e-05,1
22.404,1.3931e-05,1
22.405,-2.182e-06,1
22.405,-6.3783e-06,1
22.406,5.8747e-06,1
22.406,2.7359e-05,1
22.407,3.7263e-05,1
22.407,2.4674e-05,1
22.408,-2.0981e-05,1
22.408,-0.00010776,1
22.409,-0.00021015,1
22.409,-0.00028064,1
22.41,-0.00030431,1
22.411,-0.00027846,1
22.411,-0.00021787,1
22.412,-0.00015576,1
22.412,-0.00010692,1
22.413,-6.7979e-05,1
22.413,-2.4506e-05,1
22.414,4.213e-05,1
22.414,0.00014586,1
22.415,0.00028417,1
22.415,0.0004161,1
22.416,0.00048727,1
22.416,0.00047115,1
22.417,0.00039596,1
22.417,0.00030431,1
22.418,0.00021032,1
22.418,0.00011984,1
22.419,4.8844e-05,1
22.419,3.1891e-06,1
22.42,-1.9974e-05,1
22.42,-2.5849e-05,1
22.421,-2.5513e-05,1
22.421,-2.4506e-05,1
22.422,-2.031e-05,1
22.422,-1.7792e-05,1
22.423,-2.3331e-05,1
22.424,-3.4577e-05,1
22.424,-4.5151e-05,1
22.425,-5.153e-05,1
22.425,-5.4383e-05,1
22.426,-5.6901e-05,1
22.426,-5.5222e-05,1
22.427,-3.3066e-05,1
22.427,3.357e-06,1
22.428,4.0116e-05,1
22.428,7.2343e-05,1
22.429,8.2414e-05,1
22.429,5.304e-05,1
22.43,-6.2104e-06,1
22.43,-7.3182e-05,1
22.431,-0.00012874,1
22.431,-0.00017423,1
22.432,-0.00022039,1
22.432,-0.00024036,1
22.433,-0.00021585,1
22.433,-0.00015727,1
22.434,-8.9128e-05,1
22.434,-4.1123e-05,1
22.435,-3.2563e-05,1
22.435,-4.2466e-05,1
22.436,-4.3137e-05,1
22.436,-3.357e-05,1
22.437,-1.7792e-05,1
22.438,1.2589e-05,1
22.438,5.2873e-05,1
22.439,7.9896e-05,1
22.439,9.3828e-05,1
22.44,0.00010726,1
22.44,0.00011464,1
22.441,0.00010239,1
22.441,7.4357e-05,1
22.442,5.4887e-05,1
22.442,6.9322e-05,1
22.443,0.00010776,1
22.443,0.00013277,1
22.444,0.00013277,1
22.444,0.00012303,1
22.445,0.00010658,1
22.445,7.9728e-05,1
22.446,4.918e-05,1
22.446,3.2059e-05,1
22.447,3.0381e-05,1
22.447,2.5681e-05,1
22.448,8.7282e-06,1
22.448,-1.3931e-05,1
22.449,-2.9038e-05,1
22.449,-2.6352e-05,1
22.45,-5.0355e-06,1
22.451,2.8031e-05,1
22.451,6.7979e-05,1
22.452,0.00011934,1
22.452,0.00017607,1
22.453,0.00021804,1
22.453,0.00023214,1
22.454,0.00022089,1
22.454,0.00019487,1
22.455,0.00015929,1
22.455,0.000118,1
22.456,7.5364e-05,1
22.456,3.8437e-05,1
22.457,1.3931e-05,1
22.457,6.8818e-06,1
22.458,7.5532e-06,1
22.458,-6.8818e-06,1
22.459,-4.4816e-05,1
22.459,-8.4932e-05,1
22.46,-0.00011347,1
22.46,-0.00013428,1
22.461,-0.00014989,1
22.461,-0.00015711,1
22.462,-0.00014871,1
22.462,-0.00012639,1
22.463,-9.9031e-05,1
22.463,-6.9657e-05,1
22.464,-3.1724e-05,1
22.465,1.6953e-05,1
22.465,6.3279e-05,1
22.466,9.3828e-05,1
22.466,0.00010323,1
22.467,9.4331e-05,1
22.467,7.805e-05,1
22.468,6.3783e-05,1
22.468,5.0187e-05,1
22.469,3.1891e-05,1
22.469,1.2253e-05,1
22.47,-2.8534e-06,1
22.47,-8.896e-06,1
22.471,-1.4603e-05,1
22.471,-2.6688e-05,1
22.472,-4.1962e-05,1
22.472,-4.7501e-05,1
22.473,-4.3809e-05,1
22.473,-4.7166e-05,1
22.474,-5.7572e-05,1
22.474,-6.4622e-05,1
22.475,-6.3615e-05,1
22.475,-4.8844e-05,1
22.476,-1.8967e-05,1
22.476,1.4603e-05,1
22.477,5.0523e-05,1
22.477,9.2485e-05,1
22.478,0.00012639,1
22.479,0.00013881,1
22.479,0.00013243,1
22.48,0.00012689,1
22.48,0.00013277,1
22.481,0.00013814,1
22.481,0.00013344,1
22.482,0.00013143,1
22.482,0.00013143,1
22.483,0.00011632,1
22.483,8.1407e-05,1
22.484,3.1388e-05,1
22.484,-2.2156e-05,1
22.485,-7.1504e-05,1
22.485,-0.00011867,1
22.486,-0.00015593,1
22.486,-0.00017926,1
22.487,-0.00019504,1
22.487,-0.00020142,1
22.488,-0.00018782,1
22.488,-0.00016063,1
22.489,-0.00012857,1
22.489,-9.5003e-05,1
22.49,-7.0832e-05,1
22.49,-4.6159e-05,1
22.491,5.2033e-06,1
22.492,8.51e-05,1
22.492,0.00016097,1
22.493,0.00020797,1
22.493,0.00022794,1
22.494,0.00023449,1
22.494,0.00022911,1
22.495,0.00020998,1
22.495,0.00018984,1
22.496,0.00017154,1
22.496,0.00013478,1
22.497,9.0471e-05,1
22.497,5.8579e-05,1
22.498,5.0858e-05,1
22.498,5.7237e-05,1
22.499,5.5894e-05,1
22.499,3.9445e-05,1
22.5,1.1582e-05,1
22.5,-2.2995e-05,1
22.501,-5.4383e-05,1
22.501,-7.3014e-05,1
22.502,-6.8315e-05,1
22.502,-4.9851e-05,1
22.503,-3.9948e-05,1
22.503,-4.3137e-05,1
22.504,-5.1194e-05,1
22.505,-6.2272e-05,1
22.505,-6.9322e-05,1
22.506,-5.8915e-05,1
22.506,-4.0787e-05,1
22.507,-3.1388e-05,1
22.507,-3.2395e-05,1
22.508,-3.5584e-05,1
22.508,-2.1149e-05,1
22.509,1.6953e-05,1
22.509,5.5222e-05,1
22.51,7.7379e-05,1
22.51,8.5771e-05,1
22.511,8.9464e-05,1
22.511,9.7353e-05,1
22.512,0.00010726,1
22.512,0.00010457,1
22.513,8.51e-05,1
22.513,6.0258e-05,1
22.514,4.2802e-05,1
22.514,3.0045e-05,1
22.515,4.8676e-06,1
22.515,-3.5752e-05,1
22.516,-8.8121e-05,1
22.516,-0.00015946,1
22.517,-0.00026302,1
22.517,-0.00034174,1
22.518,-0.00033989,1
22.519,-0.00027292,1
22.519,-0.0001843,1
22.52,-9.0303e-05,1
22.52,8.2246e-06,1
22.521,9.8192e-05,1
22.521,0.00017943,1
22.522,0.00026235,1
22.522,0.00034308,1
22.523,0.00040133,1
22.523,0.00041408,1
22.524,0.0003691,1
22.524,0.00028518,1
22.525,0.00020562,1
22.525,0.00015392,1
22.526,0.000118,1
22.526,8.04e-05,1
22.527,3.3906e-05,1
22.527,-1.1414e-05,1
22.528,-3.8437e-05,1
22.528,-4.4144e-05,1
22.529,-3.3066e-05,1
22.529,-1.1414e-05,1
22.53,1.326e-05,1
22.53,2.501e-05,1
22.531,1.4099e-05,1
22.532,-4.6998e-06,1
22.532,-2.3667e-05,1
22.533,-4.6494e-05,1
22.533,-7.2847e-05,1
22.534,-0.00010558,1
22.534,-0.00013696,1
22.535,-0.0001566,1
22.535,-0.0001613,1
22.536,-0.00015459,1
22.536,-0.00014032,1
22.537,-0.00011011,1
22.537,-4.9851e-05,1
22.538,2.6688e-05,1
22.538,9.5171e-05,1
22.539,0.00014351,1
22.539,0.00016365,1
22.54,0.00014351,1
22.54,8.4764e-05,1
22.541,1.561e-05,1
22.541,-3.0213e-05,1
22.542,-4.213e-05,1
22.542,-3.592e-05,1
22.543,-2.9038e-05,1
22.543,-2.5345e-05,1
22.544,-2.1149e-05,1
22.544,-1.0239e-05,1
22.545,2.2828e-05,1
22.546,7.8721e-05,1
22.546,0.00012136,1
22.547,0.0001373,1
22.547,0.00014821,1
22.548,0.00015811,1
22.548,0.00015392,1
22.549,0.00012874,1
22.549,9.6513e-05,1
22.55,7.3518e-05,1
22.55,6.4286e-05,1
22.551,6.4958e-05,1
22.551,5.9586e-05,1
22.552,3.5752e-05,1
22.552,6.2104e-06,1
22.553,-1.2924e-05,1
22.553,-3.1724e-05,1
22.554,-5.6901e-05,1
22.554,-7.7546e-05,1
22.555,-0.00010222,1
22.555,-0.00012706,1
22.556,-0.00013193,1
22.556,-0.00011162,1
22.557,-7.6707e-05,1
22.557,-3.1724e-05,1
22.558,2.5345e-05,1
22.558,8.9128e-05,1
22.559,0.00014217,1
22.56,0.00016298,1
22.56,0.00015157,1
22.561,0.00012673,1
22.561,0.00010591,1
22.562,8.8121e-05,1
22.562,5.4887e-05,1
22.563,5.2033e-06,1
22.563,-4.2466e-05,1
22.564,-7.4693e-05,1
22.564,-8.2414e-05,1
22.565,-7.1168e-05,1
22.565,-6.3111e-05,1
22.566,-7.3518e-05,1
22.566,-0.00010256,1
22.567,-0.00012874,1
22.567,-0.00012421,1
22.568,-9.1478e-05,1
22.568,-5.5558e-05,1
22.569,-3.1052e-05,1
22.569,-9.5674e-06,1
22.57,6.8818e-06,1
22.57,2.5177e-06,1
22.571,-1.2924e-05,1
22.571,-1.8631e-05,1
22.572,-1.0071e-05,1
22.573,2.3667e-05,1
22.573,7.7211e-05,1
22.574,0.00012941,1
22.574,0.0001754,1
22.575,0.00021132,1
22.575,0.00022206,1
22.576,0.00020528,1
22.576,0.00017842,1
22.577,0.00015727,1
22.577,0.00014083,1
22.578,0.00012186,1
22.578,9.5171e-05,1
22.579,4.8173e-05,1
22.579,-1.3931e-05,1
22.58,-5.9586e-05,1
22.58,-6.3951e-05,1
22.581,-4.3977e-05,1
22.581,-3.2059e-05,1
22.582,-2.7359e-05,1
22.582,-7.5532e-06,1
22.583,2.5513e-05,1
22.583,5.1194e-05,1
22.584,5.5894e-05,1
22.584,4.9348e-05,1
22.585,4.1962e-05,1
22.585,3.4241e-05,1
22.586,2.2324e-05,1
22.587,8.3925e-06,1
22.587,4.0284e-06,1
22.588,2.2492e-05,1
22.588,5.4719e-05,1
22.589,6.2272e-05,1
22.589,2.2995e-05,1
22.59,-4.8676e-05,1
22.59,-0.00010675,1
22.591,-0.00012018,1
22.591,-9.9199e-05,1
22.592,-7.3686e-05,1
22.592,-5.5894e-05,1
22.593,-4.1794e-05,1
22.593,-2.9038e-05,1
22.594,-1.8967e-05,1
22.594,-6.2104e-06,1
22.595,1.9471e-05,1
22.595,5.5558e-05,1
22.596,8.8457e-05,1
22.596,0.00010373,1
22.597,9.1646e-05,1
22.597,5.8579e-05,1
22.598,2.501e-05,1
22.598,-2.8534e-06,1
22.599,-3.5752e-05,1
22.6,-7.0161e-05,1
22.6,-0.00011028,1
22.601,-0.00017255,1
22.601,-0.00022307,1
22.602,-0.00022911,1
22.602,-0.00020008,1
22.603,-0.00014569,1
22.603,-7.805e-05,1
22.604,-2.182e-06,1
22.604,7.7211e-05,1
22.605,0.00013613,1
22.605,0.00015962,1
22.606,0.00016265,1
22.606,0.00017624,1
22.607,0.000213,1
22.607,0.00025496,1
22.608,0.00027326,1
22.608,0.00025765,1
22.609,0.00021736,1
22.609,0.00016432,1
22.61,0.00011464,1
22.61,8.3421e-05,1
22.611,6.8315e-05,1
22.611,5.623e-05,1
22.612,4.9851e-05,1
22.613,5.4551e-05,1
22.613,6.4286e-05,1
22.614,6.865e-05,1
22.614,5.9586e-05,1
22.615,4.0116e-05,1
22.615,1.561e-05,1
22.616,-1.3596e-05,1
22.616,-4.0955e-05,1
22.617,-6.5629e-05,1
22.617,-9.5171e-05,1
22.618,-0.00012807,1
22.618,-0.00015778,1
22.619,-0.00017121,1
22.619,-0.00015593,1
22.62,-0.00012505,1
22.62,-0.00010172,1
22.621,-8.9464e-05,1
22.621,-8.275e-05,1
22.622,-7.4022e-05,1
22.622,-5.9586e-05,1
22.623,-4.1459e-05,1
22.623,-1.4939e-05,1
22.624,2.7695e-05,1
22.624,7.3014e-05,1
22.625,9.3828e-05,1
22.625,6.8315e-05,1
22.626,1.9974e-05,1
22.627,7.0497e-06,1
22.627,3.9445e-05,1
22.628,8.2246e-05,1
22.628,9.1142e-05,1
22.629,6.4622e-05,1
22.629,3.7598e-05,1
22.63,4.5151e-05,1
22.63,8.1743e-05,1
22.631,0.00011514,1
22.631,0.00013613,1
22.632,0.0001514,1
22.632,0.00015627,1
22.633,0.00013948,1
22.633,0.00010809,1
22.634,7.0329e-05,1
22.634,3.0549e-05,1
22.635,6.2104e-06,1
22.635,1.0575e-05,1
22.636,2.8367e-05,1
22.636,3.7934e-05,1
22.637,3.4745e-05,1
22.637,2.3499e-05,1
22.638,7.5532e-06,1
22.638,-5.2033e-06,1
22.639,-7.5532e-06,1
22.64,5.0355e-07,1
22.64,1.8799e-05,1
22.641,4.5823e-05,1
22.641,7.1672e-05,1
22.642,8.7114e-05,1
22.642,9.2149e-05,1
22.643,9.0471e-05,1
22.643,8.0064e-05,1
22.644,6.63e-05,1
22.644,5.8244e-05,1
22.645,4.6494e-05,1
22.645,1.8967e-05,1
22.646,-2.3499e-05,1
22.646,-6.3615e-05,1
22.647,-8.5939e-05,1
22.647,-9.4163e-05,1
22.648,-9.9031e-05,1
22.648,-0.00010088,1
22.649,-9.5506e-05,1
22.649,-8.1239e-05,1
22.65,-6.2104e-05,1
22.65,-4.8844e-05,1
22.651,-3.9277e-05,1
22.651,-1.5778e-05,1
22.652,1.7456e-05,1
22.652,3.743e-05,1
22.653,3.743e-05,1
22.654,2.0478e-05,1
22.654,-9.5674e-06,1
22.655,-4.1123e-05,1
22.655,-6.3615e-05,1
22.656,-8.3925e-05,1
22.656,-0.00011112,1
22.657,-0.00013143,1
22.657,-0.00012253,1
22.658,-9.0135e-05,1
22.658,-6.4286e-05,1
22.659,-5.388e-05,1
22.659,-3.2563e-05,1
22.66,1.5442e-05,1
22.66,7.1672e-05,1
22.661,0.00010507,1
22.661,0.00011582,1
22.662,0.00011733,1
22.662,9.1478e-05,1
22.663,3.2059e-05,1
22.663,-2.7024e-05,1
22.664,-5.6901e-05,1
22.664,-5.2873e-05,1
22.665,-2.6352e-05,1
22.665,1.3596e-05,1
22.666,7.8721e-05,1
22.666,0.00017356,1
22.667,0.00026973,1
22.668,0.0003174,1
22.668,0.00030532,1
22.669,0.00026688,1
22.669,0.00022139,1
22.67,0.00014955,1
22.67,4.1123e-05,1
22.671,-7.2007e-05,1
22.671,-0.00014116,1
22.672,-0.00015862,1
22.672,-0.00015006,1
22.673,-0.00013361,1
22.673,-0.00011128,1
22.674,-9.3492e-05,1
22.674,-7.9057e-05,1
22.675,-5.2369e-05,1
22.675,3.8605e-06,1
22.676,9.9199e-05,1
22.676,0.00021854,1
22.677,0.00031807,1
22.677,0.00036843,1
22.678,0.00035299,1
22.678,0.00027192,1
22.679,0.00014183,1
22.679,5.0355e-07,1
22.68,-8.8624e-05,1
22.681,-0.00011263,1
22.681,-9.2485e-05,1
22.682,-5.4215e-05,1
22.682,-2.3667e-05,1
22.683,-9.2317e-06,1
22.683,-7.7211e-06,1
22.684,-9.9031e-06,1
22.684,1.0071e-06,1
22.685,3.4073e-05,1
22.685,7.4525e-05,1
22.686,8.896e-05,1
22.686,5.2873e-05,1
22.687,-7.5532e-06,1
22.687,-4.7166e-05,1
22.688,-5.7404e-05,1
22.688,-4.9851e-05,1
22.689,-3.3738e-05,1
22.689,-2.6856e-06,1
22.69,3.6088e-05,1
22.69,5.8915e-05,1
22.691,6.4958e-05,1
22.691,6.8986e-05,1
22.692,7.335e-05,1
22.692,7.0329e-05,1
22.693,5.5558e-05,1
22.694,3.1052e-05,1
22.694,5.0355e-06,1
22.695,-1.8128e-05,1
22.695,-3.7095e-05,1
22.696,-5.0858e-05,1
22.696,-6.0258e-05,1
22.697,-6.5461e-05,1
22.697,-6.4958e-05,1
22.698,-5.5558e-05,1
22.698,-3.7263e-05,1
22.699,-1.5106e-05,1
22.699,2.182e-06,1
22.7,1.0239e-05,1
22.7,1.326e-05,1
22.701,1.0575e-05,1
22.701,1.1749e-06,1
22.702,-1.3596e-05,1
22.702,-2.9877e-05,1
22.703,-4.7166e-05,1
22.703,-6.5797e-05,1
22.704,-8.7953e-05,1
22.704,-0.0001185,1
22.705,-0.0001472,1
22.705,-0.00015929,1
22.706,-0.00015241,1
22.706,-0.00013025,1
22.707,-9.4163e-05,1
22.708,-4.5655e-05,1
22.708,6.2104e-06,1
22.709,6.3951e-05,1
22.709,0.00013512,1
22.71,0.00020595,1
22.71,0.00025026,1
22.711,0.00024456,1
22.711,0.00019857,1
22.712,0.00014401,1
22.712,0.00010121,1
22.713,7.4693e-05,1
22.713,5.9251e-05,1
22.714,5.069e-05,1
22.714,5.0187e-05,1
22.715,6.0929e-05,1
22.715,7.7043e-05,1
22.716,9.3828e-05,1
22.716,0.00011531,1
22.717,0.00013797,1
22.717,0.00014099,1
22.718,0.0001133,1
22.718,6.4286e-05,1
22.719,1.326e-05,1
22.719,-2.6688e-05,1
22.72,-5.2201e-05,1
22.721,-6.7308e-05,1
22.721,-7.5196e-05,1
22.722,-7.7714e-05,1
22.722,-6.9993e-05,1
22.723,-5.6565e-05,1
22.723,-5.388e-05,1
22.724,-6.4286e-05,1
22.724,-6.7979e-05,1
22.725,-5.3208e-05,1
22.725,-3.5752e-05,1
22.726,-2.6184e-05,1
22.726,-1.1246e-05,1
22.727,1.796e-05,1
22.727,4.9851e-05,1
22.728,6.2608e-05,1
22.728,3.9948e-05,1
22.729,-1.091e-05,1
22.729,-5.8076e-05,1
22.73,-7.6371e-05,1
22.73,-6.7979e-05,1
22.731,-4.7166e-05,1
22.731,-2.2995e-05,1
22.732,-5.8747e-06,1
22.732,-2.0142e-06,1
22.733,-5.3712e-06,1
22.733,-4.3641e-06,1
22.734,1.2757e-05,1
22.735,4.1459e-05,1
22.735,6.8818e-05,1
22.736,9.1478e-05,1
22.736,0.00010927,1
22.737,0.000118,1
22.737,0.00010558,1
22.738,7.2847e-05,1
22.738,3.8605e-05,1
22.739,1.7792e-05,1
22.739,1.0239e-05,1
22.74,1.1917e-05,1
22.74,1.9303e-05,1
22.741,2.5681e-05,1
22.741,2.3499e-05,1
22.742,1.7456e-05,1
22.742,1.8463e-06,1
22.743,-2.501e-05,1
22.743,-2.8702e-05,1
22.744,5.2033e-06,1
22.744,4.4144e-05,1
22.745,5.304e-05,1
22.745,3.2059e-05,1
22.746,0,1
22.746,-5.5222e-05,1
22.747,-0.00015123,1
22.747,-0.00024439,1
22.748,-0.00026403,1
22.749,-0.00017876,1
22.749,-4.9516e-05,1
22.75,2.4338e-05,1
22.75,3.2059e-05,1
22.751,4.1459e-05,1
22.751,0.00010105,1
22.752,0.00020461,1
22.752,0.00031438,1
22.753,0.00039461,1
22.753,0.00043758,1
22.754,0.0004443,1
22.754,0.00040133,1
22.755,0.00032345,1
22.755,0.00024154,1
22.756,0.00016701,1
22.756,0.00010155,1
22.757,4.8005e-05,1
22.757,-5.0355e-07,1
22.758,-4.9683e-05,1
22.758,-8.5771e-05,1
22.759,-9.3828e-05,1
22.759,-7.6036e-05,1
22.76,-5.3544e-05,1
22.76,-4.2634e-05,1
22.761,-4.4144e-05,1
22.762,-4.5823e-05,1
22.762,-3.827e-05,1
22.763,-2.0645e-05,1
22.763,8.3925e-06,1
22.764,3.978e-05,1
22.764,4.6494e-05,1
22.765,1.2253e-05,1
22.765,-4.2466e-05,1
22.766,-8.5771e-05,1
22.766,-9.2988e-05,1
22.767,-6.3111e-05,1
22.767,-2.0645e-05,1
22.768,3.8605e-06,1
22.768,0,1
22.769,-1.5274e-05,1
22.769,-1.6785e-05,1
22.77,7.5532e-06,1
22.77,4.2634e-05,1
22.771,5.8915e-05,1
22.771,4.8844e-05,1
22.772,2.6688e-05,1
22.772,-2.182e-06,1
22.773,-5.2537e-05,1
22.773,-0.00011666,1
22.774,-0.00016365,1
22.774,-0.00017205,1
22.775,-0.00014788,1
22.776,-0.00011162,1
22.776,-7.3518e-05,1
22.777,-4.0116e-05,1
22.777,-1.3931e-05,1
22.778,8.2246e-06,1
22.778,3.1556e-05,1
22.779,6.1601e-05,1
22.779,9.8863e-05,1
22.78,0.00013143,1
22.78,0.00013948,1
22.781,0.00010793,1
22.781,4.683e-05,1
22.782,-1.7624e-05,1
22.782,-7.0161e-05,1
22.783,-0.00010004,1
22.783,-9.0303e-05,1
22.784,-5.4215e-05,1
22.784,-2.3667e-05,1
22.785,-1.1749e-05,1
22.785,-1.1749e-05,1
22.786,-4.6998e-06,1
22.786,2.3331e-05,1
22.787,7.1672e-05,1
22.787,0.00013881,1
22.788,0.00021199,1
22.789,0.00026503,1
22.789,0.00027611,1
22.79,0.00024053,1
22.79,0.0001702,1
22.791,8.9128e-05,1
22.791,1.9303e-05,1
22.792,-2.8031e-05,1
22.792,-5.2033e-05,1
22.793,-6.1936e-05,1
22.793,-6.9322e-05,1
22.794,-9.7688e-05,1
22.794,-0.00014821,1
22.795,-0.00017742,1
22.795,-0.00016785,1
22.796,-0.00014116,1
22.796,-0.00011565,1
22.797,-9.7353e-05,1
22.797,-8.5939e-05,1
22.798,-7.0497e-05,1
22.798,-3.508e-05,1
22.799,2.4842e-05,1
22.799,9.7856e-05,1
22.8,0.0001566,1
22.8,0.00017003,1
22.801,0.00014586,1
22.802,0.00012639,1
22.802,0.00013948,1
22.803,0.00016432,1
22.803,0.00016097,1
22.804,0.0001321,1
22.804,9.2149e-05,1
22.805,3.9445e-05,1
22.805,-1.796e-05,1
22.806,-5.0858e-05,1
22.806,-4.5991e-05,1
22.807,-1.2253e-05,1
22.807,2.6688e-05,1
22.808,4.9516e-05,1
22.808,5.8915e-05,1
22.809,6.479e-05,1
22.809,6.5293e-05,1
22.81,5.388e-05,1
22.81,4.8676e-05,1
22.811,6.479e-05,1
22.811,8.9967e-05,1
22.812,0.00010591,1
22.812,0.00010843,1
22.813,9.3828e-05,1
22.813,5.8747e-05,1
22.814,-8.896e-06,1
22.814,-0.00010138,1
22.815,-0.0001655,1
22.816,-0.0001613,1
22.816,-0.0001044,1
22.817,-4.062e-05,1
22.817,2.5177e-06,1
22.818,2.0645e-05,1
22.818,2.3331e-05,1
22.819,3.4409e-05,1
22.819,5.623e-05,1
22.82,7.805e-05,1
22.82,9.1142e-05,1
22.821,8.3757e-05,1
22.821,4.7333e-05,1
22.822,1.8463e-06,1
22.822,-2.5345e-05,1
22.823,-3.4577e-05,1
22.823,-3.9277e-05,1
22.824,-4.6998e-05,1
22.824,-5.4887e-05,1
22.825,-5.388e-05,1
22.825,-4.4144e-05,1
22.826,-2.7024e-05,1
22.826,3.357e-07,1
22.827,3.2563e-05,1
22.827,6.0929e-05,1
22.828,7.6707e-05,1
22.828,7.8553e-05,1
22.829,7.0665e-05,1
22.83,6.3279e-05,1
22.83,6.2272e-05,1
22.831,6.3447e-05,1
22.831,6.8482e-05,1
22.832,8.2918e-05,1
22.832,9.2149e-05,1
22.833,8.1239e-05,1
22.833,5.0019e-05,1
22.834,1.2924e-05,1
22.834,-1.0575e-05,1
22.835,-2.031e-05,1
22.835,-2.6688e-05,1
22.836,-3.3402e-05,1
22.836,-4.1123e-05,1
22.837,-5.2369e-05,1
22.837,-6.3279e-05,1
22.838,-6.5126e-05,1
22.838,-4.8676e-05,1
22.839,-8.3925e-07,1
22.839,6.4958e-05,1
22.84,0.00011078,1
22.84,0.00011229,1
22.841,7.2007e-05,1
22.841,1.7624e-05,1
22.842,-2.031e-05,1
22.843,-3.5416e-05,1
22.843,-3.9445e-05,1
22.844,-3.9109e-05,1
22.844,-3.2731e-05,1
22.845,-2.5345e-05,1
22.845,-2.2828e-05,1
22.846,-1.7121e-05,1
22.846,1.5106e-06,1
22.847,2.266e-05,1
22.847,3.4745e-05,1
22.848,3.592e-05,1
22.848,2.501e-05,1
22.849,4.8676e-06,1
22.849,-2.501e-05,1
22.85,-5.8412e-05,1
22.85,-7.4861e-05,1
22.851,-6.6972e-05,1
22.851,-4.1962e-05,1
22.852,-5.3712e-06,1
22.852,2.7695e-05,1
22.853,4.9012e-05,1
22.853,6.6133e-05,1
22.854,7.4189e-05,1
22.854,6.4286e-05,1
22.855,3.8773e-05,1
22.855,1.9135e-05,1
22.856,2.5849e-05,1
22.857,5.3208e-05,1
22.857,8.3757e-05,1
22.858,9.8695e-05,1
22.858,9.3828e-05,1
22.859,7.5364e-05,1
22.859,5.4551e-05,1
22.86,3.357e-05,1
22.86,1.091e-05,1
22.861,-1.3931e-05,1
22.861,-3.743e-05,1
22.862,-4.3977e-05,1
22.862,-2.7527e-05,1
22.863,-2.182e-06,1
22.863,1.8631e-05,1
22.864,2.9709e-05,1
22.864,3.508e-05,1
22.865,4.7166e-05,1
22.865,7.0832e-05,1
22.866,9.6345e-05,1
22.866,0.00011263,1
22.867,0.00011666,1
22.867,0.00011095,1
22.868,9.7856e-05,1
22.868,7.8386e-05,1
22.869,5.4215e-05,1
22.87,3.0549e-05,1
22.87,2.5177e-06,1
22.871,-1.2757e-05,1
22.871,-3.8605e-06,1
22.872,1.0407e-05,1
22.872,2.4674e-05,1
22.873,2.5177e-05,1
22.873,3.0213e-06,1
22.874,-2.1988e-05,1
22.874,-3.8773e-05,1
22.875,-3.7095e-05,1
22.875,-2.5345e-05,1
22.876,-2.0142e-05,1
22.876,-1.9135e-05,1
22.877,-1.0071e-05,1
22.877,1.4603e-05,1
22.878,5.3208e-05,1
22.878,9.9199e-05,1
22.879,0.00013797,1
22.879,0.00014217,1
22.88,0.00010726,1
22.88,6.3279e-05,1
22.881,3.122e-05,1
22.881,4.5319e-06,1
22.882,-2.266e-05,1
22.883,-4.3809e-05,1
22.883,-5.069e-05,1
22.884,-3.6759e-05,1
22.884,-7.0497e-06,1
22.885,2.4506e-05,1
22.885,5.304e-05,1
22.886,6.7643e-05,1
22.886,5.8915e-05,1
22.887,4.062e-05,1
22.887,2.3835e-05,1
22.888,-7.0497e-06,1
22.888,-5.304e-05,1
22.889,-7.2679e-05,1
22.889,-4.3305e-05,1
22.89,4.5319e-06,1
22.89,2.8031e-05,1
22.891,1.4939e-05,1
22.891,-1.8296e-05,1
22.892,-3.9109e-05,1
22.892,-3.4409e-05,1
22.893,-1.4267e-05,1
22.893,6.8818e-06,1
22.894,2.7527e-05,1
22.894,4.1291e-05,1
22.895,3.3738e-05,1
22.895,1.1582e-05,1
22.896,-8.3925e-07,1
22.897,1.0575e-05,1
22.897,3.5752e-05,1
22.898,6.1265e-05,1
22.898,9.3156e-05,1
22.899,0.00013646,1
22.899,0.00017607,1
22.9,0.00018849,1
22.9,0.00016164,1
22.901,0.00011431,1
22.901,8.1743e-05,1
22.902,7.2343e-05,1
22.902,6.5461e-05,1
22.903,4.5823e-05,1
22.903,1.7792e-05,1
22.904,-7.8889e-06,1
22.904,-2.7024e-05,1
22.905,-4.3809e-05,1
22.905,-5.8915e-05,1
22.906,-6.63e-05,1
22.906,-6.2943e-05,1
22.907,-5.388e-05,1
22.907,-4.6159e-05,1
22.908,-4.3641e-05,1
22.908,-4.0787e-05,1
22.909,-3.0381e-05,1
22.91,-1.5778e-05,1
22.91,-5.7069e-06,1
22.911,0,1
22.911,2.182e-06,1
22.912,-3.8605e-06,1
22.912,-1.561e-05,1
22.913,-2.5177e-05,1
22.913,-2.0981e-05,1
22.914,4.6998e-06,1
22.914,3.1724e-05,1
22.915,2.2324e-05,1
22.915,-3.9445e-05,1
22.916,-0.00010994,1
22.916,-0.00013881,1
22.917,-0.00012404,1
22.917,-9.1478e-05,1
22.918,-6.5629e-05,1
22.918,-4.918e-05,1
22.919,-3.4241e-05,1
22.919,-2.3667e-05,1
22.92,-1.561e-05,1
22.92,1.2085e-05,1
22.921,6.8986e-05,1
22.921,0.00013008,1
22.922,0.0001603,1
22.922,0.00015157,1
22.923,0.00012169,1
22.924,9.752e-05,1
22.924,9.2485e-05,1
22.925,9.6513e-05,1
22.925,9.752e-05,1
22.926,9.3156e-05,1
22.926,8.4428e-05,1
22.927,6.4958e-05,1
22.927,2.9206e-05,1
22.928,-6.714e-06,1
22.928,-2.1149e-05,1
22.929,-1.9135e-05,1
22.929,-1.9974e-05,1
22.93,-3.2395e-05,1
22.93,-4.8173e-05,1
22.931,-5.2033e-05,1
22.931,-2.9206e-05,1
22.932,1.326e-05,1
22.932,4.9516e-05,1
22.933,6.4286e-05,1
22.933,5.6565e-05,1
22.934,3.8605e-05,1
22.934,2.3331e-05,1
22.935,1.796e-05,1
22.935,2.7192e-05,1
22.936,6.4622e-05,1
22.936,0.00012673,1
22.937,0.00017037,1
22.938,0.00016147,1
22.938,8.5603e-05,1
22.939,-3.2731e-05,1
22.939,-0.00013713,1
22.94,-0.00020175,1
22.94,-0.00024791,1
22.941,-0.00027964,1
22.941,-0.00029055,1
22.942,-0.00027947,1
22.942,-0.00025026,1
22.943,-0.00020897,1
22.943,-0.0001519,1
22.944,-6.7643e-05,1
22.944,3.4745e-05,1
22.945,0.00012522,1
22.945,0.00019319,1
22.946,0.00023281,1
22.946,0.00022945,1
22.947,0.00021669,1
22.947,0.00023516,1
22.948,0.00025261,1
22.948,0.00023751,1
22.949,0.00019588,1
22.949,0.00015023,1
22.95,0.00013629,1
22.951,0.00015996,1
22.951,0.00020058,1
22.952,0.00023549,1
22.952,0.00026067,1
22.953,0.00028182,1
22.953,0.00028316,1
22.954,0.00024942,1
22.954,0.00020243,1
22.955,0.00016097,1
22.955,0.00012052,1
22.956,7.9728e-05,1
22.956,3.5416e-05,1
22.957,-1.326e-05,1
22.957,-5.0187e-05,1
22.958,-5.8244e-05,1
22.958,-5.388e-05,1
22.959,-6.5965e-05,1
22.959,-9.1478e-05,1
22.96,-9.5003e-05,1
22.96,-7.2175e-05,1
22.961,-5.0019e-05,1
22.961,-4.4144e-05,1
22.962,-5.1865e-05,1
22.962,-6.0761e-05,1
22.963,-6.6804e-05,1
22.963,-7.0161e-05,1
22.964,-6.6804e-05,1
22.965,-5.2873e-05,1
22.965,-2.8702e-05,1
22.966,-4.5319e-06,1
22.966,3.1891e-06,1
22.967,-1.4603e-05,1
22.967,-4.9348e-05,1
22.968,-7.8218e-05,1
22.968,-9.0135e-05,1
22.969,-9.0806e-05,1
22.969,-8.7282e-05,1
22.97,-8.1743e-05,1
22.97,-7.2511e-05,1
22.971,-5.3544e-05,1
22.971,-2.2492e-05,1
22.972,8.896e-06,1
22.972,2.4002e-05,1
22.973,1.5946e-05,1
22.973,-9.5674e-06,1
22.974,-3.3738e-05,1
22.974,-4.213e-05,1
22.975,-3.4409e-05,1
22.975,-2.266e-05,1
22.976,-2.0645e-05,1
22.976,-2.8031e-05,1
22.977,-3.8437e-05,1
22.978,-5.0523e-05,1
22.978,-6.2272e-05,1
22.979,-6.4286e-05,1
22.979,-5.2201e-05,1
22.98,-3.3402e-05,1
22.98,-1.6281e-05,1
22.981,8.3925e-07,1
22.981,1.5442e-05,1
22.982,2.4674e-05,1
22.982,3.0716e-05,1
22.983,3.3738e-05,1
22.983,3.4745e-05,1
22.984,4.0452e-05,1
22.984,5.4215e-05,1
22.985,7.6036e-05,1
22.985,9.4835e-05,1
22.986,0.00010306,1
22.986,9.9367e-05,1
22.987,8.9128e-05,1
22.987,7.57e-05,1
22.988,6.0594e-05,1
22.988,4.4144e-05,1
22.989,2.0478e-05,1
22.989,-6.2104e-06,1
22.99,-2.0142e-05,1
22.991,-1.7624e-05,1
22.991,-1.091e-05,1
22.992,-5.2033e-06,1
22.992,8.3925e-07,1
22.993,8.2246e-06,1
22.993,2.2324e-05,1
22.994,4.8844e-05,1
22.994,8.9128e-05,1
22.995,0.00012807,1
22.995,0.00014838,1
22.996,0.00015425,1
22.996,0.00015526,1
22.997,0.000142,1
22.997,0.00010843,1
22.998,6.2608e-05,1
22.998,2.0645e-05,1
22.999,-9.5674e-06,1
22.999,-2.8702e-05,1
23,-3.9277e-05,1
23,-3.743e-05,1
23.001,-1.7121e-05,1
23.001,1.3596e-05,1
23.002,3.743e-05,1
23.002,4.2802e-05,1
23.003,3.2395e-05,1
23.003,2.9709e-05,1
23.004,4.0452e-05,1
23.005,4.8844e-05,1
23.005,4.6494e-05,1
23.006,3.6759e-05,1
23.006,2.4674e-05,1
23.007,1.0071e-05,1
23.007,-1.8463e-06,1
23.008,-1.4435e-05,1
23.008,-3.3402e-05,1
23.009,-5.9754e-05,1
23.009,-9.3156e-05,1
23.01,-0.000118,1
23.01,-0.00011582,1
23.011,-8.4428e-05,1
23.011,-3.592e-05,1
23.012,1.3596e-05,1
23.012,5.7572e-05,1
23.013,0.00010507,1
23.013,0.00015073,1
23.014,0.00017507,1
23.014,0.00017523,1
23.015,0.0001613,1
23.015,0.00014049,1
23.016,0.00012001,1
23.016,0.00010491,1
23.017,8.9464e-05,1
23.017,6.949e-05,1
23.018,4.5487e-05,1
23.019,2.4674e-05,1
23.019,1.326e-05,1
23.02,5.2033e-06,1
23.02,-6.3783e-06,1
23.021,-1.9638e-05,1
23.021,-3.1724e-05,1
23.022,-4.2802e-05,1
23.022,-5.4551e-05,1
23.023,-5.2369e-05,1
23.023,-3.0045e-05,1
23.024,-6.714e-06,1
23.024,-7.2175e-06,1
23.025,-4.2298e-05,1
23.025,-8.6107e-05,1
23.026,-0.0001086,1
23.026,-0.00011112,1
23.027,-9.7856e-05,1
23.027,-6.2272e-05,1
23.028,-1.0071e-06,1
23.028,6.479e-05,1
23.029,0.00010239,1
23.029,9.7185e-05,1
23.03,6.5293e-05,1
23.03,3.2563e-05,1
23.031,6.5461e-06,1
23.032,-1.1749e-05,1
23.032,-1.3764e-05,1
23.033,-2.0142e-06,1
23.033,1.0575e-05,1
23.034,1.326e-05,1
23.034,4.5319e-06,1
23.035,-1.1078e-05,1
23.035,-2.2156e-05,1
23.036,-1.5946e-05,1
23.036,6.5461e-06,1
23.037,2.9709e-05,1
23.037,4.2802e-05,1
23.038,4.3977e-05,1
23.038,3.9277e-05,1
23.039,2.9374e-05,1
23.039,1.9303e-05,1
23.04,1.5946e-05,1
23.04,1.4435e-05,1
23.041,2.182e-06,1
23.041,-3.7766e-05,1
23.042,-8.4764e-05,1
23.042,-8.5435e-05,1
23.043,-3.9948e-05,1
23.043,1.5274e-05,1
23.044,5.5558e-05,1
23.044,8.0064e-05,1
23.045,0.00010491,1
23.046,0.00013646,1
23.046,0.00016634,1
23.047,0.00019219,1
23.047,0.00020729,1
23.048,0.00019722,1
23.048,0.00015224,1
23.049,8.1407e-05,1
23.049,1.2589e-05,1
23.05,-3.1388e-05,1
23.05,-4.8508e-05,1
23.051,-3.978e-05,1
23.051,-1.5274e-05,1
23.052,9.2317e-06,1
23.052,1.326e-05,1
23.053,-1.6785e-06,1
23.053,-1.561e-05,1
23.054,-1.1582e-05,1
23.054,6.8818e-06,1
23.055,2.182e-05,1
23.055,1.9303e-05,1
23.056,5.2033e-06,1
23.056,1.1749e-06,1
23.057,1.5106e-05,1
23.057,3.2731e-05,1
23.058,4.6998e-05,1
23.059,5.4551e-05,1
23.059,5.4215e-05,1
23.06,4.5487e-05,1
23.06,3.2731e-05,1
23.061,2.3331e-05,1
23.061,2.266e-05,1
23.062,3.2731e-05,1
23.062,4.6159e-05,1
23.063,4.5823e-05,1
23.063,2.1317e-05,1
23.064,-1.2924e-05,1
23.064,-3.1052e-05,1
23.065,-2.4674e-05,1
23.065,-1.0407e-05,1
23.066,-9.5674e-06,1
23.066,-2.501e-05,1
23.067,-3.508e-05,1
23.067,-3.7095e-05,1
23.068,-5.153e-05,1
23.068,-8.5771e-05,1
23.069,-0.00013394,1
23.069,-0.00018061,1
23.07,-0.00020729,1
23.07,-0.00020964,1
23.071,-0.00018849,1
23.072,-0.00014653,1
23.072,-8.275e-05,1
23.073,-4.8676e-06,1
23.073,7.7379e-05,1
23.074,0.00015795,1
23.074,0.00022509,1
23.075,0.00026302,1
23.075,0.00027376,1
23.076,0.00026571,1
23.076,0.00023516,1
23.077,0.00018346,1
23.077,0.0001227,1
23.078,6.5461e-05,1
23.078,2.0981e-05,1
23.079,-8.5603e-06,1
23.079,-2.6352e-05,1
23.08,-3.6423e-05,1
23.08,-3.3234e-05,1
23.081,-1.561e-05,1
23.081,2.182e-06,1
23.082,7.7211e-06,1
23.082,1.8463e-06,1
23.083,-1.0575e-05,1
23.083,-1.9471e-05,1
23.084,-1.5274e-05,1
23.084,1.6785e-07,1
23.085,1.1917e-05,1
23.086,1.2589e-05,1
23.086,1.4603e-05,1
23.087,3.122e-05,1
23.087,5.1194e-05,1
23.088,6.244e-05,1
23.088,7.6707e-05,1
23.089,0.00010457,1
23.089,0.00012488,1
23.09,0.00011514,1
23.09,7.1e-05,1
23.091,3.1724e-05,1
23.091,4.6662e-05,1
23.092,9.6513e-05,1
23.092,0.00013428,1
23.093,0.00013344,1
23.093,9.2988e-05,1
23.094,4.5319e-05,1
23.094,1.9638e-05,1
23.095,0,1
23.095,-1.9303e-05,1
23.096,-1.5106e-05,1
23.096,2.0645e-05,1
23.097,5.8747e-05,1
23.097,6.0258e-05,1
23.098,3.6088e-05,1
23.099,1.8967e-05,1
23.099,1.5946e-05,1
23.1,-2.8534e-06,1
23.1,-6.2608e-05,1
23.101,-0.00012992,1
23.101,-0.00016466,1
23.102,-0.00016248,1
23.102,-0.00014351,1
23.103,-0.00012908,1
23.103,-0.0001237,1
23.104,-0.00011884,1
23.104,-0.00010642,1
23.105,-8.661e-05,1
23.105,-5.7908e-05,1
23.106,-1.326e-05,1
23.106,5.0858e-05,1
23.107,0.00011649,1
23.107,0.00015358,1
23.108,0.00015962,1
23.108,0.00014989,1
23.109,0.00013646,1
23.109,0.00011901,1
23.11,9.3828e-05,1
23.11,6.1265e-05,1
23.111,3.0716e-05,1
23.111,1.8463e-06,1
23.112,-2.7192e-05,1
23.113,-4.5487e-05,1
23.113,-4.4144e-05,1
23.114,-3.2395e-05,1
23.114,-3.1891e-05,1
23.115,-5.1698e-05,1
23.115,-7.6707e-05,1
23.116,-8.5267e-05,1
23.116,-6.5293e-05,1
23.117,-1.8967e-05,1
23.117,3.4577e-05,1
23.118,7.2175e-05,1
23.118,8.7282e-05,1
23.119,8.3085e-05,1
23.119,6.8986e-05,1
23.12,5.0858e-05,1
23.12,3.3234e-05,1
23.121,3.1388e-05,1
23.121,5.3544e-05,1
23.122,7.805e-05,1
23.122,8.426e-05,1
23.123,7.2679e-05,1
23.123,5.8076e-05,1
23.124,4.7333e-05,1
23.124,3.4745e-05,1
23.125,2.8534e-05,1
23.125,4.5487e-05,1
23.126,7.2679e-05,1
23.127,7.7546e-05,1
23.127,4.1794e-05,1
23.128,-1.091e-05,1
23.128,-5.0355e-05,1
23.129,-7.1336e-05,1
23.129,-7.0497e-05,1
23.13,-4.7166e-05,1
23.13,-1.6953e-05,1
23.131,7.8889e-06,1
23.131,3.2563e-05,1
23.132,5.2201e-05,1
23.132,6.0929e-05,1
23.133,6.0594e-05,1
23.133,5.8747e-05,1
23.134,5.5558e-05,1
23.134,4.6494e-05,1
23.135,3.2059e-05,1
23.135,1.2253e-05,1
23.136,-1.2924e-05,1
23.136,-3.3402e-05,1
23.137,-3.508e-05,1
23.137,-3.2395e-05,1
23.138,-5.0187e-05,1
23.138,-9.0806e-05,1
23.139,-0.0001279,1
23.14,-0.00012941,1
23.14,-0.00010658,1
23.141,-8.0064e-05,1
23.141,-4.3977e-05,1
23.142,1.8128e-05,1
23.142,0.00010172,1
23.143,0.00018329,1
23.143,0.00024388,1
23.144,0.00027175,1
23.144,0.00025261,1
23.145,0.00019672,1
23.145,0.00013663,1
23.146,9.8527e-05,1
23.146,7.805e-05,1
23.147,6.4118e-05,1
23.147,5.7069e-05,1
23.148,5.5894e-05,1
23.148,5.6733e-05,1
23.149,5.8244e-05,1
23.149,5.623e-05,1
23.15,5.1362e-05,1
23.15,4.5655e-05,1
23.151,3.4409e-05,1
23.151,1.3596e-05,1
23.152,-1.5106e-05,1
23.152,-4.213e-05,1
23.153,-6.8986e-05,1
23.154,-9.9535e-05,1
23.154,-0.00012337,1
23.155,-0.0001378,1
23.155,-0.0001655,1
23.156,-0.0002125,1
23.156,-0.00023566,1
23.157,-0.00020897,1
23.157,-0.00014083,1
23.158,-5.5222e-05,1
23.158,2.2324e-05,1
23.159,7.5029e-05,1
23.159,9.987e-05,1
23.16,0.00010591,1
23.16,0.0001138,1
23.161,0.00012992,1
23.161,0.00015828,1
23.162,0.00019638,1
23.162,0.00021904,1
23.163,0.00021669,1
23.163,0.00019554,1
23.164,0.00015492,1
23.164,0.00010172,1
23.165,6.7979e-05,1
23.165,5.9251e-05,1
23.166,4.9516e-05,1
23.167,2.266e-05,1
23.167,-1.4267e-05,1
23.168,-4.3137e-05,1
23.168,-5.5726e-05,1
23.169,-5.1194e-05,1
23.169,-4.1459e-05,1
23.17,-5.2201e-05,1
23.17,-7.805e-05,1
23.171,-9.5338e-05,1
23.171,-0.00012152,1
23.172,-0.00018933,1
23.172,-0.00026738,1
23.173,-0.00031136,1
23.173,-0.0003075,1
23.174,-0.00025144,1
23.174,-0.00015526,1
23.175,-5.623e-05,1
23.175,1.2589e-05,1
23.176,4.8844e-05,1
23.176,8.2078e-05,1
23.177,0.00013864,1
23.177,0.00022173,1
23.178,0.00030666,1
23.178,0.0003592,1
23.179,0.00035819,1
23.18,0.00029877,1
23.18,0.0002083,1
23.181,0.00012068,1
23.181,4.7333e-05,1
23.182,-1.1078e-05,1
23.182,-4.5151e-05,1
23.183,-4.8341e-05,1
23.183,-2.3163e-05,1
23.184,2.1988e-05,1
23.184,7.1336e-05,1
23.185,0.00010558,1
23.185,0.00012203,1
23.186,0.00013277,1
23.186,0.00013848,1
23.187,0.00013814,1
23.187,0.0001373,1
23.188,0.00013176,1
23.188,0.00011263,1
23.189,8.2414e-05,1
23.189,4.9516e-05,1
23.19,2.031e-05,1
23.19,-7.0497e-06,1
23.191,-2.8199e-05,1
23.191,-3.7766e-05,1
23.192,-4.3809e-05,1
23.192,-5.3208e-05,1
23.193,-6.0258e-05,1
23.194,-6.479e-05,1
23.194,-6.5293e-05,1
23.195,-5.5222e-05,1
23.195,-3.6591e-05,1
23.196,-2.3499e-05,1
23.196,-2.4506e-05,1
23.197,-3.4241e-05,1
23.197,-3.7095e-05,1
23.198,-2.4338e-05,1
23.198,-7.5532e-06,1
23.199,-5.539e-06,1
23.199,-1.5106e-05,1
23.2,-2.1988e-05,1
23.2,-2.3667e-05,1
23.201,-2.4338e-05,1
23.201,-2.5681e-05,1
23.202,-2.031e-05,1
23.202,-8.896e-06,1
23.203,-5.7069e-06,1
23.203,-1.0575e-05,1
23.204,-1.2253e-05,1
23.204,-9.7353e-06,1
23.205,-6.0426e-06,1
23.205,-4.1962e-06,1
23.206,-5.0355e-07,1
23.206,9.5674e-06,1
23.207,2.3835e-05,1
23.208,3.5416e-05,1
23.208,3.8102e-05,1
23.209,3.0716e-05,1
23.209,1.7624e-05,1
23.21,3.357e-06,1
23.21,-4.0284e-06,1
23.211,7.8889e-06,1
23.211,3.508e-05,1
23.212,5.4383e-05,1
23.212,4.8173e-05,1
23.213,1.8296e-05,1
23.213,-2.0142e-05,1
23.214,-4.7166e-05,1
23.214,-5.0523e-05,1
23.215,-3.743e-05,1
23.215,-2.182e-05,1
23.216,-5.539e-06,1
23.216,1.4603e-05,1
23.217,2.0645e-05,1
23.217,-1.9974e-05,1
23.218,-9.2485e-05,1
23.218,-0.00014435,1
23.219,-0.00013982,1
23.219,-8.9632e-05,1
23.22,-2.7024e-05,1
23.221,3.5752e-05,1
23.221,0.00010121,1
23.222,0.0001556,1
23.222,0.00016181,1
23.223,0.00012723,1
23.223,0.00010121,1
23.224,0.0001086,1
23.224,0.0001373,1
23.225,0.00016533,1
23.225,0.00015962,1
23.226,0.0001133,1
23.226,7.0665e-05,1
23.227,6.7643e-05,1
23.227,7.805e-05,1
23.228,6.4286e-05,1
23.228,3.6591e-05,1
23.229,2.4002e-05,1
23.229,3.0716e-05,1
23.23,3.2731e-05,1
23.23,8.3925e-06,1
23.231,-4.1627e-05,1
23.231,-8.8624e-05,1
23.232,-0.00010961,1
23.232,-0.00011128,1
23.233,-9.3324e-05,1
23.233,-4.5487e-05,1
23.234,1.7121e-05,1
23.235,6.6636e-05,1
23.235,9.2149e-05,1
23.236,0.00010188,1
23.236,0.00010491,1
23.237,0.00011112,1
23.237,0.00012287,1
23.238,0.00013529,1
23.238,0.00013529,1
23.239,0.00011867,1
23.239,8.04e-05,1
23.24,1.1749e-05,1
23.24,-6.0594e-05,1
23.241,-9.1478e-05,1
23.241,-7.9393e-05,1
23.242,-5.5558e-05,1
23.242,-3.7766e-05,1
23.243,-2.0645e-05,1
23.243,1.8463e-06,1
23.244,2.1988e-05,1
23.244,3.3234e-05,1
23.245,3.978e-05,1
23.245,3.6759e-05,1
23.246,1.4267e-05,1
23.246,-2.1317e-05,1
23.247,-4.8173e-05,1
23.248,-4.8844e-05,1
23.248,-2.5345e-05,1
23.249,1.091e-05,1
23.249,5.2537e-05,1
23.25,8.7449e-05,1
23.25,0.00010491,1
23.251,9.3492e-05,1
23.251,5.4887e-05,1
23.252,2.3331e-05,1
23.252,2.4338e-05,1
23.253,5.0858e-05,1
23.253,8.2414e-05,1
23.254,0.0001044,1
23.254,0.00010826,1
23.255,9.0471e-05,1
23.255,5.9922e-05,1
23.256,4.1459e-05,1
23.256,4.2802e-05,1
23.257,4.9348e-05,1
23.257,4.213e-05,1
23.258,2.7359e-05,1
23.258,7.3854e-06,1
23.259,-2.5681e-05,1
23.259,-6.3279e-05,1
23.26,-9.7856e-05,1
23.261,-0.00012287,1
23.261,-0.000118,1
23.262,-8.3757e-05,1
23.262,-5.1865e-05,1
23.263,-4.2634e-05,1
23.263,-4.5151e-05,1
23.264,-3.4241e-05,1
23.264,-3.1891e-06,1
23.265,3.508e-05,1
23.265,7.8553e-05,1
23.266,0.00012572,1
23.266,0.00015476,1
23.267,0.00014485,1
23.267,9.6849e-05,1
23.268,3.2395e-05,1
23.268,-2.1149e-05,1
23.269,-5.6062e-05,1
23.269,-8.3589e-05,1
23.27,-0.00010759,1
23.27,-0.00011263,1
23.271,-9.2653e-05,1
23.271,-6.1601e-05,1
23.272,-3.9109e-05,1
23.272,-2.652e-05,1
23.273,-1.1917e-05,1
23.273,9.2317e-06,1
23.274,3.2563e-05,1
23.275,5.5558e-05,1
23.275,8.1743e-05,1
23.276,0.00011128,1
23.276,0.00013143,1
23.277,0.0001321,1
23.277,0.00011766,1
23.278,9.7185e-05,1
23.278,7.8889e-05,1
23.279,6.63e-05,1
23.279,5.9922e-05,1
23.28,5.153e-05,1
23.28,3.7934e-05,1
23.281,2.3163e-05,1
23.281,1.0575e-05,1
23.282,2.5177e-06,1
23.282,-6.2104e-06,1
23.283,-2.266e-05,1
23.283,-3.9445e-05,1
23.284,-4.1291e-05,1
23.284,-2.7024e-05,1
23.285,-9.2317e-06,1
23.285,2.3499e-06,1
23.286,7.8889e-06,1
23.286,1.1917e-05,1
23.287,1.561e-05,1
23.288,1.8296e-05,1
23.288,1.8967e-05,1
23.289,1.9974e-05,1
23.289,1.8631e-05,1
23.29,9.9031e-06,1
23.29,-8.3925e-07,1
23.291,-7.5532e-06,1
23.291,-7.7211e-06,1
23.292,-3.6927e-06,1
23.292,8.3925e-07,1
23.293,2.8534e-06,1
23.293,2.3499e-06,1
23.294,-1.0071e-06,1
23.294,-7.7211e-06,1
23.295,-1.8967e-05,1
23.295,-2.7863e-05,1
23.296,-3.1388e-05,1
23.296,-3.357e-05,1
23.297,-3.7263e-05,1
23.297,-4.4144e-05,1
23.298,-5.388e-05,1
23.298,-5.7069e-05,1
23.299,-6.0426e-05,1
23.299,-7.2007e-05,1
23.3,-8.3421e-05,1
23.3,-8.1407e-05,1
23.301,-5.3208e-05,1
23.302,-2.5177e-06,1
23.302,5.8915e-05,1
23.303,0.00011884,1
23.303,0.00016416,1
23.304,0.00019118,1
23.304,0.00020931,1
23.305,0.00022911,1
23.305,0.00024825,1
23.306,0.00025345,1
23.306,0.0002318,1
23.307,0.00018849,1
23.307,0.0001415,1
23.308,0.00010188,1
23.308,7.0329e-05,1
23.309,4.683e-05,1
23.309,2.8702e-05,1
23.31,1.4939e-05,1
23.31,7.5532e-06,1
23.311,1.1749e-06,1
23.311,-1.1246e-05,1
23.312,-1.9806e-05,1
23.312,-1.2421e-05,1
23.313,-4.6998e-06,1
23.313,-1.2757e-05,1
23.314,-2.8031e-05,1
23.314,-3.8605e-05,1
23.315,-4.3977e-05,1
23.316,-5.9586e-05,1
23.316,-9.3996e-05,1
23.317,-0.00013764,1
23.317,-0.000166,1
23.318,-0.00014855,1
23.318,-8.9128e-05,1
23.319,-3.9948e-05,1
23.319,-2.4338e-05,1
23.32,-1.3596e-05,1
23.32,1.2589e-05,1
23.321,3.978e-05,1
23.321,5.2705e-05,1
23.322,6.4622e-05,1
23.322,9.1646e-05,1
23.323,0.00011749,1
23.323,0.00012136,1
23.324,0.00010961,1
23.324,9.9199e-05,1
23.325,9.8024e-05,1
23.325,0.00010658,1
23.326,0.00011716,1
23.326,0.00011196,1
23.327,8.9296e-05,1
23.327,7.2343e-05,1
23.328,6.5461e-05,1
23.329,1.9974e-05,1
23.329,-7.6371e-05,1
23.33,-0.00015811,1
23.33,-0.00018312,1
23.331,-0.00015106,1
23.331,-7.6036e-05,1
23.332,5.8747e-06,1
23.332,5.9922e-05,1
23.333,7.7546e-05,1
23.333,7.8386e-05,1
23.334,8.3757e-05,1
23.334,0.00010457,1
23.335,0.00014452,1
23.335,0.00018816,1
23.336,0.00019924,1
23.336,0.00015996,1
23.337,9.4163e-05,1
23.337,2.4674e-05,1
23.338,-3.9445e-05,1
23.338,-8.5771e-05,1
23.339,-0.00010591,1
23.339,-0.00010759,1
23.34,-0.00010373,1
23.34,-0.00010138,1
23.341,-9.5674e-05,1
23.341,-8.0064e-05,1
23.342,-5.6565e-05,1
23.343,-3.6423e-05,1
23.343,-4.1627e-05,1
23.344,-8.9464e-05,1
23.344,-0.00015459,1
23.345,-0.00019739,1
23.345,-0.00020024,1
23.346,-0.00017456,1
23.346,-0.00013579,1
23.347,-8.9464e-05,1
23.347,-4.3977e-05,1
23.348,-2.8534e-06,1
23.348,4.3305e-05,1
23.349,0.00011229,1
23.349,0.00020696,1
23.35,0.00031119,1
23.35,0.00039797,1
23.351,0.00043204,1
23.351,0.00040049,1
23.352,0.00032848,1
23.352,0.00024422,1
23.353,0.00016835,1
23.353,0.00011061,1
23.354,7.0665e-05,1
23.354,4.3641e-05,1
23.355,2.266e-05,1
23.356,5.2033e-06,1
23.356,-8.3925e-06,1
23.357,-1.9974e-05,1
23.357,-3.0381e-05,1
23.358,-4.2466e-05,1
23.358,-5.5726e-05,1
23.359,-6.9657e-05,1
23.359,-8.5435e-05,1
23.36,-0.00010507,1
23.36,-0.00012639,1
23.361,-0.00013848,1
23.361,-0.00013126,1
23.362,-0.00011061,1
23.362,-8.9296e-05,1
23.363,-7.5364e-05,1
23.363,-6.9657e-05,1
23.364,-6.1265e-05,1
23.364,-4.6159e-05,1
23.365,-3.2563e-05,1
23.365,-2.3667e-05,1
23.366,-2.2324e-05,1
23.366,-3.2059e-05,1
23.367,-5.1698e-05,1
23.367,-7.3014e-05,1
23.368,-8.5267e-05,1
23.369,-7.805e-05,1
23.369,-5.4551e-05,1
23.37,-2.9709e-05,1
23.37,-1.4267e-05,1
23.371,-8.896e-06,1
23.371,3.1891e-06,1
23.372,3.9948e-05,1
23.372,9.9199e-05,1
23.373,0.00016667,1
23.373,0.00021804,1
23.374,0.00023381,1
23.374,0.00022391,1
23.375,0.00021636,1
23.375,0.00021787,1
23.376,0.00020847,1
23.376,0.00017473,1
23.377,0.00013109,1
23.377,9.2317e-05,1
23.378,6.3615e-05,1
23.378,4.2802e-05,1
23.379,2.6184e-05,1
23.379,1.1078e-05,1
23.38,5.539e-06,1
23.38,1.2924e-05,1
23.381,2.4674e-05,1
23.381,4.0452e-05,1
23.382,6.5629e-05,1
23.383,9.1814e-05,1
23.383,9.8695e-05,1
23.384,7.6036e-05,1
23.384,3.743e-05,1
23.385,3.1891e-06,1
23.385,-1.8631e-05,1
23.386,-3.1891e-05,1
23.386,-4.0787e-05,1
23.387,-4.8005e-05,1
23.387,-5.1865e-05,1
23.388,-5.4551e-05,1
23.388,-5.9586e-05,1
23.389,-6.4958e-05,1
23.389,-5.0019e-05,1
23.39,-1.4603e-05,1
23.39,6.2104e-06,1
23.391,-4.5319e-06,1
23.391,-2.9709e-05,1
23.392,-4.7501e-05,1
23.392,-5.6565e-05,1
23.393,-6.1601e-05,1
23.393,-6.3615e-05,1
23.394,-6.4118e-05,1
23.394,-6.3951e-05,1
23.395,-6.2608e-05,1
23.395,-7.2175e-05,1
23.396,-8.9128e-05,1
23.397,-8.9967e-05,1
23.397,-6.7475e-05,1
23.398,-4.062e-05,1
23.398,-1.7792e-05,1
23.399,1.4771e-05,1
23.399,5.8076e-05,1
23.4,8.8289e-05,1
23.4,9.1142e-05,1
23.401,6.4286e-05,1
23.401,-2.0142e-06,1
23.402,-6.8315e-05,1
23.402,-8.896e-05,1
23.403,-7.5364e-05,1
23.403,-5.8412e-05,1
23.404,-5.1698e-05,1
23.404,-6.7979e-05,1
23.405,-8.7282e-05,1
23.405,-7.3182e-05,1
23.406,-1.7288e-05,1
23.406,6.1601e-05,1
23.407,0.00014351,1
23.407,0.00021686,1
23.408,0.00026033,1
23.408,0.00026201,1
23.409,0.00023851,1
23.41,0.00021384,1
23.41,0.00019219,1
23.411,0.0001697,1
23.411,0.00014385,1
23.412,0.00010977,1
23.412,7.2343e-05,1
23.413,4.2802e-05,1
23.413,2.266e-05,1
23.414,3.1891e-06,1
23.414,-2.4338e-05,1
23.415,-6.0258e-05,1
23.415,-9.1646e-05,1
23.416,-0.00010574,1
23.416,-0.00010037,1
23.417,-7.8218e-05,1
23.417,-4.2466e-05,1
23.418,3.1891e-06,1
23.418,5.4887e-05,1
23.419,9.8192e-05,1
23.419,0.00012404,1
23.42,0.00014099,1
23.42,0.00015879,1
23.421,0.0001744,1
23.421,0.00018279,1
23.422,0.0001791,1
23.422,0.00015727,1
23.423,0.00012102,1
23.424,7.9728e-05,1
23.424,4.8173e-05,1
23.425,3.0716e-05,1
23.425,1.2924e-05,1
23.426,-1.2589e-05,1
23.426,-3.2395e-05,1
23.427,-3.827e-05,1
23.427,-4.3977e-05,1
23.428,-6.6972e-05,1
23.428,-0.00010323,1
23.429,-0.00012908,1
23.429,-0.00014049,1
23.43,-0.00014905,1
23.43,-0.00014418,1
23.431,-0.00010726,1
23.431,-3.9948e-05,1
23.432,2.6688e-05,1
23.432,6.9657e-05,1
23.433,8.51e-05,1
23.433,7.6875e-05,1
23.434,5.5222e-05,1
23.434,2.9374e-05,1
23.435,5.8747e-06,1
23.435,-1.3092e-05,1
23.436,-2.3331e-05,1
23.437,-1.8463e-05,1
23.437,-5.539e-06,1
23.438,-2.5177e-06,1
23.438,1.5106e-06,1
23.439,2.4674e-05,1
23.439,5.0523e-05,1
23.44,5.774e-05,1
23.44,4.4312e-05,1
23.441,1.9638e-05,1
23.441,-8.2246e-06,1
23.442,-2.3499e-05,1
23.442,-1.7288e-05,1
23.443,-5.0355e-06,1
23.443,-2.6856e-05,1
23.444,-9.601e-05,1
23.444,-0.00018111,1
23.445,-0.00023348,1
23.445,-0.0002271,1
23.446,-0.00018816,1
23.446,-0.00016181,1
23.447,-0.00015459,1
23.447,-0.00013294,1
23.448,-7.1672e-05,1
23.448,1.9974e-05,1
23.449,0.000118,1
23.45,0.00021065,1
23.45,0.0002892,1
23.451,0.00033486,1
23.451,0.00033687,1
23.452,0.00030364,1
23.452,0.00026,1
23.453,0.00022509,1
23.453,0.00020092,1
23.454,0.00017104,1
23.454,0.0001284,1
23.455,8.7785e-05,1
23.455,5.4887e-05,1
23.456,9.2317e-06,1
23.456,-5.4887e-05,1
23.457,-0.00010054,1
23.457,-0.0001133,1
23.458,-9.7185e-05,1
23.458,-6.2943e-05,1
23.459,-2.7192e-05,1
23.459,5.7069e-06,1
23.46,2.6352e-05,1
23.46,1.3764e-05,1
23.461,-3.7766e-05,1
23.461,-8.51e-05,1
23.462,-7.7714e-05,1
23.462,-1.8967e-05,1
23.463,5.3376e-05,1
23.464,0.0001086,1
23.464,0.00013478,1
23.465,0.00013881,1
23.465,0.00014989,1
23.466,0.00017842,1
23.466,0.00020243,1
23.467,0.00020327,1
23.467,0.00018279,1
23.468,0.00013948,1
23.468,6.1601e-05,1
23.469,-4.3977e-05,1
23.469,-0.00013327,1
23.47,-0.0001754,1
23.47,-0.00018178,1
23.471,-0.00017272,1
23.471,-0.000142,1
23.472,-8.8289e-05,1
23.472,-3.4745e-05,1
23.473,-1.6785e-07,1
23.473,1.6617e-05,1
23.474,2.7024e-05,1
23.474,4.2466e-05,1
23.475,5.5222e-05,1
23.475,5.8244e-05,1
23.476,4.6662e-05,1
23.477,1.326e-05,1
23.477,-3.3738e-05,1
23.478,-7.9561e-05,1
23.478,-0.00010658,1
23.479,-0.00011162,1
23.479,-9.752e-05,1
23.48,-6.9657e-05,1
23.48,-3.357e-05,1
23.481,7.0497e-06,1
23.481,4.5487e-05,1
23.482,8.04e-05,1
23.482,0.00011112,1
23.483,0.00013713,1
23.483,0.00015291,1
23.484,0.00015207,1
23.484,0.00013797,1
23.485,0.00011867,1
23.485,9.4163e-05,1
23.486,6.6636e-05,1
23.486,3.9277e-05,1
23.487,1.7121e-05,1
23.487,-3.1891e-06,1
23.488,-2.266e-05,1
23.488,-3.2395e-05,1
23.489,-3.6088e-05,1
23.489,-4.4984e-05,1
23.49,-5.7572e-05,1
23.491,-6.7979e-05,1
23.491,-7.4022e-05,1
23.492,-7.7546e-05,1
23.492,-7.7714e-05,1
23.493,-6.865e-05,1
23.493,-4.1794e-05,1
23.494,2.182e-06,1
23.494,4.7166e-05,1
23.495,7.4693e-05,1
23.495,7.4693e-05,1
23.496,6.3951e-05,1
23.496,6.2272e-05,1
23.497,6.2776e-05,1
23.497,5.2201e-05,1
23.498,4.2466e-05,1
23.498,5.069e-05,1
23.499,7.6875e-05,1
23.499,0.00010306,1
23.5,0.00011095,1
23.5,8.9464e-05,1
23.501,5.2201e-05,1
23.501,2.1317e-05,1
23.502,6.3783e-06,1
23.502,1.6785e-07,1
23.503,-6.714e-07,1
23.503,7.7211e-06,1
23.504,2.2324e-05,1
23.505,2.887e-05,1
23.505,2.1988e-05,1
23.506,6.0426e-06,1
23.506,-1.0239e-05,1
23.507,-2.0478e-05,1
23.507,-2.3331e-05,1
23.508,-1.9806e-05,1
23.508,-1.2924e-05,1
23.509,-4.8676e-06,1
23.509,4.1962e-06,1
23.51,1.4267e-05,1
23.51,2.5681e-05,1
23.511,3.4073e-05,1
23.511,3.8102e-05,1
23.512,4.2634e-05,1
23.512,4.8508e-05,1
23.513,5.2201e-05,1
23.513,4.7669e-05,1
23.514,3.2059e-05,1
23.514,2.0142e-06,1
23.515,-3.2731e-05,1
23.515,-5.0858e-05,1
23.516,-5.0019e-05,1
23.516,-4.7333e-05,1
23.517,-6.9322e-05,1
23.518,-0.00011766,1
23.518,-0.00015929,1
23.519,-0.00016416,1
23.519,-0.00013243,1
23.52,-8.2582e-05,1
23.52,-2.887e-05,1
23.521,2.3667e-05,1
23.521,7.1336e-05,1
23.522,0.00010172,1
23.522,0.00010642,1
23.523,0.00010256,1
23.523,0.00011112,1
23.524,0.0001321,1
23.524,0.00015627,1
23.525,0.00017171,1
23.525,0.00016701,1
23.526,0.00014687,1
23.526,0.00013075,1
23.527,0.00012068,1
23.527,0.0001133,1
23.528,0.00011498,1
23.528,0.00013394,1
23.529,0.00014922,1
23.529,0.00012538,1
23.53,6.9657e-05,1
23.53,9.2317e-06,1
23.531,-3.9109e-05,1
23.532,-6.3447e-05,1
23.532,-6.4286e-05,1
23.533,-5.8579e-05,1
23.533,-5.6901e-05,1
23.534,-5.153e-05,1
23.534,-4.1794e-05,1
23.535,-4.1291e-05,1
23.535,-5.4383e-05,1
23.536,-6.1097e-05,1
23.536,-4.5151e-05,1
23.537,-1.8128e-05,1
23.537,-3.1891e-06,1
23.538,-1.091e-05,1
23.538,-3.8605e-05,1
23.539,-5.7069e-05,1
23.539,-6.1601e-05,1
23.54,-7.805e-05,1
23.54,-9.9199e-05,1
23.541,-0.00010121,1
23.541,-7.2175e-05,1
23.542,-4.3473e-05,1
23.542,-3.5416e-05,1
23.543,-9.9031e-06,1
23.543,5.4215e-05,1
23.544,0.00014234,1
23.545,0.0002224,1
23.545,0.00026906,1
23.546,0.00028081,1
23.546,0.00025765,1
23.547,0.00019487,1
23.547,0.0001185,1
23.548,5.8747e-05,1
23.548,2.2995e-05,1
23.549,-4.5319e-06,1
23.549,-3.4409e-05,1
23.55,-5.4047e-05,1
23.55,-5.4047e-05,1
23.551,-4.4144e-05,1
23.551,-3.2395e-05,1
23.552,-1.2421e-05,1
23.552,2.0981e-05,1
23.553,5.8579e-05,1
23.553,8.0232e-05,1
23.554,8.0735e-05,1
23.554,6.7811e-05,1
23.555,5.3544e-05,1
23.555,3.8102e-05,1
23.556,1.2589e-05,1
23.556,-1.8967e-05,1
23.557,-5.5222e-05,1
23.558,-9.7185e-05,1
23.558,-0.00013109,1
23.559,-0.00013361,1
23.559,-9.6178e-05,1
23.56,-3.0381e-05,1
23.56,4.4816e-05,1
23.561,9.7185e-05,1
23.561,0.0001039,1
23.562,9.0471e-05,1
23.562,8.7114e-05,1
23.563,8.4092e-05,1
23.563,6.9657e-05,1
23.564,5.5222e-05,1
23.564,5.3208e-05,1
23.565,5.5222e-05,1
23.565,4.7166e-05,1
23.566,3.1891e-05,1
23.566,2.3163e-05,1
23.567,2.2324e-05,1
23.567,2.0645e-05,1
23.568,1.4603e-05,1
23.568,1.6785e-06,1
23.569,-2.4338e-05,1
23.569,-3.8605e-05,1
23.57,-1.4603e-05,1
23.57,2.2324e-05,1
23.571,3.3738e-05,1
23.572,8.3925e-06,1
23.572,-3.3738e-05,1
23.573,-6.1433e-05,1
23.573,-6.1265e-05,1
23.574,-4.7669e-05,1
23.574,-3.3066e-05,1
23.575,-1.2589e-05,1
23.575,2.0645e-05,1
23.576,6.3951e-05,1
23.576,9.2988e-05,1
23.577,8.7953e-05,1
23.577,5.5726e-05,1
23.578,1.8631e-05,1
23.578,-9.3996e-06,1
23.579,-2.6352e-05,1
23.579,-3.2395e-05,1
23.58,-2.1653e-05,1
23.58,-3.6927e-06,1
23.581,-4.1962e-06,1
23.581,-2.9206e-05,1
23.582,-5.3208e-05,1
23.582,-5.6733e-05,1
23.583,-4.5487e-05,1
23.583,-3.0045e-05,1
23.584,-1.4939e-05,1
23.584,1.5106e-06,1
23.585,1.8631e-05,1
23.586,3.4409e-05,1
23.586,4.9516e-05,1
23.587,6.3279e-05,1
23.587,8.426e-05,1
23.588,0.00011531,1
23.588,0.00013462,1
23.589,0.00012773,1
23.589,0.00010726,1
23.59,8.5771e-05,1
23.59,4.4816e-05,1
23.591,-1.9303e-05,1
23.591,-7.5029e-05,1
23.592,-0.00010138,1
23.592,-0.0001034,1
23.593,-9.2821e-05,1
23.593,-8.0064e-05,1
23.594,-6.865e-05,1
23.594,-6.1936e-05,1
23.595,-5.7908e-05,1
23.595,-5.153e-05,1
23.596,-3.8773e-05,1
23.596,-1.9806e-05,1
23.597,6.3783e-06,1
23.597,3.9109e-05,1
23.598,6.9322e-05,1
23.599,8.8289e-05,1
23.599,0.00010054,1
23.6,0.00012421,1
23.6,0.00016735,1
23.601,0.00020763,1
23.601,0.00021736,1
23.602,0.00018782,1
23.602,0.00013747,1
23.603,9.5171e-05,1
23.603,7.0161e-05,1
23.604,5.5558e-05,1
23.604,4.3305e-05,1
23.605,3.592e-05,1
23.605,2.6352e-05,1
23.606,-4.8676e-06,1
23.606,-4.9516e-05,1
23.607,-8.4092e-05,1
23.607,-9.8863e-05,1
23.608,-9.7353e-05,1
23.608,-8.7449e-05,1
23.609,-7.5364e-05,1
23.609,-6.2943e-05,1
23.61,-5.0187e-05,1
23.61,-4.0116e-05,1
23.611,-2.8031e-05,1
23.611,-7.5532e-06,1
23.612,2.182e-05,1
23.613,5.8747e-05,1
23.613,0.00010289,1
23.614,0.00014284,1
23.614,0.000165,1
23.615,0.00016902,1
23.615,0.0001603,1
23.616,0.00013915,1
23.616,0.00010994,1
23.617,7.7379e-05,1
23.617,4.683e-05,1
23.618,2.4674e-05,1
23.618,1.1246e-05,1
23.619,5.8747e-06,1
23.619,3.357e-06,1
23.62,6.714e-07,1
23.62,-3.8605e-06,1
23.621,-7.8889e-06,1
23.621,-9.5674e-06,1
23.622,-1.0407e-05,1
23.622,-1.2253e-05,1
23.623,-1.4603e-05,1
23.623,-1.6281e-05,1
23.624,-1.9135e-05,1
23.624,-2.4338e-05,1
23.625,-2.9038e-05,1
23.626,-3.1052e-05,1
23.626,-3.6088e-05,1
23.627,-4.213e-05,1
23.627,-4.2634e-05,1
23.628,-4.0116e-05,1
23.628,-4.5151e-05,1
23.629,-5.9754e-05,1
23.629,-6.8482e-05,1
23.63,-6.6636e-05,1
23.63,-5.5055e-05,1
23.631,-1.1917e-05,1
23.631,2.501e-05,1
23.632,6.714e-07,1
23.632,-0.00010121,1
23.633,-0.00021988,1
23.633,-0.00026235,1
23.634,-0.00020377,1
23.634,-9.0471e-05,1
23.635,1.6617e-05,1
23.635,8.3925e-05,1
23.636,0.00010356,1
23.636,9.4331e-05,1
23.637,8.9128e-05,1
23.637,0.00012605,1
23.638,0.00021988,1
23.639,0.00034627,1
23.639,0.0004401,1
23.64,0.00043825,1
23.64,0.00035265,1
23.641,0.00025463,1
23.641,0.00018849,1
23.642,0.0001472,1
23.642,0.00010826,1
23.643,6.6636e-05,1
23.643,3.1388e-05,1
23.644,7.8889e-06,1
23.644,-7.8889e-06,1
23.645,-2.2156e-05,1
23.645,-3.4577e-05,1
23.646,-4.1794e-05,1
23.646,-4.3977e-05,1
23.647,-4.6494e-05,1
23.647,-5.2873e-05,1
23.648,-6.1601e-05,1
23.648,-6.8147e-05,1
23.649,-7.1839e-05,1
23.649,-8.8792e-05,1
23.65,-0.00012001,1
23.65,-0.00013797,1
23.651,-0.00012689,1
23.651,-9.7688e-05,1
23.652,-7.0161e-05,1
23.653,-5.153e-05,1
23.653,-3.5752e-05,1
23.654,-1.2589e-05,1
23.654,1.2589e-05,1
23.655,2.1988e-05,1
23.655,1.3931e-05,1
23.656,6.5461e-06,1
23.656,1.6953e-05,1
23.657,3.0045e-05,1
23.657,2.501e-05,1
23.658,8.3925e-06,1
23.658,-6.2104e-06,1
23.659,-1.091e-05,1
23.659,-3.357e-06,1
23.66,2.1988e-05,1
23.66,7.0329e-05,1
23.661,0.00013243,1
23.661,0.00017775,1
23.662,0.00017691,1
23.662,0.00012958,1
23.663,5.6733e-05,1
23.663,-1.3596e-05,1
23.664,-5.3376e-05,1
23.664,-6.3615e-05,1
23.665,-6.0594e-05,1
23.666,-4.1459e-05,1
23.666,-2.3499e-06,1
23.667,4.2634e-05,1
23.667,6.5965e-05,1
23.668,5.5558e-05,1
23.668,3.2731e-05,1
23.669,1.7624e-05,1
23.669,7.5532e-06,1
23.67,5.2033e-06,1
23.67,8.896e-06,1
23.671,6.5461e-06,1
23.671,-8.3925e-07,1
23.672,-1.5106e-05,1
23.672,-3.7766e-05,1
23.673,-5.9083e-05,1
23.673,-6.2272e-05,1
23.674,-2.4338e-05,1
23.674,4.9516e-05,1
23.675,0.0001284,1
23.675,0.00018732,1
23.676,0.00021367,1
23.676,0.00020243,1
23.677,0.00016986,1
23.677,0.0001415,1
23.678,0.00011582,1
23.678,7.7714e-05,1
23.679,3.4073e-05,1
23.68,1.6785e-07,1
23.68,-2.3835e-05,1
23.681,-4.9851e-05,1
23.681,-7.57e-05,1
23.682,-8.3757e-05,1
23.682,-7.8721e-05,1
23.683,-8.1743e-05,1
23.683,-0.00010021,1
23.684,-0.00012001,1
23.684,-0.00012757,1
23.685,-0.00012186,1
23.685,-0.0001044,1
23.686,-8.0735e-05,1
23.686,-6.3615e-05,1
23.687,-6.3783e-05,1
23.687,-6.3279e-05,1
23.688,-3.4913e-05,1
23.688,1.8463e-05,1
23.689,8.1743e-05,1
23.689,0.00013445,1
23.69,0.00015895,1
23.69,0.00015744,1
23.691,0.00014586,1
23.691,0.00011196,1
23.692,5.774e-05,1
23.692,1.091e-05,1
23.693,-2.1317e-05,1
23.694,-3.5248e-05,1
23.694,-3.5416e-05,1
23.695,-2.8367e-05,1
23.695,-1.5274e-05,1
23.696,-4.1962e-06,1
23.696,1.3428e-06,1
23.697,1.091e-05,1
23.697,2.6688e-05,1
23.698,3.5584e-05,1
23.698,3.0381e-05,1
23.699,3.2059e-05,1
23.699,5.4047e-05,1
23.7,8.1575e-05,1
23.7,9.987e-05,1
23.701,0.00010692,1
23.701,0.00010675,1
23.702,0.00010709,1
23.702,0.00010944,1
23.703,0.00010927,1
23.703,0.00010524,1
23.704,9.8192e-05,1
23.704,8.8121e-05,1
23.705,7.4357e-05,1
23.705,5.2705e-05,1
23.706,2.2324e-05,1
23.707,-5.7069e-06,1
23.707,-2.5177e-05,1
23.708,-3.6591e-05,1
23.708,-4.3641e-05,1
23.709,-4.5823e-05,1
23.709,-4.3137e-05,1
23.71,-3.1724e-05,1
23.71,-3.1891e-06,1
23.711,2.8199e-05,1
23.711,4.1123e-05,1
23.712,3.1724e-05,1
23.712,1.0239e-05,1
23.713,-1.4603e-05,1
23.713,-3.3402e-05,1
23.714,-3.3066e-05,1
23.714,-2.3835e-05,1
23.715,-2.4338e-05,1
23.715,-4.448e-05,1
23.716,-7.3518e-05,1
23.716,-9.5506e-05,1
23.717,-0.00010155,1
23.717,-9.6513e-05,1
23.718,-8.6107e-05,1
23.718,-7.1672e-05,1
23.719,-6.2776e-05,1
23.72,-6.5797e-05,1
23.72,-7.3518e-05,1
23.721,-7.2847e-05,1
23.721,-5.2201e-05,1
23.722,-1.6953e-05,1
23.722,1.7288e-05,1
23.723,4.0787e-05,1
23.723,6.3615e-05,1
23.724,9.6178e-05,1
23.724,0.00014116,1
23.725,0.00018581,1
23.725,0.00021032,1
23.726,0.00020998,1
23.726,0.00019857,1
23.727,0.0001895,1
23.727,0.00017641,1
23.728,0.00015157,1
23.728,0.00012387,1
23.729,0.00010407,1
23.729,9.5842e-05,1
23.73,9.5842e-05,1
23.73,9.6178e-05,1
23.731,8.9296e-05,1
23.731,7.5029e-05,1
23.732,6.0929e-05,1
23.732,5.1194e-05,1
23.733,3.8437e-05,1
23.734,1.796e-05,1
23.734,-4.3641e-06,1
23.735,-2.1653e-05,1
23.735,-3.0549e-05,1
23.736,-3.2898e-05,1
23.736,-3.2563e-05,1
23.737,-3.0213e-05,1
23.737,-2.9038e-05,1
23.738,-3.0716e-05,1
23.738,-3.3066e-05,1
23.739,-3.4409e-05,1
23.739,-3.5416e-05,1
23.74,-3.3402e-05,1
23.74,-2.8031e-05,1
23.741,-2.2156e-05,1
23.741,-1.8631e-05,1
23.742,-1.5274e-05,1
23.742,-1.3596e-05,1
23.743,-1.2085e-05,1
23.743,-8.5603e-06,1
23.744,-5.8747e-06,1
23.744,-6.8818e-06,1
23.745,-1.2253e-05,1
23.745,-1.8631e-05,1
23.746,-2.3499e-05,1
23.747,-2.4338e-05,1
23.747,-2.182e-05,1
23.748,-1.2253e-05,1
23.748,8.5603e-06,1
23.749,2.7695e-05,1
23.749,2.4506e-05,1
23.75,1.8463e-06,1
23.75,-1.796e-05,1
23.751,-2.2324e-05,1
23.751,-1.2253e-05,1
23.752,2.8534e-06,1
23.752,1.9974e-05,1
23.753,4.3137e-05,1
23.753,5.3376e-05,1
23.754,3.5416e-05,1
23.754,-5.2033e-06,1
23.755,-5.0355e-05,1
23.755,-8.2246e-05,1
23.756,-9.3828e-05,1
23.756,-8.6778e-05,1
23.757,-7.3182e-05,1
23.757,-6.3951e-05,1
23.758,-4.3137e-05,1
23.758,8.5603e-06,1
23.759,7.2007e-05,1
23.759,0.00012001,1
23.76,0.00014385,1
23.761,0.00014754,1
23.761,0.00013982,1
23.762,0.00012639,1
23.762,0.00010675,1
23.763,8.8289e-05,1
23.763,7.6371e-05,1
23.764,7.1e-05,1
23.764,7.6036e-05,1
23.765,8.1407e-05,1
23.765,6.1097e-05,1
23.766,1.7121e-05,1
23.766,-2.4842e-05,1
23.767,-5.1194e-05,1
23.767,-6.8818e-05,1
23.768,-8.4428e-05,1
23.768,-9.601e-05,1
23.769,-9.752e-05,1
23.769,-8.6107e-05,1
23.77,-5.7908e-05,1
23.77,-1.4435e-05,1
23.771,3.743e-05,1
23.771,8.6275e-05,1
23.772,0.00012404,1
23.772,0.00015006,1
23.773,0.00016768,1
23.773,0.00017104,1
23.774,0.00016214,1
23.775,0.00015023,1
23.775,0.00013747,1
23.776,0.00012186,1
23.776,9.2149e-05,1
23.777,4.1459e-05,1
23.777,-1.5778e-05,1
23.778,-6.0258e-05,1
23.778,-8.1743e-05,1
23.779,-9.0806e-05,1
23.779,-9.6345e-05,1
23.78,-9.7353e-05,1
23.78,-9.601e-05,1
23.781,-8.896e-05,1
23.781,-7.3182e-05,1
23.782,-5.5894e-05,1
23.782,-3.978e-05,1
23.783,-1.326e-05,1
23.783,3.2395e-05,1
23.784,7.9057e-05,1
23.784,7.9728e-05,1
23.785,3.0884e-05,1
23.785,-1.6953e-05,1
23.786,-2.7695e-05,1
23.786,-1.091e-05,1
23.787,1.1246e-05,1
23.788,2.5681e-05,1
23.788,3.8437e-05,1
23.789,5.0019e-05,1
23.789,5.153e-05,1
23.79,4.9516e-05,1
23.79,5.8579e-05,1
23.791,8.4596e-05,1
23.791,0.00011078,1
23.792,0.00011498,1
23.792,9.1142e-05,1
23.793,5.7237e-05,1
23.793,3.2059e-05,1
23.794,1.8967e-05,1
23.794,8.2246e-06,1
23.795,-7.5532e-06,1
23.795,-2.1988e-05,1
23.796,-1.8296e-05,1
23.796,2.182e-06,1
23.797,2.2324e-05,1
23.797,2.9038e-05,1
23.798,2.0645e-05,1
23.798,1.1917e-05,1
23.799,2.031e-05,1
23.799,3.9277e-05,1
23.8,4.8844e-05,1
23.8,4.213e-05,1
23.801,2.0478e-05,1
23.802,-1.0071e-05,1
23.802,-3.9277e-05,1
23.803,-6.0761e-05,1
23.803,-7.1336e-05,1
23.804,-6.9993e-05,1
23.804,-6.2272e-05,1
23.805,-5.304e-05,1
23.805,-3.6088e-05,1
23.806,-1.1078e-05,1
23.806,8.5603e-06,1
23.807,1.326e-05,1
23.807,8.5603e-06,1
23.808,1.6953e-05,1
23.808,3.3906e-05,1
23.809,4.6494e-05,1
23.809,6.865e-05,1
23.81,0.00010625,1
23.81,0.00013999,1
23.811,0.00015946,1
23.811,0.00016147,1
23.812,0.00014804,1
23.812,0.00012136,1
23.813,8.896e-05,1
23.813,5.7572e-05,1
23.814,3.4577e-05,1
23.815,3.2395e-05,1
23.815,5.1194e-05,1
23.816,6.5461e-05,1
23.816,5.1194e-05,1
23.817,1.1582e-05,1
23.817,-3.6927e-05,1
23.818,-8.4428e-05,1
23.818,-0.00012589,1
23.819,-0.00015023,1
23.819,-0.00014737,1
23.82,-0.00012035,1
23.82,-8.1743e-05,1
23.821,-4.3137e-05,1
23.821,-9.9031e-06,1
23.822,1.6617e-05,1
23.822,4.1962e-05,1
23.823,8.2414e-05,1
23.823,0.00014351,1
23.824,0.00019991,1
23.824,0.00022911,1
23.825,0.0002271,1
23.825,0.00019588,1
23.826,0.00013931,1
23.826,7.6707e-05,1
23.827,2.652e-05,1
23.828,-7.8889e-06,1
23.828,-2.0478e-05,1
23.829,-6.5461e-06,1
23.829,1.8296e-05,1
23.83,2.1653e-05,1
23.83,-9.5674e-06,1
23.831,-5.6397e-05,1
23.831,-9.0639e-05,1
23.832,-9.9031e-05,1
23.832,-8.7785e-05,1
23.833,-6.4622e-05,1
23.833,-3.1052e-05,1
23.834,5.2033e-06,1
23.834,2.5849e-05,1
23.835,2.0813e-05,1
23.835,-1.8463e-06,1
23.836,-2.4002e-05,1
23.836,-2.6017e-05,1
23.837,-1.1078e-05,1
23.837,4.5319e-06,1
23.838,1.8631e-05,1
23.838,3.0549e-05,1
23.839,2.6017e-05,1
23.839,9.9031e-06,1
23.84,-7.2175e-06,1
23.84,-2.501e-05,1
23.841,-4.6494e-05,1
23.842,-6.7643e-05,1
23.842,-7.805e-05,1
23.843,-7.6036e-05,1
23.843,-6.5965e-05,1
23.844,-5.5894e-05,1
23.844,-5.1698e-05,1
23.845,-4.2634e-05,1
23.845,-1.9303e-05,1
23.846,2.182e-05,1
23.846,7.0329e-05,1
23.847,0.00010323,1
23.847,0.00011263,1
23.848,0.00010323,1
23.848,8.4764e-05,1
23.849,6.7643e-05,1
23.849,5.623e-05,1
23.85,4.8173e-05,1
23.85,3.9612e-05,1
23.851,2.9709e-05,1
23.851,2.8367e-05,1
23.852,5.2201e-05,1
23.852,8.3757e-05,1
23.853,9.3828e-05,1
23.853,7.805e-05,1
23.854,5.4887e-05,1
23.855,4.2802e-05,1
23.855,4.4312e-05,1
23.856,4.7669e-05,1
23.856,5.0523e-05,1
23.857,6.0258e-05,1
23.857,7.4861e-05,1
23.858,8.2414e-05,1
23.858,6.8986e-05,1
23.859,3.743e-05,1
23.859,8.3925e-06,1
23.86,-6.5461e-06,1
23.86,-7.3854e-06,1
23.861,7.8889e-06,1
23.861,3.2395e-05,1
23.862,4.7669e-05,1
23.862,3.4745e-05,1
23.863,-1.6785e-07,1
23.863,-4.1627e-05,1
23.864,-7.1672e-05,1
23.864,-7.7379e-05,1
23.865,-6.3951e-05,1
23.865,-4.6159e-05,1
23.866,-3.3906e-05,1
23.866,-2.501e-05,1
23.867,-1.6953e-05,1
23.867,-1.4939e-05,1
23.868,-1.7624e-05,1
23.869,-1.3931e-05,1
23.869,-6.2104e-06,1
23.87,-1.5106e-06,1
23.87,3.8605e-06,1
23.871,1.2253e-05,1
23.871,1.8631e-05,1
23.872,2.031e-05,1
23.872,2.182e-05,1
23.873,3.4409e-05,1
23.873,5.6062e-05,1
23.874,7.2343e-05,1
23.874,7.4693e-05,1
23.875,6.9322e-05,1
23.875,6.4622e-05,1
23.876,6.2608e-05,1
23.876,6.0929e-05,1
23.877,4.7333e-05,1
23.877,1.8631e-05,1
23.878,-1.0575e-05,1
23.878,-2.2492e-05,1
23.879,-1.9638e-05,1
23.879,-1.4267e-05,1
23.88,-1.796e-05,1
23.88,-3.2059e-05,1
23.881,-4.918e-05,1
23.881,-6.4622e-05,1
23.882,-7.4357e-05,1
23.883,-9.8863e-05,1
23.883,-0.00017876,1
23.884,-0.00028199,1
23.884,-0.00031656,1
23.885,-0.00025933,1
23.885,-0.00016349,1
23.886,-7.2343e-05,1
23.886,4.5319e-06,1
23.887,6.4958e-05,1
23.887,0.00012052,1
23.888,0.0001989,1
23.888,0.00031724,1
23.889,0.00046159,1
23.889,0.00057555,1
23.89,0.00061617,1
23.89,0.0005826,1
23.891,0.00049264,1
23.891,0.00037917,1
23.892,0.0002741,1
23.892,0.00018749,1
23.893,0.00011984,1
23.893,7.0665e-05,1
23.894,3.743e-05,1
23.894,9.7353e-06,1
23.895,-2.4338e-05,1
23.896,-5.9251e-05,1
23.896,-7.1504e-05,1
23.897,-4.9516e-05,1
23.897,-2.4506e-05,1
23.898,-2.8367e-05,1
23.898,-6.2608e-05,1
23.899,-0.00010491,1
23.899,-0.00013109,1
23.9,-0.00013814,1
23.9,-0.00013344,1
23.901,-0.00011749,1
23.901,-8.7282e-05,1
23.902,-4.9851e-05,1
23.902,-1.8631e-05,1
23.903,-1.2421e-05,1
23.903,-3.743e-05,1
23.904,-6.8315e-05,1
23.904,-7.5868e-05,1
23.905,-6.8818e-05,1
23.905,-7.335e-05,1
23.906,-9.5171e-05,1
23.906,-0.0001133,1
23.907,-0.00011229,1
23.907,-9.7856e-05,1
23.908,-8.3253e-05,1
23.909,-7.335e-05,1
23.909,-6.2943e-05,1
23.91,-4.6998e-05,1
23.91,-2.501e-05,1
23.911,-4.5319e-06,1
23.911,7.8889e-06,1
23.912,1.1917e-05,1
23.912,1.5106e-05,1
23.913,1.6281e-05,1
23.913,1.4939e-05,1
23.914,1.4435e-05,1
23.914,1.5946e-05,1
23.915,1.7624e-05,1
23.915,1.7288e-05,1
23.916,1.1749e-05,1
23.916,5.2033e-06,1
23.917,5.8747e-06,1
23.917,1.5442e-05,1
23.918,2.6017e-05,1
23.918,3.1724e-05,1
23.919,3.3066e-05,1
23.919,2.4842e-05,1
23.92,-9.2317e-06,1
23.92,-6.4622e-05,1
23.921,-0.00010877,1
23.921,-0.00011431,1
23.922,-8.8121e-05,1
23.923,-5.9083e-05,1
23.923,-4.062e-05,1
23.924,-3.3066e-05,1
23.924,-2.266e-05,1
23.925,-6.8818e-06,1
23.925,1.1917e-05,1
23.926,4.6494e-05,1
23.926,9.5171e-05,1
23.927,0.00013579,1
23.927,0.00015627,1
23.928,0.00016063,1
23.928,0.00015476,1
23.929,0.00014821,1
23.929,0.00015744,1
23.93,0.00020528,1
23.93,0.00028081,1
23.931,0.00033285,1
23.931,0.00031539,1
23.932,0.00023079,1
23.932,0.00013059,1
23.933,5.4383e-05,1
23.933,7.2175e-06,1
23.934,-1.5106e-05,1
23.934,-2.0813e-05,1
23.935,-2.1653e-05,1
23.936,-2.031e-05,1
23.936,-2.7024e-05,1
23.937,-4.7166e-05,1
23.937,-6.3447e-05,1
23.938,-5.2705e-05,1
23.938,-1.0239e-05,1
23.939,3.8605e-05,1
23.939,6.3615e-05,1
23.94,5.623e-05,1
23.94,3.0213e-05,1
23.941,4.8676e-06,1
23.941,-1.3428e-05,1
23.942,-2.1317e-05,1
23.942,-1.8296e-05,1
23.943,-1.1582e-05,1
23.943,-6.5461e-06,1
23.944,-3.5248e-06,1
23.944,-3.8605e-06,1
23.945,-1.2085e-05,1
23.945,-1.9806e-05,1
23.946,-1.3092e-05,1
23.946,-1.5106e-06,1
23.947,2.3499e-06,1
23.947,-5.0355e-07,1
23.948,2.182e-06,1
23.948,9.2317e-06,1
23.949,1.4603e-05,1
23.95,1.9303e-05,1
23.95,3.2395e-05,1
23.951,5.6901e-05,1
23.951,6.949e-05,1
23.952,4.5991e-05,1
23.952,-1.0575e-05,1
23.953,-6.865e-05,1
23.953,-0.00010088,1
23.954,-0.00010541,1
23.954,-9.8527e-05,1
23.955,-9.2149e-05,1
23.955,-8.4596e-05,1
23.956,-7.0161e-05,1
23.956,-5.2201e-05,1
23.957,-3.1052e-05,1
23.957,-6.3783e-06,1
23.958,1.1582e-05,1
23.958,1.4099e-05,1
23.959,-3.1891e-06,1
23.959,-3.508e-05,1
23.96,-7.0832e-05,1
23.96,-9.3492e-05,1
23.961,-9.4163e-05,1
23.961,-7.8386e-05,1
23.962,-6.0594e-05,1
23.962,-4.683e-05,1
23.963,-2.9038e-05,1
23.964,9.9031e-06,1
23.964,6.9993e-05,1
23.965,0.00013344,1
23.965,0.00018581,1
23.966,0.00021384,1
23.966,0.000213,1
23.967,0.0001937,1
23.967,0.00017171,1
23.968,0.0001509,1
23.968,0.00013814,1
23.969,0.00013478,1
23.969,0.00013512,1
23.97,0.0001373,1
23.97,0.00014217,1
23.971,0.00015677,1
23.971,0.00016869,1
23.972,0.00014351,1
23.972,5.9586e-05,1
23.973,-5.1362e-05,1
23.973,-0.00013059,1
23.974,-0.00015727,1
23.974,-0.00014116,1
23.975,-0.00010709,1
23.975,-8.1743e-05,1
23.976,-6.9993e-05,1
23.977,-5.6397e-05,1
23.977,-3.0213e-05,1
23.978,5.539e-06,1
23.978,4.6159e-05,1
23.979,9.0806e-05,1
23.979,0.00012941,1
23.98,0.00014485,1
23.98,0.00013109,1
23.981,0.00010188,1
23.981,7.2007e-05,1
23.982,4.7333e-05,1
23.982,3.743e-05,1
23.983,3.743e-05,1
23.983,3.3738e-05,1
23.984,2.9206e-05,1
23.984,3.1891e-05,1
23.985,4.2802e-05,1
23.985,5.1026e-05,1
23.986,4.6662e-05,1
23.986,2.7695e-05,1
23.987,1.6785e-06,1
23.987,-1.8463e-05,1
23.988,-2.7527e-05,1
23.988,-2.9374e-05,1
23.989,-3.1556e-05,1
23.989,-3.743e-05,1
23.99,-4.1962e-05,1
23.991,-4.2802e-05,1
23.991,-4.3809e-05,1
23.992,-4.4648e-05,1
23.992,-4.0452e-05,1
23.993,-3.2395e-05,1
23.993,-2.7863e-05,1
23.994,-2.7359e-05,1
23.994,-2.6017e-05,1
23.995,-2.2156e-05,1
23.995,-1.7624e-05,1
23.996,-1.4939e-05,1
23.996,-1.2589e-05,1
23.997,-1.091e-05,1
23.997,-7.8889e-06,1
23.998,-3.8605e-06,1
23.998,3.6927e-06,1
23.999,2.0981e-05,1
23.999,4.0955e-05,1
24,4.9348e-05,1
24,4.062e-05,1
24.001,2.501e-05,1
24.001,1.4267e-05,1
24.002,7.8889e-06,1
24.002,3.357e-06,1
24.003,1.0071e-06,1
24.004,4.3641e-06,1
24.004,9.5674e-06,1
24.005,1.2924e-05,1
24.005,1.1414e-05,1
24.006,4.1962e-06,1
24.006,-3.1891e-06,1
24.007,-5.539e-06,1
24.007,-8.896e-06,1
24.008,-2.1653e-05,1
24.008,-4.6494e-05,1
24.009,-7.8889e-05,1
24.009,-0.00010893,1
24.01,-0.00013159,1
24.01,-0.00014821,1
24.011,-0.00016516,1
24.011,-0.00018849,1
24.012,-0.00020662,1
24.012,-0.00019672,1
24.013,-0.00015308,1
24.013,-9.5003e-05,1
24.014,-2.3331e-05,1
24.014,8.5771e-05,1
24.015,0.00021938,1
24.015,0.00033352,1
24.016,0.00039377,1
24.017,0.00040267,1
24.017,0.0003926,1
24.018,0.00038891,1
24.018,0.00038521,1
24.019,0.00035248,1
24.019,0.00028417,1
24.02,0.0002177,1
24.02,0.00019773,1
24.021,0.00021585,1
24.021,0.00022307,1
24.022,0.0001937,1
24.022,0.00013327,1
24.023,4.9012e-05,1
24.023,-4.5487e-05,1
24.024,-0.00012253,1
24.024,-0.00016197,1
24.025,-0.00015694,1
24.025,-0.00012001,1
24.026,-7.8386e-05,1
24.026,-5.5055e-05,1
24.027,-5.4719e-05,1
24.027,-6.009e-05,1
24.028,-5.0858e-05,1
24.028,-3.1388e-05,1
24.029,-1.4603e-05,1
24.029,-1.0071e-06,1
24.03,1.3092e-05,1
24.031,2.2492e-05,1
24.031,1.7288e-05,1
24.032,3.357e-07,1
24.032,-1.4267e-05,1
24.033,-2.3163e-05,1
24.033,-3.122e-05,1
24.034,-4.1123e-05,1
24.034,-4.9012e-05,1
24.035,-5.0187e-05,1
24.035,-4.4648e-05,1
24.036,-4.0787e-05,1
24.036,-5.1362e-05,1
24.037,-7.2679e-05,1
24.037,-8.2246e-05,1
24.038,-8.0903e-05,1
24.038,-8.6275e-05,1
24.039,-9.1814e-05,1
24.039,-7.8721e-05,1
24.04,-5.2537e-05,1
24.04,-3.1052e-05,1
24.041,-2.2156e-05,1
24.041,-2.3499e-05,1
24.042,-2.8367e-05,1
24.042,-3.3906e-05,1
24.043,-3.592e-05,1
24.044,-2.8199e-05,1
24.044,-7.8889e-06,1
24.045,1.9303e-05,1
24.045,3.827e-05,1
24.046,3.6423e-05,1
24.046,2.9206e-05,1
24.047,3.4409e-05,1
24.047,4.5151e-05,1
24.048,5.0858e-05,1
24.048,5.5222e-05,1
24.049,6.6972e-05,1
24.049,8.6442e-05,1
24.05,0.00010625,1
24.05,0.00011263,1
24.051,9.6513e-05,1
24.051,7.3014e-05,1
24.052,6.8482e-05,1
24.052,8.1575e-05,1
24.053,8.3421e-05,1
24.053,6.0929e-05,1
24.054,2.4674e-05,1
24.054,-7.2175e-06,1
24.055,-2.9709e-05,1
24.055,-4.1123e-05,1
24.056,-3.8102e-05,1
24.056,-2.7863e-05,1
24.057,-1.4939e-05,1
24.058,8.896e-06,1
24.058,4.5151e-05,1
24.059,8.1071e-05,1
24.059,0.00011363,1
24.06,0.00015006,1
24.06,0.00018363,1
24.061,0.000189,1
24.061,0.00015761,1
24.062,0.00010776,1
24.062,5.7572e-05,1
24.063,2.3499e-05,1
24.063,1.6953e-05,1
24.064,2.3163e-05,1
24.064,2.3331e-05,1
24.065,1.8631e-05,1
24.065,1.1917e-05,1
24.066,-2.182e-06,1
24.066,-2.0645e-05,1
24.067,-3.1052e-05,1
24.067,-2.4338e-05,1
24.068,-1.1582e-05,1
24.068,-7.0497e-06,1
24.069,-7.5532e-06,1
24.069,-7.5532e-06,1
24.07,-6.8818e-06,1
24.07,-9.7353e-06,1
24.071,-2.0981e-05,1
24.072,-3.8605e-05,1
24.072,-5.2369e-05,1
24.073,-5.5222e-05,1
24.073,-4.9348e-05,1
24.074,-4.3137e-05,1
24.074,-3.6423e-05,1
24.075,-2.2492e-05,1
24.075,-2.8534e-06,1
24.076,1.4939e-05,1
24.076,2.6352e-05,1
24.077,3.6759e-05,1
24.077,5.1362e-05,1
24.078,6.6972e-05,1
24.078,7.3854e-05,1
24.079,6.7308e-05,1
24.079,5.3208e-05,1
24.08,3.9109e-05,1
24.08,2.8031e-05,1
24.081,1.9974e-05,1
24.081,1.6953e-05,1
24.082,1.3931e-05,1
24.082,1.2253e-05,1
24.083,8.896e-06,1
24.083,-6.2104e-06,1
24.084,-3.1388e-05,1
24.085,-4.6494e-05,1
24.085,-2.8031e-05,1
24.086,2.4674e-05,1
24.086,7.335e-05,1
24.087,8.3085e-05,1
24.087,5.6565e-05,1
24.088,1.6785e-05,1
24.088,-8.5603e-06,1
24.089,-1.4939e-05,1
24.089,-1.8296e-05,1
24.09,-2.4002e-05,1
24.09,-2.9038e-05,1
24.091,-3.592e-05,1
24.091,-4.6159e-05,1
24.092,-5.388e-05,1
24.092,-5.7908e-05,1
24.093,-5.6565e-05,1
24.093,-4.3809e-05,1
24.094,-2.6017e-05,1
24.094,-1.5778e-05,1
24.095,-1.8631e-05,1
24.095,-2.1317e-05,1
24.096,-1.326e-05,1
24.096,3.0213e-06,1
24.097,1.7456e-05,1
24.098,2.0981e-05,1
24.098,2.1317e-05,1
24.099,3.3066e-05,1
24.099,5.623e-05,1
24.1,7.6707e-05,1
24.1,8.3757e-05,1
24.101,8.6442e-05,1
24.101,9.2317e-05,1
24.102,9.9199e-05,1
24.102,0.00011028,1
24.103,0.0001274,1
24.103,0.00014351,1
24.104,0.00015023,1
24.104,0.00013948,1
24.105,0.00010843,1
24.105,6.2776e-05,1
24.106,1.796e-05,1
24.106,-3.5248e-06,1
24.107,9.5674e-06,1
24.107,4.1291e-05,1
24.108,6.9322e-05,1
24.108,8.0903e-05,1
24.109,7.9728e-05,1
24.109,7.6875e-05,1
24.11,7.805e-05,1
24.11,7.6707e-05,1
24.111,6.5629e-05,1
24.112,5.153e-05,1
24.112,4.918e-05,1
24.113,5.8244e-05,1
24.113,6.5461e-05,1
24.114,7.2343e-05,1
24.114,7.7882e-05,1
24.115,6.6636e-05,1
24.115,3.2898e-05,1
24.116,-1.5442e-05,1
24.116,-7.1e-05,1
24.117,-0.00010306,1
24.117,-9.6849e-05,1
24.118,-7.1e-05,1
24.118,-4.6494e-05,1
24.119,-3.5248e-05,1
24.119,-3.3066e-05,1
24.12,-3.0716e-05,1
24.12,-3.0381e-05,1
24.121,-3.1052e-05,1
24.121,-2.2324e-05,1
24.122,-6.8818e-06,1
24.122,2.8534e-06,1
24.123,-2.182e-06,1
24.123,-1.9638e-05,1
24.124,-3.1052e-05,1
24.125,-2.9374e-05,1
24.125,-1.8296e-05,1
24.126,-5.539e-06,1
24.126,3.357e-07,1
24.127,-4.1962e-06,1
24.127,-1.5442e-05,1
24.128,-2.031e-05,1
24.128,-7.5532e-06,1
24.129,1.561e-05,1
24.129,3.0045e-05,1
24.13,3.6759e-05,1
24.13,4.1627e-05,1
24.131,3.4577e-05,1
24.131,8.0568e-06,1
24.132,-2.4002e-05,1
24.132,-4.8005e-05,1
24.133,-6.1265e-05,1
24.133,-5.623e-05,1
24.134,-3.0045e-05,1
24.134,-1.8463e-06,1
24.135,0,1
24.135,-1.9303e-05,1
24.136,-3.5248e-05,1
24.136,-3.7263e-05,1
24.137,-3.1556e-05,1
24.137,-2.501e-05,1
24.138,-1.4267e-05,1
24.139,7.3854e-06,1
24.139,3.6423e-05,1
24.14,7.6204e-05,1
24.14,0.00012236,1
24.141,0.00014888,1
24.141,0.0001509,1
24.142,0.0001556,1
24.142,0.00016667,1
24.143,0.00015996,1
24.143,0.00013596,1
24.144,0.00011095,1
24.144,8.6442e-05,1
24.145,5.9922e-05,1
24.145,3.3738e-05,1
24.146,1.5946e-05,1
24.146,1.091e-05,1
24.147,2.0478e-05,1
24.147,4.5487e-05,1
24.148,6.6636e-05,1
24.148,6.63e-05,1
24.149,5.3544e-05,1
24.149,4.213e-05,1
24.15,3.8102e-05,1
24.15,3.3906e-05,1
24.151,1.8631e-05,1
24.151,1.3428e-06,1
24.152,-1.5442e-05,1
24.153,-3.4409e-05,1
24.153,-5.0523e-05,1
24.154,-5.8747e-05,1
24.154,-6.2608e-05,1
24.155,-6.6133e-05,1
24.155,-5.9922e-05,1
24.156,-3.8605e-05,1
24.156,-8.3925e-06,1
24.157,1.9806e-05,1
24.157,3.4745e-05,1
24.158,3.2059e-05,1
24.158,1.8631e-05,1
24.159,1.1582e-05,1
24.159,1.561e-05,1
24.16,2.5681e-05,1
24.16,2.7192e-05,1
24.161,2.5177e-06,1
24.161,-4.5151e-05,1
24.162,-9.2821e-05,1
24.162,-0.0001227,1
24.163,-0.00013663,1
24.163,-0.00013848,1
24.164,-0.00012572,1
24.164,-9.7353e-05,1
24.165,-6.0929e-05,1
24.166,-2.5849e-05,1
24.166,6.5461e-06,1
24.167,4.6494e-05,1
24.167,0.00010121,1
24.168,0.00016265,1
24.168,0.00021233,1
24.169,0.00023616,1
24.169,0.00022811,1
24.17,0.00019286,1
24.17,0.0001462,1
24.171,0.00010289,1
24.171,6.6972e-05,1
24.172,3.743e-05,1
24.172,9.0639e-06,1
24.173,-2.7359e-05,1
24.173,-6.5126e-05,1
24.174,-8.7953e-05,1
24.174,-8.896e-05,1
24.175,-7.4022e-05,1
24.175,-5.4047e-05,1
24.176,-3.1724e-05,1
24.176,-1.2253e-05,1
24.177,8.3925e-07,1
24.177,1.1917e-05,1
24.178,2.8031e-05,1
24.178,5.0858e-05,1
24.179,7.5868e-05,1
24.18,8.3757e-05,1
24.18,6.2272e-05,1
24.181,3.3402e-05,1
24.181,1.9974e-05,1
24.182,2.6017e-05,1
24.182,4.6494e-05,1
24.183,6.9322e-05,1
24.183,8.3085e-05,1
24.184,8.5435e-05,1
24.184,8.51e-05,1
24.185,9.0639e-05,1
24.185,9.836e-05,1
24.186,0.00010793,1
24.186,0.00011934,1
24.187,0.00012169,1
24.187,0.00010759,1
24.188,7.4693e-05,1
24.188,2.7695e-05,1
24.189,-1.6114e-05,1
24.189,-4.5319e-05,1
24.19,-5.8747e-05,1
24.19,-6.5126e-05,1
24.191,-7.0329e-05,1
24.191,-7.2679e-05,1
24.192,-7.57e-05,1
24.193,-8.6442e-05,1
24.193,-9.8192e-05,1
24.194,-9.4499e-05,1
24.194,-6.9322e-05,1
24.195,-2.9038e-05,1
24.195,6.5461e-06,1
24.196,1.9303e-05,1
24.196,1.4099e-05,1
24.197,7.5532e-06,1
24.197,6.0426e-06,1
24.198,1.5106e-06,1
24.198,-5.539e-06,1
24.199,-4.6998e-06,1
24.199,1.0575e-05,1
24.2,3.2731e-05,1
24.2,4.1627e-05,1
24.201,3.6927e-05,1
24.201,3.0381e-05,1
24.202,3.6423e-05,1
24.202,5.6901e-05,1
24.203,7.7714e-05,1
24.203,8.5603e-05,1
24.204,8.4428e-05,1
24.204,8.04e-05,1
24.205,7.8889e-05,1
24.206,8.0064e-05,1
24.206,8.1407e-05,1
24.207,7.5029e-05,1
24.207,5.9922e-05,1
24.208,4.4984e-05,1
24.208,3.1052e-05,1
24.209,4.1962e-06,1
24.209,-3.6759e-05,1
24.21,-7.1504e-05,1
24.21,-8.2582e-05,1
24.211,-6.6804e-05,1
24.211,-3.6088e-05,1
24.212,-6.5461e-06,1
24.212,1.5946e-05,1
24.213,3.1052e-05,1
24.213,3.9445e-05,1
24.214,3.6423e-05,1
24.214,3.0716e-05,1
24.215,3.2395e-05,1
24.215,3.3066e-05,1
24.216,1.8799e-05,1
24.216,-5.8747e-06,1
24.217,-2.266e-05,1
24.217,-2.6184e-05,1
24.218,-2.0813e-05,1
24.218,-9.5674e-06,1
24.219,1.6785e-07,1
24.22,-1.4603e-05,1
24.22,-3.6423e-05,1
24.221,-3.2731e-05,1
24.221,-3.0213e-06,1
24.222,3.9948e-05,1
24.222,8.4092e-05,1
24.223,0.00011498,1
24.223,0.00011632,1
24.224,9.5506e-05,1
24.224,7.1504e-05,1
24.225,5.7069e-05,1
24.225,5.6733e-05,1
24.226,6.4286e-05,1
24.226,7.2679e-05,1
24.227,7.2343e-05,1
24.227,5.0187e-05,1
24.228,7.5532e-06,1
24.228,-4.683e-05,1
24.229,-9.3156e-05,1
24.229,-0.00011246,1
24.23,-0.00010423,1
24.23,-8.3085e-05,1
24.231,-5.9922e-05,1
24.231,-1.5778e-05,1
24.232,6.8986e-05,1
24.233,0.0001702,1
24.233,0.0002412,1
24.234,0.00025496,1
24.234,0.00022374,1
24.235,0.00017742,1
24.235,0.00013713,1
24.236,0.00010021,1
24.236,5.6733e-05,1
24.237,1.1078e-05,1
24.237,-2.1988e-05,1
24.238,-3.1052e-05,1
24.238,-1.3596e-05,1
24.239,6.5461e-06,1
24.239,4.1962e-06,1
24.24,-2.4674e-05,1
24.24,-5.7572e-05,1
24.241,-7.6539e-05,1
24.241,-7.0329e-05,1
24.242,-4.5151e-05,1
24.242,-2.2324e-05,1
24.243,-1.9303e-05,1
24.243,-2.7863e-05,1
24.244,-3.2731e-05,1
24.244,-3.508e-05,1
24.245,-3.5584e-05,1
24.245,-2.3331e-05,1
24.246,-4.6998e-06,1
24.247,7.8889e-06,1
24.247,8.3925e-06,1
24.248,1.6785e-07,1
24.248,-1.6953e-05,1
24.249,-3.8437e-05,1
24.249,-4.7837e-05,1
24.25,-3.8437e-05,1
24.25,-2.2995e-05,1
24.251,-1.0575e-05,1
24.251,-3.357e-07,1
24.252,5.2033e-06,1
24.252,8.3925e-06,1
24.253,1.6953e-05,1
24.253,3.7766e-05,1
24.254,5.6062e-05,1
24.254,6.0929e-05,1
24.255,5.7572e-05,1
24.255,5.2873e-05,1
24.256,4.6662e-05,1
24.256,3.6423e-05,1
24.257,2.4338e-05,1
24.257,2.266e-05,1
24.258,3.0549e-05,1
24.258,2.9038e-05,1
24.259,8.2246e-06,1
24.259,-2.4842e-05,1
24.26,-5.4551e-05,1
24.261,-7.1672e-05,1
24.261,-7.5364e-05,1
24.262,-6.5293e-05,1
24.262,-5.6565e-05,1
24.263,-6.0594e-05,1
24.263,-7.4022e-05,1
24.264,-8.1407e-05,1
24.264,-7.1336e-05,1
24.265,-5.4383e-05,1
24.265,-4.3809e-05,1
24.266,-2.7359e-05,1
24.266,2.5177e-06,1
24.267,3.3402e-05,1
24.267,4.7501e-05,1
24.268,4.683e-05,1
24.268,4.2802e-05,1
24.269,4.7333e-05,1
24.269,6.6972e-05,1
24.27,0.00010289,1
24.27,0.00014452,1
24.271,0.00017725,1
24.271,0.00018917,1
24.272,0.00018312,1
24.272,0.00017272,1
24.273,0.00015442,1
24.274,0.00012723,1
24.274,0.00010155,1
24.275,8.5771e-05,1
24.275,8.4764e-05,1
24.276,9.7185e-05,1
24.276,0.00011196,1
24.277,0.000118,1
24.277,0.0001185,1
24.278,0.00011783,1
24.278,0.00010188,1
24.279,5.623e-05,1
24.279,-1.6785e-06,1
24.28,-3.2731e-05,1
24.28,-3.6423e-05,1
24.281,-3.8437e-05,1
24.281,-5.4551e-05,1
24.282,-8.3925e-05,1
24.282,-0.00011296,1
24.283,-0.0001284,1
24.283,-0.00011901,1
24.284,-8.7617e-05,1
24.284,-6.0929e-05,1
24.285,-5.5894e-05,1
24.285,-5.9251e-05,1
24.286,-4.9851e-05,1
24.287,-3.0884e-05,1
24.287,-1.3931e-05,1
24.288,-6.714e-07,1
24.288,1.1917e-05,1
24.289,2.1317e-05,1
24.289,3.2059e-05,1
24.29,5.0187e-05,1
24.29,6.6972e-05,1
24.291,7.7714e-05,1
24.291,8.6442e-05,1
24.292,9.1814e-05,1
24.292,8.3085e-05,1
24.293,6.1601e-05,1
24.293,4.2466e-05,1
24.294,3.508e-05,1
24.294,3.5416e-05,1
24.295,3.743e-05,1
24.295,3.8773e-05,1
24.296,3.7263e-05,1
24.296,3.4409e-05,1
24.297,3.9109e-05,1
24.297,5.3544e-05,1
24.298,6.9993e-05,1
24.298,7.6371e-05,1
24.299,6.865e-05,1
24.299,5.2537e-05,1
24.3,3.4745e-05,1
24.301,1.6449e-05,1
24.301,2.8534e-06,1
24.302,-4.8676e-06,1
24.302,-8.2246e-06,1
24.303,-5.8747e-06,1
24.303,8.3925e-07,1
24.304,7.8889e-06,1
24.304,1.8128e-05,1
24.305,3.6088e-05,1
24.305,5.3544e-05,1
24.306,5.388e-05,1
24.306,3.5752e-05,1
24.307,1.3931e-05,1
24.307,8.3925e-07,1
24.308,-3.6927e-06,1
24.308,-7.7211e-06,1
24.309,-1.2757e-05,1
24.309,-1.6281e-05,1
24.31,-1.6281e-05,1
24.31,-1.5274e-05,1
24.311,-1.6617e-05,1
24.311,-2.2324e-05,1
24.312,-2.8031e-05,1
24.312,-2.6184e-05,1
24.313,-1.9303e-05,1
24.314,-1.6449e-05,1
24.314,-1.7288e-05,1
24.315,-1.7792e-05,1
24.315,-1.8967e-05,1
24.316,-1.8296e-05,1
24.316,-1.3764e-05,1
24.317,-1.7121e-05,1
24.317,-3.6423e-05,1
24.318,-6.009e-05,1
24.318,-8.1071e-05,1
24.319,-0.00010306,1
24.319,-0.00011833,1
24.32,-0.00011162,1
24.32,-8.1743e-05,1
24.321,-4.9348e-05,1
24.321,-2.8367e-05,1
24.322,-1.091e-05,1
24.322,1.4267e-05,1
24.323,4.8341e-05,1
24.323,8.1743e-05,1
24.324,0.00011179,1
24.324,0.00013948,1
24.325,0.00015811,1
24.325,0.0001603,1
24.326,0.00015258,1
24.326,0.00015123,1
24.327,0.000166,1
24.328,0.00018564,1
24.328,0.00019051,1
24.329,0.00017003,1
24.329,0.00012555,1
24.33,7.3014e-05,1
24.33,3.0716e-05,1
24.331,7.5532e-06,1
24.331,4.3641e-06,1
24.332,1.8128e-05,1
24.332,3.9445e-05,1
24.333,5.623e-05,1
24.333,6.0258e-05,1
24.334,4.3977e-05,1
24.334,8.5603e-06,1
24.335,-2.7024e-05,1
24.335,-5.9251e-05,1
24.336,-8.426e-05,1
24.336,-7.2343e-05,1
24.337,-3.0716e-05,1
24.337,-3.0213e-06,1
24.338,-8.5603e-06,1
24.338,-3.0716e-05,1
24.339,-4.5823e-05,1
24.339,-3.4409e-05,1
24.34,7.2175e-06,1
24.34,5.9922e-05,1
24.341,0.00010239,1
24.342,0.00012236,1
24.342,0.00011296,1
24.343,7.2343e-05,1
24.343,3.1891e-06,1
24.344,-8.6275e-05,1
24.344,-0.00014838,1
24.345,-0.00014754,1
24.345,-0.00010927,1
24.346,-7.3014e-05,1
24.346,-4.6998e-05,1
24.347,-2.031e-05,1
24.347,5.539e-06,1
24.348,2.1653e-05,1
24.348,3.0045e-05,1
24.349,4.7501e-05,1
24.349,8.1575e-05,1
24.35,0.000118,1
24.35,0.00013747,1
24.351,0.00013327,1
24.351,0.00012052,1
24.352,0.00011481,1
24.352,0.00011666,1
24.353,0.00011061,1
24.353,8.661e-05,1
24.354,5.1362e-05,1
24.355,1.8296e-05,1
24.355,0,1
24.356,-3.0213e-06,1
24.356,-2.8534e-06,1
24.357,-1.5946e-05,1
24.357,-4.062e-05,1
24.358,-5.7237e-05,1
24.358,-5.4887e-05,1
24.359,-4.0787e-05,1
24.359,-2.3835e-05,1
24.36,-6.2104e-06,1
24.36,7.8889e-06,1
24.361,1.8463e-05,1
24.361,3.0716e-05,1
24.362,4.8676e-05,1
24.362,6.6972e-05,1
24.363,7.7379e-05,1
24.363,7.7043e-05,1
24.364,7.3518e-05,1
24.364,6.9657e-05,1
24.365,6.3615e-05,1
24.365,5.153e-05,1
24.366,3.1724e-05,1
24.366,8.2246e-06,1
24.367,-9.2317e-06,1
24.367,-2.0478e-05,1
24.368,-2.8031e-05,1
24.369,-3.3906e-05,1
24.369,-3.4073e-05,1
24.37,-2.5513e-05,1
24.37,-1.9638e-05,1
24.371,-2.7024e-05,1
24.371,-4.9683e-05,1
24.372,-8.0903e-05,1
24.372,-0.00010658,1
24.373,-0.00011833,1
24.373,-0.00012421,1
24.374,-0.00012421,1
24.374,-0.00011162,1
24.375,-8.3253e-05,1
24.375,-4.3641e-05,1
24.376,-6.5461e-06,1
24.376,1.9303e-05,1
24.377,5.8579e-05,1
24.377,0.000118,1
24.378,0.00017003,1
24.378,0.00017742,1
24.379,0.00013008,1
24.379,7.1e-05,1
24.38,3.8773e-05,1
24.38,2.4674e-05,1
24.381,1.1246e-05,1
24.382,1.8463e-06,1
24.382,1.6785e-07,1
24.383,-8.3925e-07,1
24.383,-6.714e-06,1
24.384,-1.5442e-05,1
24.384,-2.0478e-05,1
24.385,-8.5603e-06,1
24.385,1.9471e-05,1
24.386,5.2537e-05,1
24.386,8.426e-05,1
24.387,0.00011397,1
24.387,0.00015593,1
24.388,0.0002078,1
24.388,0.0002412,1
24.389,0.00023868,1
24.389,0.00020763,1
24.39,0.00016265,1
24.39,0.00011934,1
24.391,8.5771e-05,1
24.391,6.1265e-05,1
24.392,3.978e-05,1
24.392,1.5106e-05,1
24.393,-7.8889e-06,1
24.393,-2.182e-05,1
24.394,-3.1388e-05,1
24.395,-3.7766e-05,1
24.395,-3.2395e-05,1
24.396,-1.9806e-05,1
24.396,-1.3596e-05,1
24.397,-1.8296e-05,1
24.397,-2.8199e-05,1
24.398,-3.5752e-05,1
24.398,-3.6591e-05,1
24.399,-2.9709e-05,1
24.399,-2.1653e-05,1
24.4,-1.9974e-05,1
24.4,-1.8463e-05,1
24.401,-1.5946e-05,1
24.401,-1.7288e-05,1
24.402,-2.1485e-05,1
24.402,-2.266e-05,1
24.403,-1.1078e-05,1
24.403,2.0981e-05,1
24.404,5.6901e-05,1
24.404,6.5629e-05,1
24.405,2.9374e-05,1
24.405,-3.0045e-05,1
24.406,-6.7475e-05,1
24.406,-7.4693e-05,1
24.407,-7.7043e-05,1
24.407,-9.0303e-05,1
24.408,-0.00011061,1
24.409,-0.00012572,1
24.409,-0.00012538,1
24.41,-0.00011112,1
24.41,-8.6275e-05,1
24.411,-5.0858e-05,1
24.411,-4.5319e-06,1
24.412,4.448e-05,1
24.412,8.1743e-05,1
24.413,0.00010491,1
24.413,0.00012337,1
24.414,0.00014083,1
24.414,0.00014687,1
24.415,0.00012673,1
24.415,8.3589e-05,1
24.416,3.2731e-05,1
24.416,-1.091e-05,1
24.417,-4.0787e-05,1
24.417,-5.9419e-05,1
24.418,-6.4622e-05,1
24.418,-5.388e-05,1
24.419,-3.3234e-05,1
24.419,-1.3931e-05,1
24.42,-1.5106e-06,1
24.42,1.0071e-05,1
24.421,2.5345e-05,1
24.422,4.1459e-05,1
24.422,6.2776e-05,1
24.423,8.8289e-05,1
24.423,0.00010155,1
24.424,9.5003e-05,1
24.424,8.04e-05,1
24.425,6.8315e-05,1
24.425,5.623e-05,1
24.426,4.683e-05,1
24.426,4.7837e-05,1
24.427,5.623e-05,1
24.427,6.1936e-05,1
24.428,6.009e-05,1
24.428,5.2705e-05,1
24.429,4.0787e-05,1
24.429,3.1891e-05,1
24.43,2.7359e-05,1
24.43,1.7288e-05,1
24.431,-1.3764e-05,1
24.431,-6.8986e-05,1
24.432,-0.00011514,1
24.432,-0.00013327,1
24.433,-0.00012874,1
24.433,-0.00011229,1
24.434,-8.4764e-05,1
24.434,-3.7263e-05,1
24.435,2.652e-05,1
24.436,7.8218e-05,1
24.436,9.5506e-05,1
24.437,8.7785e-05,1
24.437,7.6875e-05,1
24.438,7.4189e-05,1
24.438,6.7979e-05,1
24.439,6.6972e-05,1
24.439,8.5435e-05,1
24.44,0.00011867,1
24.44,0.00015157,1
24.441,0.0001707,1
24.441,0.00015492,1
24.442,0.00010843,1
24.442,6.9657e-05,1
24.443,6.0258e-05,1
24.443,6.2776e-05,1
24.444,5.6901e-05,1
24.444,4.1123e-05,1
24.445,2.1149e-05,1
24.445,5.0355e-07,1
24.446,-1.3931e-05,1
24.446,-1.091e-05,1
24.447,1.4267e-05,1
24.447,4.918e-05,1
24.448,7.0832e-05,1
24.448,6.8315e-05,1
24.449,4.9012e-05,1
24.45,3.0045e-05,1
24.45,1.3596e-05,1
24.451,-5.539e-06,1
24.451,-2.7695e-05,1
24.452,-4.3137e-05,1
24.452,-4.4816e-05,1
24.453,-3.1052e-05,1
24.453,3.1891e-06,1
24.454,4.683e-05,1
24.454,7.4693e-05,1
24.455,7.9393e-05,1
24.455,7.0665e-05,1
24.456,5.6565e-05,1
24.456,4.213e-05,1
24.457,3.1052e-05,1
24.457,2.417e-05,1
24.458,1.9303e-05,1
24.458,1.3596e-05,1
24.459,-6.2104e-06,1
24.459,-4.3137e-05,1
24.46,-8.9799e-05,1
24.46,-0.00014519,1
24.461,-0.00020175,1
24.461,-0.00023348,1
24.462,-0.00022744,1
24.463,-0.00019454,1
24.463,-0.00015358,1
24.464,-0.00011498,1
24.464,-7.8386e-05,1
24.465,-3.9109e-05,1
24.465,8.896e-06,1
24.466,6.5965e-05,1
24.466,0.00012203,1
24.467,0.00016953,1
24.467,0.00021048,1
24.468,0.00023784,1
24.468,0.00022643,1
24.469,0.00015392,1
24.469,6.8818e-05,1
24.47,4.0452e-05,1
24.47,6.0929e-05,1
24.471,8.0232e-05,1
24.471,7.6204e-05,1
24.472,5.069e-05,1
24.472,8.2246e-06,1
24.473,-3.6423e-05,1
24.473,-6.6972e-05,1
24.474,-7.7043e-05,1
24.474,-6.4622e-05,1
24.475,-2.5681e-05,1
24.476,2.887e-05,1
24.476,6.5629e-05,1
24.477,6.1433e-05,1
24.477,7.8889e-06,1
24.478,-6.4286e-05,1
24.478,-9.9702e-05,1
24.479,-8.3757e-05,1
24.479,-3.3234e-05,1
24.48,3.3738e-05,1
24.48,0.00010054,1
24.481,0.00014955,1
24.481,0.0001702,1
24.482,0.00016768,1
24.482,0.00015828,1
24.483,0.00015291,1
24.483,0.00015325,1
24.484,0.00015962,1
24.484,0.00015996,1
24.485,0.00013243,1
24.485,8.8792e-05,1
24.486,5.4215e-05,1
24.486,3.5752e-05,1
24.487,2.8702e-05,1
24.487,2.7359e-05,1
24.488,2.4506e-05,1
24.488,1.4435e-05,1
24.489,-6.714e-07,1
24.49,-1.5274e-05,1
24.49,-2.887e-05,1
24.491,-4.0452e-05,1
24.491,-4.8844e-05,1
24.492,-5.2873e-05,1
24.492,-5.4215e-05,1
24.493,-6.0258e-05,1
24.493,-7.3686e-05,1
24.494,-8.4764e-05,1
24.494,-8.4092e-05,1
24.495,-6.4622e-05,1
24.495,-2.9374e-05,1
24.496,3.6927e-06,1
24.496,1.3596e-05,1
24.497,-5.0355e-06,1
24.497,-4.0787e-05,1
24.498,-7.6875e-05,1
24.498,-0.0001039,1
24.499,-0.00012018,1
24.499,-0.00012454,1
24.5,-0.00011531,1
24.5,-9.6849e-05,1
24.501,-7.8386e-05,1
24.501,-6.0929e-05,1
24.502,-3.7934e-05,1
24.503,-8.5603e-06,1
24.503,2.1149e-05,1
24.504,4.918e-05,1
24.504,7.2679e-05,1
24.505,8.426e-05,1
24.505,7.9057e-05,1
24.506,6.6972e-05,1
24.506,6.0761e-05,1
24.507,6.8147e-05,1
24.507,8.4764e-05,1
24.508,9.8192e-05,1
24.508,9.8863e-05,1
24.509,9.1142e-05,1
24.509,8.3757e-05,1
24.51,8.1743e-05,1
24.51,8.7785e-05,1
24.511,9.4331e-05,1
24.511,9.0471e-05,1
24.512,7.3686e-05,1
24.512,4.2802e-05,1
24.513,-1.2589e-05,1
24.513,-9.0806e-05,1
24.514,-0.00015425,1
24.514,-0.00015543,1
24.515,-9.3324e-05,1
24.515,-1.4267e-05,1
24.516,4.1291e-05,1
24.517,6.1433e-05,1
24.517,6.1936e-05,1
24.518,6.0426e-05,1
24.518,5.8579e-05,1
24.519,5.623e-05,1
24.519,6.7308e-05,1
24.52,0.00010037,1
24.52,0.00014049,1
24.521,0.00016013,1
24.521,0.00015459,1
24.522,0.00012824,1
24.522,8.6442e-05,1
24.523,4.4312e-05,1
24.523,1.091e-05,1
24.524,-5.3712e-06,1
24.524,5.2033e-06,1
24.525,4.1459e-05,1
24.525,8.5771e-05,1
24.526,9.0135e-05,1
24.526,4.4144e-05,1
24.527,5.8747e-06,1
24.527,5.8747e-06,1
24.528,2.9206e-05,1
24.528,4.9851e-05,1
24.529,6.9322e-05,1
24.529,9.1142e-05,1
24.53,9.5506e-05,1
24.531,6.5965e-05,1
24.531,1.0575e-05,1
24.532,-4.7837e-05,1
24.532,-8.1407e-05,1
24.533,-8.3757e-05,1
24.533,-6.9657e-05,1
24.534,-5.0858e-05,1
24.534,-3.6591e-05,1
24.535,-3.0716e-05,1
24.535,-2.8702e-05,1
24.536,-2.3499e-05,1
24.536,-7.2175e-06,1
24.537,1.6953e-05,1
24.537,2.6184e-05,1
24.538,3.8605e-06,1
24.538,-3.1388e-05,1
24.539,-5.0523e-05,1
24.539,-4.5655e-05,1
24.54,-3.5584e-05,1
24.54,-4.1291e-05,1
24.541,-6.5126e-05,1
24.541,-8.191e-05,1
24.542,-7.0665e-05,1
24.542,-3.6088e-05,1
24.543,1.4939e-05,1
24.544,7.1336e-05,1
24.544,0.00010994,1
24.545,0.00011833,1
24.545,0.00010893,1
24.546,9.6849e-05,1
24.546,8.51e-05,1
24.547,8.2414e-05,1
24.547,9.3324e-05,1
24.548,0.00010709,1
24.548,0.00010457,1
24.549,7.6036e-05,1
24.549,3.6088e-05,1
24.55,1.8463e-06,1
24.55,-1.4435e-05,1
24.551,-6.714e-07,1
24.551,5.4215e-05,1
24.552,0.00010994,1
24.552,9.7017e-05,1
24.553,1.326e-05,1
24.553,-0.0001039,1
24.554,-0.00021837,1
24.554,-0.00028199,1
24.555,-0.00028165,1
24.555,-0.00023247,1
24.556,-0.0001561,1
24.556,-7.5029e-05,1
24.557,3.8605e-06,1
24.558,8.4092e-05,1
24.558,0.00015325,1
24.559,0.00020847,1
24.559,0.00025731,1
24.56,0.00029491,1
24.56,0.00030062,1
24.561,0.00026957,1
24.561,0.00021938,1
24.562,0.00017507,1
24.562,0.00013814,1
24.563,9.6513e-05,1
24.563,5.2873e-05,1
24.564,1.5946e-05,1
24.564,-1.326e-05,1
24.565,-3.4745e-05,1
24.565,-4.448e-05,1
24.566,-4.5487e-05,1
24.566,-4.8005e-05,1
24.567,-5.6901e-05,1
24.567,-6.9322e-05,1
24.568,-8.2078e-05,1
24.568,-9.9535e-05,1
24.569,-0.00012119,1
24.569,-0.00013344,1
24.57,-0.00012639,1
24.571,-0.00010356,1
24.571,-8.0064e-05,1
24.572,-6.1936e-05,1
24.572,-4.6662e-05,1
24.573,-2.5345e-05,1
24.573,9.2317e-06,1
24.574,5.7237e-05,1
24.574,0.00010726,1
24.575,0.00015258,1
24.575,0.00018111,1
24.576,0.00018614,1
24.576,0.00017104,1
24.577,0.00014166,1
24.577,0.00010642,1
24.578,7.4693e-05,1
24.578,5.8244e-05,1
24.579,5.0523e-05,1
24.579,3.827e-05,1
24.58,1.1078e-05,1
24.58,-3.2395e-05,1
24.581,-8.2414e-05,1
24.581,-0.00012018,1
24.582,-0.00014452,1
24.582,-0.00017238,1
24.583,-0.00017926,1
24.584,-0.00014485,1
24.584,-9.0135e-05,1
24.585,-4.683e-05,1
24.585,-3.2898e-05,1
24.586,-3.3066e-05,1
24.586,-1.9303e-05,1
24.587,6.0426e-06,1
24.587,1.6953e-05,1
24.588,2.5681e-05,1
24.588,6.9993e-05,1
24.589,0.00013109,1
24.589,0.00016097,1
24.59,0.00015392,1
24.59,0.0001331,1
24.591,0.00011246,1
24.591,9.6513e-05,1
24.592,8.1575e-05,1
24.592,5.3544e-05,1
24.593,1.3092e-05,1
24.593,-1.8631e-05,1
24.594,-2.1653e-05,1
24.594,-1.3428e-06,1
24.595,2.5345e-05,1
24.595,5.1194e-05,1
24.596,7.1672e-05,1
24.596,7.6036e-05,1
24.597,5.9419e-05,1
24.598,4.0116e-05,1
24.598,3.2059e-05,1
24.599,3.0716e-05,1
24.599,2.9374e-05,1
24.6,2.5681e-05,1
24.6,1.9135e-05,1
24.601,1.2421e-05,1
24.601,6.0426e-06,1
24.602,4.8676e-06,1
24.602,4.8676e-06,1
24.603,-3.5248e-06,1
24.603,-1.2253e-05,1
24.604,-1.8967e-05,1
24.604,-3.5248e-05,1
24.605,-6.1936e-05,1
24.605,-8.3757e-05,1
24.606,-8.6107e-05,1
24.606,-7.3686e-05,1
24.607,-5.8579e-05,1
24.607,-4.2634e-05,1
24.608,-2.0478e-05,1
24.608,7.5532e-06,1
24.609,3.4073e-05,1
24.609,6.3615e-05,1
24.61,9.6345e-05,1
24.61,0.00012203,1
24.611,0.00013378,1
24.612,0.00012807,1
24.612,0.00010256,1
24.613,7.2343e-05,1
24.613,5.3376e-05,1
24.614,4.2466e-05,1
24.614,2.8199e-05,1
24.615,9.2317e-06,1
24.615,-5.7069e-06,1
24.616,-4.0284e-06,1
24.616,1.561e-05,1
24.617,4.1459e-05,1
24.617,5.9419e-05,1
24.618,5.5894e-05,1
24.618,4.2298e-05,1
24.619,2.3163e-05,1
24.619,-8.5603e-06,1
24.62,-5.0187e-05,1
24.62,-8.8624e-05,1
24.621,-0.00011044,1
24.621,-0.00011095,1
24.622,-9.987e-05,1
24.622,-8.1575e-05,1
24.623,-4.7669e-05,1
24.623,3.6927e-06,1
24.624,5.7572e-05,1
24.625,0.00010675,1
24.625,0.00015123,1
24.626,0.00019168,1
24.626,0.00022206,1
24.627,0.00023113,1
24.627,0.00022223,1
24.628,0.00020578,1
24.628,0.00018228,1
24.629,0.00014821,1
24.629,0.00011044,1
24.63,7.5532e-05,1
24.63,4.0116e-05,1
24.631,-3.0213e-06,1
24.631,-4.7333e-05,1
24.632,-7.9393e-05,1
24.632,-9.6849e-05,1
24.633,-0.00010692,1
24.633,-0.00010591,1
24.634,-9.2988e-05,1
24.634,-7.6707e-05,1
24.635,-5.8412e-05,1
24.635,-3.1388e-05,1
24.636,1.6785e-07,1
24.636,2.266e-05,1
24.637,3.2395e-05,1
24.637,3.8773e-05,1
24.638,3.9948e-05,1
24.639,1.5274e-05,1
24.639,-2.7192e-05,1
24.64,-6.0929e-05,1
24.64,-7.4861e-05,1
24.641,-6.7979e-05,1
24.641,-5.2873e-05,1
24.642,-4.7501e-05,1
24.642,-5.0523e-05,1
24.643,-5.4047e-05,1
24.643,-4.9348e-05,1
24.644,-2.2324e-05,1
24.644,-5.539e-06,1
24.645,-2.5681e-05,1
24.645,-5.3208e-05,1
24.646,-7.1336e-05,1
24.646,-8.1743e-05,1
24.647,-8.6442e-05,1
24.647,-8.6946e-05,1
24.648,-7.1504e-05,1
24.648,-3.1388e-05,1
24.649,1.7288e-05,1
24.649,6.0594e-05,1
24.65,9.9199e-05,1
24.65,0.00013747,1
24.651,0.0001791,1
24.652,0.00020931,1
24.652,0.00020729,1
24.653,0.00016735,1
24.653,0.00010524,1
24.654,3.743e-05,1
24.654,-1.5106e-05,1
24.655,-5.0858e-05,1
24.655,-8.6778e-05,1
24.656,-0.00010356,1
24.656,-8.51e-05,1
24.657,-4.1123e-05,1
24.657,1.091e-05,1
24.658,5.8915e-05,1
24.658,0.00010793,1
24.659,0.00016617,1
24.659,0.00022861,1
24.66,0.00027997,1
24.66,0.0003164,1
24.661,0.00033335,1
24.661,0.00030935,1
24.662,0.00023684,1
24.662,0.0001415,1
24.663,5.7908e-05,1
24.663,-2.5177e-06,1
24.664,-3.5752e-05,1
24.665,-4.8508e-05,1
24.665,-6.6133e-05,1
24.666,-0.00010037,1
24.666,-0.0001368,1
24.667,-0.00016466,1
24.667,-0.00017658,1
24.668,-0.00016852,1
24.668,-0.0001514,1
24.669,-0.00012404,1
24.669,-7.5364e-05,1
24.67,-1.091e-05,1
24.67,4.0452e-05,1
24.671,4.6998e-05,1
24.671,2.4506e-05,1
24.672,2.1988e-05,1
24.672,5.0019e-05,1
24.673,8.1407e-05,1
24.673,9.5674e-05,1
24.674,8.7953e-05,1
24.674,5.2705e-05,1
24.675,-2.0981e-05,1
24.675,-0.00010826,1
24.676,-0.00014905,1
24.676,-0.00011296,1
24.677,-5.539e-05,1
24.677,-3.8102e-05,1
24.678,-4.7166e-05,1
24.679,-5.0187e-05,1
24.679,-4.1123e-05,1
24.68,-1.5946e-05,1
24.68,3.6591e-05,1
24.681,0.000118,1
24.681,0.00020427,1
24.682,0.00026638,1
24.682,0.00029458,1
24.683,0.00028719,1
24.683,0.00025563,1
24.684,0.00021669,1
24.684,0.00016718,1
24.685,0.00010726,1
24.685,6.2104e-05,1
24.686,4.4816e-05,1
24.686,4.3305e-05,1
24.687,4.2634e-05,1
24.687,3.6759e-05,1
24.688,2.5345e-05,1
24.688,7.8889e-06,1
24.689,-1.2421e-05,1
24.689,-2.9709e-05,1
24.69,-4.1291e-05,1
24.69,-4.3137e-05,1
24.691,-4.0116e-05,1
24.692,-4.8676e-05,1
24.692,-7.2847e-05,1
24.693,-0.00011078,1
24.693,-0.00015291,1
24.694,-0.00017977,1
24.694,-0.00018732,1
24.695,-0.00017943,1
24.695,-0.00015358,1
24.696,-0.00011212,1
24.696,-8.3253e-05,1
24.697,-8.8289e-05,1
24.697,-0.00013025,1
24.698,-0.00017406,1
24.698,-0.00016197,1
24.699,-9.6513e-05,1
24.699,-2.3499e-05,1
24.7,2.5681e-05,1
24.7,5.2705e-05,1
24.701,7.2175e-05,1
24.701,9.0471e-05,1
24.702,0.00011162,1
24.702,0.0001279,1
24.703,0.0001462,1
24.703,0.00017305,1
24.704,0.00017977,1
24.704,0.00014653,1
24.705,9.5171e-05,1
24.706,5.0858e-05,1
24.706,2.3331e-05,1
24.707,2.5177e-06,1
24.707,-2.2995e-05,1
24.708,-4.5319e-05,1
24.708,-4.4312e-05,1
24.709,-2.5681e-05,1
24.709,-1.2757e-05,1
24.71,-1.1246e-05,1
24.71,-1.3596e-05,1
24.711,-9.2317e-06,1
24.711,7.5532e-06,1
24.712,3.9612e-05,1
24.712,8.4092e-05,1
24.713,0.00012874,1
24.713,0.00015862,1
24.714,0.0001655,1
24.714,0.00015023,1
24.715,0.0001274,1
24.715,0.00010625,1
24.716,7.0665e-05,1
24.716,1.9806e-05,1
24.717,-2.5681e-05,1
24.717,-4.3137e-05,1
24.718,-2.7695e-05,1
24.718,-6.3783e-06,1
24.719,-1.5106e-06,1
24.72,3.1891e-06,1
24.72,2.182e-05,1
24.721,4.5151e-05,1
24.721,6.3279e-05,1
24.722,7.5532e-05,1
24.722,8.6946e-05,1
24.723,9.9535e-05,1
24.723,0.00010457,1
24.724,9.0303e-05,1
24.724,5.9922e-05,1
24.725,2.7359e-05,1
24.725,6.5461e-06,1
24.726,1.8463e-06,1
24.726,8.3925e-07,1
24.727,-2.8534e-06,1
24.727,1.1749e-06,1
24.728,1.0575e-05,1
24.728,5.539e-06,1
24.729,-2.7024e-05,1
24.729,-6.009e-05,1
24.73,-5.8076e-05,1
24.73,-3.2395e-05,1
24.731,-1.8463e-05,1
24.731,-2.887e-05,1
24.732,-5.4551e-05,1
24.733,-7.2679e-05,1
24.733,-7.2847e-05,1
24.734,-6.3447e-05,1
24.734,-4.7501e-05,1
24.735,-1.0407e-05,1
24.735,4.9683e-05,1
24.736,0.00010289,1
24.736,0.00012337,1
24.737,0.00010977,1
24.737,8.5267e-05,1
24.738,6.6133e-05,1
24.738,4.9516e-05,1
24.739,1.3931e-05,1
24.739,-4.2634e-05,1
24.74,-7.6036e-05,1
24.74,-6.1097e-05,1
24.741,-1.2253e-05,1
24.741,4.2802e-05,1
24.742,8.191e-05,1
24.742,9.6178e-05,1
24.743,9.0639e-05,1
24.743,7.8218e-05,1
24.744,6.4958e-05,1
24.744,5.8244e-05,1
24.745,5.8579e-05,1
24.745,5.539e-05,1
24.746,3.7263e-05,1
24.747,7.2175e-06,1
24.747,-2.8031e-05,1
24.748,-4.8508e-05,1
24.748,-5.2033e-05,1
24.749,-5.1194e-05,1
24.749,-4.8844e-05,1
24.75,-4.448e-05,1
24.75,-4.6662e-05,1
24.751,-6.5629e-05,1
24.751,-8.6107e-05,1
24.752,-9.0135e-05,1
24.752,-8.1743e-05,1
24.753,-7.3182e-05,1
24.753,-6.1769e-05,1
24.754,-5.1698e-05,1
24.754,-5.8747e-05,1
24.755,-6.9657e-05,1
24.755,-5.4551e-05,1
24.756,-1.6785e-07,1
24.756,8.426e-05,1
24.757,0.00016231,1
24.757,0.00019588,1
24.758,0.00018833,1
24.758,0.00017171,1
24.759,0.00016886,1
24.76,0.00019118,1
24.76,0.00022441,1
24.761,0.00024019,1
24.761,0.00022861,1
24.762,0.00018816,1
24.762,9.8527e-05,1
24.763,-7.2175e-06,1
24.763,-6.5965e-05,1
24.764,-7.1336e-05,1
24.764,-5.6062e-05,1
24.765,-4.6494e-05,1
24.765,-4.4312e-05,1
24.766,-5.1194e-05,1
24.766,-6.4958e-05,1
24.767,-6.9657e-05,1
24.767,-5.4887e-05,1
24.768,-2.7863e-05,1
24.768,-1.6785e-07,1
24.769,1.7624e-05,1
24.769,2.5345e-05,1
24.77,2.7192e-05,1
24.77,2.8031e-05,1
24.771,2.2828e-05,1
24.771,4.8676e-06,1
24.772,-1.5778e-05,1
24.773,-2.1149e-05,1
24.773,-1.2924e-05,1
24.774,5.8747e-06,1
24.774,4.4312e-05,1
24.775,9.752e-05,1
24.775,0.00014418,1
24.776,0.00016416,1
24.776,0.0001462,1
24.777,9.9199e-05,1
24.777,4.8173e-05,1
24.778,1.2589e-05,1
24.778,-5.0355e-06,1
24.779,-1.2421e-05,1
24.779,-1.5274e-05,1
24.78,-1.7624e-05,1
24.78,-2.0645e-05,1
24.781,-2.9038e-05,1
24.781,-3.7095e-05,1
24.782,-2.8367e-05,1
24.782,-5.539e-06,1
24.783,7.7211e-06,1
24.783,1.8463e-06,1
24.784,-8.2246e-06,1
24.784,-1.8463e-05,1
24.785,-3.8102e-05,1
24.785,-8.7114e-05,1
24.786,-0.00016667,1
24.787,-0.00023046,1
24.787,-0.00023851,1
24.788,-0.00019957,1
24.788,-0.00015123,1
24.789,-0.00010507,1
24.789,-5.2873e-05,1
24.79,-1.9806e-05,1
24.79,-1.8967e-05,1
24.791,-2.7695e-05,1
24.791,-1.4435e-05,1
24.792,2.8702e-05,1
24.792,9.0135e-05,1
24.793,0.00014804,1
24.793,0.00018447,1
24.794,0.00019722,1
24.794,0.00019722,1
24.795,0.00017339,1
24.795,9.5171e-05,1
24.796,5.539e-06,1
24.796,-1.5274e-05,1
24.797,2.5177e-05,1
24.797,6.865e-05,1
24.798,8.7785e-05,1
24.798,8.9799e-05,1
24.799,9.1478e-05,1
24.799,9.8695e-05,1
24.8,0.00010188,1
24.801,9.9199e-05,1
24.801,0.00010726,1
24.802,0.00013613,1
24.802,0.0001697,1
24.803,0.0001754,1
24.803,0.00013008,1
24.804,3.8102e-05,1
24.804,-6.2943e-05,1
24.805,-0.00013378,1
24.805,-0.00016483,1
24.806,-0.000165,1
24.806,-0.00013898,1
24.807,-8.4092e-05,1
24.807,-1.2589e-05,1
24.808,4.9348e-05,1
24.808,7.5029e-05,1
24.809,6.0761e-05,1
24.809,6.4118e-05,1
24.81,0.00011867,1
24.81,0.00018631,1
24.811,0.00022005,1
24.811,0.00021115,1
24.812,0.00017507,1
24.812,0.00013277,1
24.813,0.00010088,1
24.814,8.1743e-05,1
24.814,6.9657e-05,1
24.815,5.4215e-05,1
24.815,3.8773e-05,1
24.816,3.592e-05,1
24.816,3.743e-05,1
24.817,2.0981e-05,1
24.817,-1.1917e-05,1
24.818,-4.2466e-05,1
24.818,-6.2776e-05,1
24.819,-6.4286e-05,1
24.819,-3.3402e-05,1
24.82,2.2324e-05,1
24.82,7.7379e-05,1
24.821,9.8695e-05,1
24.821,7.1e-05,1
24.822,1.1917e-05,1
24.822,-4.8341e-05,1
24.823,-9.0135e-05,1
24.823,-0.00011229,1
24.824,-0.00012807,1
24.824,-0.0001415,1
24.825,-0.00015106,1
24.825,-0.00015996,1
24.826,-0.00016701,1
24.826,-0.00016802,1
24.827,-0.00015694,1
24.828,-0.00012924,1
24.828,-8.8792e-05,1
24.829,-5.1362e-05,1
24.829,-1.561e-05,1
24.83,2.9038e-05,1
24.83,7.6036e-05,1
24.831,0.00011179,1
24.831,0.0001368,1
24.832,0.00015727,1
24.832,0.00016936,1
24.833,0.00016835,1
24.833,0.00014855,1
24.834,0.00011598,1
24.834,8.4428e-05,1
24.835,5.623e-05,1
24.835,2.8534e-05,1
24.836,1.8463e-06,1
24.836,-1.6953e-05,1
24.837,-2.1988e-05,1
24.837,-1.5946e-05,1
24.838,-6.8818e-06,1
24.838,-2.5177e-06,1
24.839,-5.0355e-06,1
24.839,-8.896e-06,1
24.84,-7.2175e-06,1
24.841,3.0213e-06,1
24.841,1.7288e-05,1
24.842,2.7024e-05,1
24.842,3.2059e-05,1
24.843,3.5752e-05,1
24.843,3.9445e-05,1
24.844,4.3809e-05,1
24.844,4.448e-05,1
24.845,3.8773e-05,1
24.845,2.9206e-05,1
24.846,1.9806e-05,1
24.846,1.0575e-05,1
24.847,2.182e-06,1
24.847,2.5177e-06,1
24.848,1.2589e-05,1
24.848,3.2059e-05,1
24.849,6.244e-05,1
24.849,8.1071e-05,1
24.85,6.4622e-05,1
24.85,1.5274e-05,1
24.851,-4.6662e-05,1
24.851,-9.7856e-05,1
24.852,-0.00012203,1
24.852,-0.000118,1
24.853,-9.5171e-05,1
24.854,-7.0665e-05,1
24.854,-5.5222e-05,1
24.855,-4.5487e-05,1
24.855,-3.1556e-05,1
24.856,-8.2246e-06,1
24.856,1.9471e-05,1
24.857,4.7333e-05,1
24.857,6.9322e-05,1
24.858,7.8386e-05,1
24.858,8.0232e-05,1
24.859,8.5435e-05,1
24.859,8.51e-05,1
24.86,6.1769e-05,1
24.86,2.4674e-05,1
24.861,1.6785e-06,1
24.861,9.9031e-06,1
24.862,3.2898e-05,1
24.862,4.5151e-05,1
24.863,3.9612e-05,1
24.863,3.2059e-05,1
24.864,4.0452e-05,1
24.864,5.9922e-05,1
24.865,6.7643e-05,1
24.865,4.6494e-05,1
24.866,1.4267e-05,1
24.866,-2.182e-06,1
24.867,-3.8605e-06,1
24.868,-8.896e-06,1
24.868,-1.8967e-05,1
24.869,-2.0478e-05,1
24.869,-3.2563e-05,1
24.87,-9.4331e-05,1
24.87,-0.00016399,1
24.871,-0.00016735,1
24.871,-9.1142e-05,1
24.872,2.8367e-05,1
24.872,0.00013764,1
24.873,0.00020125,1
24.873,0.00020813,1
24.874,0.0001848,1
24.874,0.00017221,1
24.875,0.00018833,1
24.875,0.00022374,1
24.876,0.00025261,1
24.876,0.00024959,1
24.877,0.00021837,1
24.877,0.00017708,1
24.878,0.00013462,1
24.878,7.9393e-05,1
24.879,4.6998e-06,1
24.879,-7.5532e-05,1
24.88,-0.00013579,1
24.881,-0.00016349,1
24.881,-0.00016231,1
24.882,-0.0001519,1
24.882,-0.00014855,1
24.883,-0.00013495,1
24.883,-9.3324e-05,1
24.884,-3.7263e-05,1
24.884,1.3764e-05,1
24.885,5.6733e-05,1
24.885,9.6849e-05,1
24.886,0.0001284,1
24.886,0.00014536,1
24.887,0.0001462,1
24.887,0.0001415,1
24.888,0.00013831,1
24.888,0.00013478,1
24.889,0.00012404,1
24.889,9.987e-05,1
24.89,7.805e-05,1
24.89,7.4693e-05,1
24.891,7.7714e-05,1
24.891,6.3951e-05,1
24.892,2.6017e-05,1
24.892,-2.5513e-05,1
24.893,-7.0329e-05,1
24.893,-9.0471e-05,1
24.894,-8.4428e-05,1
24.895,-7.0832e-05,1
24.895,-6.4286e-05,1
24.896,-6.8986e-05,1
24.896,-8.6275e-05,1
24.897,-0.00010155,1
24.897,-9.4667e-05,1
24.898,-6.479e-05,1
24.898,-2.7695e-05,1
24.899,1.6785e-07,1
24.899,1.1582e-05,1
24.9,1.1917e-05,1
24.9,6.8818e-06,1
24.901,1.6785e-07,1
24.901,-5.2033e-06,1
24.902,-4.5319e-06,1
24.902,1.6785e-07,1
24.903,-8.3925e-07,1
24.903,-1.3764e-05,1
24.904,-4.3305e-05,1
24.904,-8.3421e-05,1
24.905,-0.00010658,1
24.905,-9.7185e-05,1
24.906,-6.2608e-05,1
24.906,-2.2995e-05,1
24.907,9.5674e-06,1
24.907,3.0045e-05,1
24.908,2.417e-05,1
24.909,-1.3092e-05,1
24.909,-6.1601e-05,1
24.91,-8.8121e-05,1
24.91,-7.6036e-05,1
24.911,-4.2298e-05,1
24.911,-6.5461e-06,1
24.912,2.8367e-05,1
24.912,6.7643e-05,1
24.913,0.00011833,1
24.913,0.00016701,1
24.914,0.00019588,1
24.914,0.00020998,1
24.915,0.00021334,1
24.915,0.00020394,1
24.916,0.0001848,1
24.916,0.00015224,1
24.917,0.00010289,1
24.917,5.3208e-05,1
24.918,2.5345e-05,1
24.918,1.9974e-05,1
24.919,2.0981e-05,1
24.919,1.4603e-05,1
24.92,-2.8534e-06,1
24.92,-2.9038e-05,1
24.921,-4.6494e-05,1
24.922,-4.7166e-05,1
24.922,-4.6662e-05,1
24.923,-5.3208e-05,1
24.923,-6.3951e-05,1
24.924,-6.9657e-05,1
24.924,-6.3783e-05,1
24.925,-5.4047e-05,1
24.925,-4.4144e-05,1
24.926,-2.7359e-05,1
24.926,2.5177e-06,1
24.927,3.9445e-05,1
24.927,7.4861e-05,1
24.928,0.00010558,1
24.928,0.00012824,1
24.929,0.00014015,1
24.929,0.00015006,1
24.93,0.00015996,1
24.93,0.00015962,1
24.931,0.00014788,1
24.931,0.00013327,1
24.932,0.00011615,1
24.932,9.6513e-05,1
24.933,8.3085e-05,1
24.933,7.6539e-05,1
24.934,6.479e-05,1
24.934,3.6423e-05,1
24.935,-4.5319e-06,1
24.936,-3.9109e-05,1
24.936,-5.5055e-05,1
24.937,-5.7404e-05,1
24.937,-5.6565e-05,1
24.938,-5.4551e-05,1
24.938,-5.388e-05,1
24.939,-5.388e-05,1
24.939,-5.2369e-05,1
24.94,-5.0523e-05,1
24.94,-4.9012e-05,1
24.941,-4.7669e-05,1
24.941,-4.8005e-05,1
24.942,-5.0019e-05,1
24.942,-5.2369e-05,1
24.943,-5.8244e-05,1
24.943,-6.0929e-05,1
24.944,-5.4047e-05,1
24.944,-3.8773e-05,1
24.945,-2.2995e-05,1
24.945,-1.5946e-05,1
24.946,-1.6953e-05,1
24.946,-1.9303e-05,1
24.947,-1.4939e-05,1
24.947,-5.7069e-06,1
24.948,5.7069e-06,1
24.949,1.5946e-05,1
24.949,2.3331e-05,1
24.95,2.7359e-05,1
24.95,2.9709e-05,1
24.951,2.4506e-05,1
24.951,1.1414e-05,1
24.952,-1.6785e-07,1
24.952,-1.6785e-06,1
24.953,3.6927e-06,1
24.953,1.0239e-05,1
24.954,1.5778e-05,1
24.954,2.4674e-05,1
24.955,3.9612e-05,1
24.955,5.5222e-05,1
24.956,7.4861e-05,1
24.956,0.00010323,1
24.957,0.00012706,1
24.957,0.00013344,1
24.958,0.00011263,1
24.958,6.5797e-05,1
24.959,1.5946e-05,1
24.959,-1.8463e-05,1
24.96,-3.5584e-05,1
24.96,-4.2466e-05,1
24.961,-4.3641e-05,1
24.962,-3.9277e-05,1
24.962,-3.3234e-05,1
24.963,-3.3738e-05,1
24.963,-3.9109e-05,1
24.964,-4.213e-05,1
24.964,-4.0452e-05,1
24.965,-4.2466e-05,1
24.965,-4.5487e-05,1
24.966,-3.508e-05,1
24.966,-1.4603e-05,1
24.967,3.0213e-06,1
24.967,1.4267e-05,1
24.968,2.2324e-05,1
24.968,2.5345e-05,1
24.969,9.2317e-06,1
24.969,-1.5442e-05,1
24.97,-1.561e-05,1
24.97,1.3764e-05,1
24.971,4.8173e-05,1
24.971,6.6972e-05,1
24.972,5.388e-05,1
24.972,8.896e-06,1
24.973,-2.7359e-05,1
24.973,-3.357e-06,1
24.974,6.6636e-05,1
24.974,0.00012605,1
24.975,0.00016097,1
24.976,0.00019034,1
24.976,0.00022055,1
24.977,0.00024086,1
24.977,0.00024388,1
24.978,0.000236,1
24.978,0.00021703,1
24.979,0.0001791,1
24.979,0.00012438,1
24.98,6.4958e-05,1
24.98,2.1988e-05,1
24.981,9.2317e-06,1
24.981,1.1582e-05,1
24.982,1.326e-05,1
24.982,9.9031e-06,1
24.983,5.2033e-06,1
24.983,9.5674e-06,1
24.984,3.3066e-05,1
24.984,6.9657e-05,1
24.985,0.00010927,1
24.985,0.00013378,1
24.986,0.00010994,1
24.986,1.4603e-05,1
24.987,-0.0001133,1
24.987,-0.00019974,1
24.988,-0.00022425,1
24.988,-0.0002078,1
24.989,-0.00017205,1
24.99,-0.00012941,1
24.99,-8.5771e-05,1
24.991,-4.6326e-05,1
24.991,-1.1246e-05,1
24.992,2.4674e-05,1
24.992,5.8076e-05,1
24.993,6.8986e-05,1
24.993,6.0594e-05,1
24.994,4.2802e-05,1
24.994,1.796e-05,1
24.995,-1.1246e-05,1
24.995,-3.508e-05,1
24.996,-4.8341e-05,1
24.996,-5.153e-05,1
24.997,-4.5991e-05,1
24.997,-3.4745e-05,1
24.998,-1.8967e-05,1
24.998,-3.1891e-06,1
24.999,2.5177e-06,1
24.999,-8.896e-06,1
25,-2.8031e-05,1
25,-3.6088e-05,1
25.001,-2.887e-05,1
25.001,-1.6617e-05,1
25.002,-9.2317e-06,1
25.003,-1.3596e-05,1
25.003,-5.0523e-05,1
25.004,-0.00010742,1
25.004,-0.00013848,1
25.005,-0.00011934,1
25.005,-6.1936e-05,1
25.006,9.2317e-06,1
25.006,7.8889e-05,1
25.007,0.0001321,1
25.007,0.00016097,1
25.008,0.0001749,1
25.008,0.00018984,1
25.009,0.00021065,1
25.009,0.00023465,1
25.01,0.00025765,1
25.01,0.00026487,1
25.011,0.00023751,1
25.011,0.00018984,1
25.012,0.00015123,1
25.012,0.00012337,1
25.013,9.1478e-05,1
25.013,4.7166e-05,1
25.014,1.6785e-07,1
25.014,-3.8605e-05,1
25.015,-6.2608e-05,1
25.015,-6.7643e-05,1
25.016,-5.8579e-05,1
25.017,-4.3641e-05,1
25.017,-2.7695e-05,1
25.018,-2.8534e-06,1
25.018,1.9638e-05,1
25.019,1.4099e-05,1
25.019,-2.1317e-05,1
25.02,-7.2679e-05,1
25.02,-0.00012152,1
25.021,-0.00015392,1
25.021,-0.00016214,1
25.022,-0.00014821,1
25.022,-0.00012303,1
25.023,-8.2078e-05,1
25.023,-2.501e-05,1
25.024,2.2156e-05,1
25.024,4.213e-05,1
25.025,4.9012e-05,1
25.025,6.5461e-05,1
25.026,8.4428e-05,1
25.026,6.2776e-05,1
25.027,-1.2253e-05,1
25.027,-0.00010407,1
25.028,-0.00017272,1
25.028,-0.00021032,1
25.029,-0.0002219,1
25.03,-0.00020545,1
25.03,-0.00015694,1
25.031,-7.0161e-05,1
25.031,5.2705e-05,1
25.032,0.00018413,1
25.032,0.00027913,1
25.033,0.00031438,1
25.033,0.00030901,1
25.034,0.000284,1
25.034,0.00023851,1
25.035,0.00017842,1
25.035,0.00011766,1
25.036,5.9922e-05,1
25.036,1.091e-05,1
25.037,-1.4435e-05,1
25.037,-1.1246e-05,1
25.038,2.5177e-06,1
25.038,-1.6785e-07,1
25.039,-2.1149e-05,1
25.039,-5.1194e-05,1
25.04,-9.1814e-05,1
25.04,-0.0001227,1
25.041,-0.00010742,1
25.041,-6.7308e-05,1
25.042,-5.9754e-05,1
25.043,-7.805e-05,1
25.043,-6.2608e-05,1
25.044,1.1246e-05,1
25.044,0.00011397,1
25.045,0.00019722,1
25.045,0.00023163,1
25.046,0.00020931,1
25.046,0.00016197,1
25.047,0.00012538,1
25.047,0.00010088,1
25.048,7.3518e-05,1
25.048,4.1123e-05,1
25.049,1.2589e-05,1
25.049,-8.7282e-06,1
25.05,-2.182e-05,1
25.05,-2.0142e-05,1
25.051,5.2033e-06,1
25.051,5.4551e-05,1
25.052,0.00010977,1
25.052,0.00014586,1
25.053,0.00015341,1
25.053,0.00013797,1
25.054,0.00010558,1
25.054,6.6133e-05,1
25.055,3.5752e-05,1
25.055,1.796e-05,1
25.056,1.8463e-06,1
25.057,-2.1653e-05,1
25.057,-5.0523e-05,1
25.058,-7.4357e-05,1
25.058,-8.7785e-05,1
25.059,-8.3589e-05,1
25.059,-6.244e-05,1
25.06,-4.683e-05,1
25.06,-5.1362e-05,1
25.061,-7.1e-05,1
25.061,-9.2149e-05,1
25.062,-0.00010591,1
25.062,-0.00010289,1
25.063,-7.4022e-05,1
25.063,-2.7192e-05,1
25.064,2.0645e-05,1
25.064,5.5894e-05,1
25.065,7.6371e-05,1
25.065,8.7449e-05,1
25.066,9.1478e-05,1
25.066,9.1142e-05,1
25.067,8.7785e-05,1
25.067,7.9728e-05,1
25.068,6.6972e-05,1
25.068,5.0858e-05,1
25.069,3.743e-05,1
25.07,3.122e-05,1
25.07,4.2298e-05,1
25.071,5.0523e-05,1
25.071,4.0116e-05,1
25.072,1.4267e-05,1
25.072,-3.4577e-05,1
25.073,-9.7017e-05,1
25.073,-0.00014435,1
25.074,-0.0001608,1
25.074,-0.00014905,1
25.075,-0.00011699,1
25.075,-6.7979e-05,1
25.076,-3.8605e-06,1
25.076,6.0594e-05,1
25.077,0.0001044,1
25.077,0.00012203,1
25.078,0.00012639,1
25.078,0.00012119,1
25.079,9.9031e-05,1
25.079,6.3615e-05,1
25.08,2.8367e-05,1
25.08,2.0142e-06,1
25.081,-1.561e-05,1
25.081,-2.3667e-05,1
25.082,-1.9471e-05,1
25.082,-7.3854e-06,1
25.083,2.8534e-06,1
25.084,9.0639e-06,1
25.084,9.2317e-06,1
25.085,1.6785e-07,1
25.085,-2.2492e-05,1
25.086,-4.5823e-05,1
25.086,-5.3376e-05,1
25.087,-4.5319e-05,1
25.087,-3.5752e-05,1
25.088,-2.2828e-05,1
25.088,-2.8534e-06,1
25.089,1.7288e-05,1
25.089,2.652e-05,1
25.09,1.8631e-05,1
25.09,-6.8818e-06,1
25.091,-3.1388e-05,1
25.091,-3.5416e-05,1
25.092,-2.3331e-05,1
25.092,-1.6114e-05,1
25.093,-2.6688e-05,1
25.093,-4.062e-05,1
25.094,-3.6423e-05,1
25.094,-1.1078e-05,1
25.095,2.7695e-05,1
25.095,7.1839e-05,1
25.096,0.00010893,1
25.096,0.00012404,1
25.097,0.00011615,1
25.098,0.00010574,1
25.098,9.8192e-05,1
25.099,7.6204e-05,1
25.099,3.6255e-05,1
25.1,-7.0497e-06,1
25.1,-2.6688e-05,1
25.101,-5.8747e-06,1
25.101,2.182e-05,1
25.102,1.5106e-06,1
25.102,-4.6159e-05,1
25.103,-5.7572e-05,1
25.103,-4.6998e-06,1
25.104,8.8457e-05,1
25.104,0.00017137,1
25.105,0.00021334,1
25.105,0.00021468,1
25.106,0.00019789,1
25.106,0.00018044,1
25.107,0.00017037,1
25.107,0.000166,1
25.108,0.00016214,1
25.108,0.00015291,1
25.109,0.00013411,1
25.109,0.00010893,1
25.11,8.6778e-05,1
25.111,6.9322e-05,1
25.111,5.2705e-05,1
25.112,4.2802e-05,1
25.112,3.9109e-05,1
25.113,2.6688e-05,1
25.113,-2.8534e-06,1
25.114,-4.1123e-05,1
25.114,-6.9993e-05,1
25.115,-6.9993e-05,1
25.115,-5.0355e-05,1
25.116,-2.2492e-05,1
25.116,7.2175e-06,1
25.117,2.1988e-05,1
25.117,1.4603e-05,1
25.118,-6.5461e-06,1
25.118,-2.9374e-05,1
25.119,-4.7669e-05,1
25.119,-5.6901e-05,1
25.12,-5.2369e-05,1
25.12,-4.8508e-05,1
25.121,-6.0426e-05,1
25.121,-7.1672e-05,1
25.122,-6.4118e-05,1
25.122,-4.9516e-05,1
25.123,-5.1194e-05,1
25.123,-6.479e-05,1
25.124,-7.0665e-05,1
25.125,-6.2104e-05,1
25.125,-4.9851e-05,1
25.126,-4.4816e-05,1
25.126,-4.213e-05,1
25.127,-3.6088e-05,1
25.127,-2.5681e-05,1
25.128,-1.9135e-05,1
25.128,-2.1653e-05,1
25.129,-2.1988e-05,1
25.129,-5.539e-06,1
25.13,2.3667e-05,1
25.13,4.5991e-05,1
25.131,4.918e-05,1
25.131,1.9638e-05,1
25.132,-4.0787e-05,1
25.132,-9.1981e-05,1
25.133,-0.0001133,1
25.133,-0.00012522,1
25.134,-0.00013915,1
25.134,-0.00013596,1
25.135,-0.00010826,1
25.135,-7.5029e-05,1
25.136,-5.0858e-05,1
25.136,-3.8773e-05,1
25.137,-2.6017e-05,1
25.138,3.8605e-06,1
25.138,5.2537e-05,1
25.139,0.00011028,1
25.139,0.00017557,1
25.14,0.00025295,1
25.14,0.00033721,1
25.141,0.00041056,1
25.141,0.00044295,1
25.142,0.00041341,1
25.142,0.00034426,1
25.143,0.00026302,1
25.143,0.00017876,1
25.144,9.5171e-05,1
25.144,2.2828e-05,1
25.145,-3.1052e-05,1
25.145,-7.7211e-05,1
25.146,-0.00012639,1
25.146,-0.00016097,1
25.147,-0.000166,1
25.147,-0.00015039,1
25.148,-0.00012068,1
25.148,-8.7449e-05,1
25.149,-6.3615e-05,1
25.149,-4.0452e-05,1
25.15,3.1891e-06,1
25.151,6.0258e-05,1
25.151,0.00010675,1
25.152,0.00013579,1
25.152,0.00015325,1
25.153,0.00015375,1
25.153,0.0001274,1
25.154,8.3589e-05,1
25.154,4.3809e-05,1
25.155,1.9974e-05,1
25.155,1.3092e-05,1
25.156,7.2175e-06,1
25.156,2.8534e-06,1
25.157,9.5674e-06,1
25.157,2.1988e-05,1
25.158,2.4842e-05,1
25.158,7.7211e-06,1
25.159,-2.2828e-05,1
25.159,-5.4047e-05,1
25.16,-8.1071e-05,1
25.16,-9.3492e-05,1
25.161,-7.7882e-05,1
25.161,-3.9612e-05,1
25.162,-7.5532e-06,1
25.162,-6.0426e-06,1
25.163,-2.7695e-05,1
25.163,-4.4312e-05,1
25.164,-3.1891e-05,1
25.165,7.2175e-06,1
25.165,4.2802e-05,1
25.166,5.623e-05,1
25.166,5.7572e-05,1
25.167,5.1865e-05,1
25.167,3.1724e-05,1
25.168,-4.1962e-06,1
25.168,-3.9612e-05,1
25.169,-5.4551e-05,1
25.169,-4.3137e-05,1
25.17,-2.1149e-05,1
25.17,-7.0497e-06,1
25.171,-4.3641e-06,1
25.171,-1.4939e-05,1
25.172,-3.508e-05,1
25.172,-4.7166e-05,1
25.173,-4.1459e-05,1
25.173,-2.4002e-05,1
25.174,-1.0742e-05,1
25.174,-1.091e-05,1
25.175,-3.2731e-05,1
25.175,-8.0568e-05,1
25.176,-0.00012119,1
25.176,-0.00011901,1
25.177,-7.2343e-05,1
25.177,0,1
25.178,7.5532e-05,1
25.179,0.00013227,1
25.179,0.00015761,1
25.18,0.0001603,1
25.18,0.00015795,1
25.181,0.000165,1
25.181,0.00017926,1
25.182,0.00018648,1
25.182,0.00016902,1
25.183,0.00013344,1
25.183,0.00011431,1
25.184,0.00012203,1
25.184,0.00012438,1
25.185,9.7856e-05,1
25.185,5.1865e-05,1
25.186,3.8605e-06,1
25.186,-3.2395e-05,1
25.187,-5.1194e-05,1
25.187,-6.0258e-05,1
25.188,-6.6636e-05,1
25.188,-7.0161e-05,1
25.189,-7.4693e-05,1
25.189,-7.6875e-05,1
25.19,-6.0761e-05,1
25.19,-2.1317e-05,1
25.191,1.3092e-05,1
25.192,1.9135e-05,1
25.192,5.8747e-06,1
25.193,-1.326e-05,1
25.193,-3.6088e-05,1
25.194,-5.8579e-05,1
25.194,-7.0161e-05,1
25.195,-6.479e-05,1
25.195,-4.2466e-05,1
25.196,-5.3712e-06,1
25.196,3.1556e-05,1
25.197,4.8173e-05,1
25.197,3.978e-05,1
25.198,2.6352e-05,1
25.198,3.0045e-05,1
25.199,4.8508e-05,1
25.199,6.3951e-05,1
25.2,6.5629e-05,1
25.2,5.1865e-05,1
25.201,2.7863e-05,1
25.201,-4.1962e-06,1
25.202,-3.7766e-05,1
25.202,-5.5055e-05,1
25.203,-3.9948e-05,1
25.203,-7.0497e-06,1
25.204,1.1246e-05,1
25.204,3.6927e-06,1
25.205,-2.887e-05,1
25.206,-8.5435e-05,1
25.206,-0.00013663,1
25.207,-0.00014351,1
25.207,-0.00010222,1
25.208,-3.9109e-05,1
25.208,2.1653e-05,1
25.209,7.0665e-05,1
25.209,0.00010994,1
25.21,0.00014485,1
25.21,0.00017775,1
25.211,0.00021636,1
25.211,0.00026839,1
25.212,0.00031673,1
25.212,0.0003315,1
25.213,0.00031136,1
25.213,0.00027359,1
25.214,0.00021686,1
25.214,0.00014284,1
25.215,6.4118e-05,1
25.215,-8.896e-06,1
25.216,-8.2582e-05,1
25.216,-0.00015879,1
25.217,-0.00021804,1
25.217,-0.00024506,1
25.218,-0.00024254,1
25.219,-0.00021585,1
25.219,-0.00017137,1
25.22,-0.00012387,1
25.22,-7.7043e-05,1
25.221,-1.7288e-05,1
25.221,6.244e-05,1
25.222,0.00014754,1
25.222,0.00021938,1
25.223,0.00026671,1
25.223,0.00027947,1
25.224,0.00025547,1
25.224,0.00020192,1
25.225,0.00013848,1
25.225,8.9799e-05,1
25.226,6.4958e-05,1
25.226,5.2873e-05,1
25.227,4.0116e-05,1
25.227,-1.5106e-06,1
25.228,-8.8792e-05,1
25.228,-0.00016701,1
25.229,-0.00018413,1
25.229,-0.00015409,1
25.23,-0.00011212,1
25.23,-6.8818e-05,1
25.231,-1.9135e-05,1
25.232,2.8534e-05,1
25.232,6.3615e-05,1
25.233,8.2414e-05,1
25.233,8.4428e-05,1
25.234,7.2679e-05,1
25.234,5.2537e-05,1
25.235,2.7359e-05,1
25.235,3.5248e-06,1
25.236,-3.5248e-06,1
25.236,2.8534e-06,1
25.237,-5.7069e-06,1
25.237,-1.7624e-05,1
25.238,5.8747e-06,1
25.238,5.3208e-05,1
25.239,8.3085e-05,1
25.239,7.6371e-05,1
25.24,4.1962e-05,1
25.24,-3.5248e-06,1
25.241,-4.6494e-05,1
25.241,-7.9728e-05,1
25.242,-0.00010037,1
25.242,-0.00011112,1
25.243,-0.00010977,1
25.243,-9.4163e-05,1
25.244,-7.1672e-05,1
25.244,-5.8915e-05,1
25.245,-6.2776e-05,1
25.246,-7.9561e-05,1
25.246,-9.3996e-05,1
25.247,-9.3156e-05,1
25.247,-8.0568e-05,1
25.248,-7.2175e-05,1
25.248,-0.00010121,1
25.249,-0.00014217,1
25.249,-0.00012068,1
25.25,-2.7695e-05,1
25.25,7.9728e-05,1
25.251,0.00015425,1
25.251,0.00018228,1
25.252,0.00017037,1
25.252,0.00014049,1
25.253,0.00012203,1
25.253,0.00012538,1
25.254,0.00014687,1
25.254,0.00018514,1
25.255,0.00022274,1
25.255,0.00023146,1
25.256,0.00020528,1
25.256,0.00017037,1
25.257,0.00015476,1
25.257,0.0001603,1
25.258,0.00017943,1
25.259,0.00019554,1
25.259,0.00018279,1
25.26,0.00014318,1
25.26,0.00010423,1
25.261,6.9154e-05,1
25.261,2.8702e-05,1
25.262,-1.3931e-05,1
25.262,-5.0523e-05,1
25.263,-7.5029e-05,1
25.263,-8.2414e-05,1
25.264,-8.4092e-05,1
25.264,-9.3492e-05,1
25.265,-0.00010944,1
25.265,-0.00012723,1
25.266,-0.00014754,1
25.266,-0.00017205,1
25.267,-0.00019118,1
25.267,-0.00019336,1
25.268,-0.00017624,1
25.268,-0.00015023,1
25.269,-0.00012857,1
25.269,-0.00010054,1
25.27,-4.6494e-05,1
25.27,4.1459e-05,1
25.271,0.00014284,1
25.271,0.00021048,1
25.272,0.00021569,1
25.273,0.000165,1
25.273,8.1743e-05,1
25.274,1.9303e-05,1
25.274,-3.0213e-06,1
25.275,-1.6953e-05,1
25.275,-4.5487e-05,1
25.276,-7.6036e-05,1
25.276,-9.2821e-05,1
25.277,-9.0806e-05,1
25.277,-7.2679e-05,1
25.278,-4.6159e-05,1
25.278,-8.2246e-06,1
25.279,4.6998e-05,1
25.279,0.00011112,1
25.28,0.00016399,1
25.28,0.00018346,1
25.281,0.00015811,1
25.281,9.4667e-05,1
25.282,-2.8534e-06,1
25.282,-0.00011632,1
25.283,-0.00018665,1
25.283,-0.00018849,1
25.284,-0.00014704,1
25.284,-9.6849e-05,1
25.285,-5.4719e-05,1
25.285,-1.6281e-05,1
25.286,2.3667e-05,1
25.287,7.3014e-05,1
25.287,0.00014066,1
25.288,0.00021653,1
25.288,0.00027108,1
25.289,0.00028769,1
25.289,0.00026537,1
25.29,0.00021384,1
25.29,0.00015224,1
25.291,9.9702e-05,1
25.291,4.448e-05,1
25.292,-3.0045e-05,1
25.292,-0.00010289,1
25.293,-0.00013596,1
25.293,-0.00012488,1
25.294,-9.6513e-05,1
25.294,-6.8818e-05,1
25.295,-4.3641e-05,1
25.295,-1.4939e-05,1
25.296,1.7456e-05,1
25.296,5.2705e-05,1
25.297,9.5674e-05,1
25.297,0.0001462,1
25.298,0.00018581,1
25.298,0.00018514,1
25.299,0.00014401,1
25.3,8.6107e-05,1
25.3,3.508e-05,1
25.301,1.1749e-06,1
25.301,-1.796e-05,1
25.302,-2.7695e-05,1
25.302,-3.1052e-05,1
25.303,-3.1388e-05,1
25.303,-3.3906e-05,1
25.304,-3.9612e-05,1
25.304,-4.3137e-05,1
25.305,-3.8605e-05,1
25.305,-3.1556e-05,1
25.306,-2.5681e-05,1
25.306,-1.8463e-05,1
25.307,-9.9031e-06,1
25.307,-3.0213e-06,1
25.308,4.1962e-06,1
25.308,1.3931e-05,1
25.309,2.0478e-05,1
25.309,1.326e-05,1
25.31,-1.0239e-05,1
25.31,-4.9348e-05,1
25.311,-9.3156e-05,1
25.311,-0.00014821,1
25.312,-0.00020494,1
25.312,-0.00020864,1
25.313,-0.00014838,1
25.314,-6.5965e-05,1
25.314,6.3783e-06,1
25.315,6.9657e-05,1
25.315,0.00012941,1
25.316,0.00017171,1
25.316,0.00019437,1
25.317,0.00021367,1
25.317,0.0002365,1
25.318,0.00025278,1
25.318,0.00023684,1
25.319,0.0001697,1
25.319,6.8147e-05,1
25.32,-2.1653e-05,1
25.32,-6.6133e-05,1
25.321,-7.4693e-05,1
25.321,-6.7308e-05,1
25.322,-5.2537e-05,1
25.322,-3.2395e-05,1
25.323,-8.896e-06,1
25.323,3.0213e-05,1
25.324,9.3324e-05,1
25.324,0.0001462,1
25.325,0.00015761,1
25.325,0.00012001,1
25.326,4.5319e-05,1
25.327,-3.1724e-05,1
25.327,-8.4764e-05,1
25.328,-0.00010591,1
25.328,-9.8527e-05,1
25.329,-6.4622e-05,1
25.329,-9.9031e-06,1
25.33,4.2802e-05,1
25.33,7.7211e-05,1
25.331,9.4163e-05,1
25.331,0.00010977,1
25.332,0.00012824,1
25.332,0.00013075,1
25.333,0.00010524,1
25.333,6.0594e-05,1
25.334,1.6785e-05,1
25.334,-1.4603e-05,1
25.335,-3.2563e-05,1
25.335,-4.0116e-05,1
25.336,-3.8941e-05,1
25.336,-3.1891e-05,1
25.337,-2.0645e-05,1
25.337,-3.357e-06,1
25.338,1.3764e-05,1
25.338,9.9031e-06,1
25.339,-2.1653e-05,1
25.34,-5.1865e-05,1
25.34,-5.7572e-05,1
25.341,-3.508e-05,1
25.341,5.0355e-07,1
25.342,2.5681e-05,1
25.342,3.3066e-05,1
25.343,3.0045e-05,1
25.343,2.6856e-05,1
25.344,2.7527e-05,1
25.344,3.0549e-05,1
25.345,3.508e-05,1
25.345,3.6759e-05,1
25.346,3.0549e-05,1
25.346,6.3783e-06,1
25.347,-3.7263e-05,1
25.347,-8.1743e-05,1
25.348,-0.00011464,1
25.348,-0.0001373,1
25.349,-0.00017591,1
25.349,-0.00021283,1
25.35,-0.00019118,1
25.35,-9.9535e-05,1
25.351,4.5319e-06,1
25.351,7.4861e-05,1
25.352,0.00011514,1
25.352,0.00014754,1
25.353,0.00018111,1
25.354,0.00020864,1
25.354,0.00021938,1
25.355,0.00020864,1
25.355,0.00017406,1
25.356,0.00012068,1
25.356,7.1e-05,1
25.357,3.3234e-05,1
25.357,-1.7288e-05,1
25.358,-7.805e-05,1
25.358,-0.00012807,1
25.359,-0.00017272,1
25.359,-0.00021569,1
25.36,-0.00023247,1
25.36,-0.00019622,1
25.361,-0.00010004,1
25.361,4.5823e-05,1
25.362,0.00023214,1
25.362,0.00043087,1
25.363,0.00056448,1
25.363,0.00057942,1
25.364,0.00049331,1
25.364,0.00036843,1
25.365,0.00024388,1
25.365,0.00012589,1
25.366,2.0981e-05,1
25.366,-7.0497e-05,1
25.367,-0.00015274,1
25.368,-0.00021535,1
25.368,-0.00024086,1
25.369,-0.0002459,1
25.369,-0.00026033,1
25.37,-0.00026369,1
25.37,-0.0002459,1
25.371,-0.0002266,1
25.371,-0.00019118,1
25.372,-0.00011968,1
25.372,-3.5416e-05,1
25.373,3.9612e-05,1
25.373,9.6178e-05,1
25.374,0.00012941,1
25.374,0.00014217,1
25.375,0.00014351,1
25.375,0.00014217,1
25.376,0.0001425,1
25.376,0.00015879,1
25.377,0.00019823,1
25.377,0.00024388,1
25.378,0.00026134,1
25.378,0.0002271,1
25.379,0.00015795,1
25.379,8.9799e-05,1
25.38,3.8102e-05,1
25.381,-3.5248e-06,1
25.381,-3.978e-05,1
25.382,-6.1601e-05,1
25.382,-6.7308e-05,1
25.383,-6.7811e-05,1
25.383,-7.4525e-05,1
25.384,-7.9393e-05,1
25.384,-6.5126e-05,1
25.385,-4.3809e-05,1
25.385,-4.0116e-05,1
25.386,-6.244e-05,1
25.386,-9.0471e-05,1
25.387,-0.00010524,1
25.387,-9.7353e-05,1
25.388,-7.6204e-05,1
25.388,-5.6565e-05,1
25.389,-3.827e-05,1
25.389,-1.4939e-05,1
25.39,1.6281e-05,1
25.39,4.4648e-05,1
25.391,6.0929e-05,1
25.391,6.8986e-05,1
25.392,7.4022e-05,1
25.392,7.0329e-05,1
25.393,5.8579e-05,1
25.393,4.3305e-05,1
25.394,2.5345e-05,1
25.395,5.8747e-06,1
25.395,-6.8818e-06,1
25.396,-9.5674e-06,1
25.396,-1.7121e-05,1
25.397,-3.978e-05,1
25.397,-7.4693e-05,1
25.398,-0.00010944,1
25.398,-0.00012992,1
25.399,-0.0001331,1
25.399,-0.00012068,1
25.4,-9.9535e-05,1
25.4,-7.6036e-05,1
25.401,-4.6662e-05,1
25.401,7.2175e-06,1
25.402,8.8457e-05,1
25.402,0.00017288,1
25.403,0.00022593,1
25.403,0.00022811,1
25.404,0.00018766,1
25.404,0.00012673,1
25.405,7.7546e-05,1
25.405,5.0187e-05,1
25.406,2.2492e-05,1
25.406,-1.7288e-05,1
25.407,-5.6397e-05,1
25.408,-8.9296e-05,1
25.408,-0.00012186,1
25.409,-0.00014855,1
25.409,-0.00015492,1
25.41,-0.0001284,1
25.41,-6.5629e-05,1
25.411,1.5778e-05,1
25.411,9.0471e-05,1
25.412,0.00013999,1
25.412,0.0001566,1
25.413,0.00014821,1
25.413,0.00013378,1
25.414,0.000118,1
25.414,9.752e-05,1
25.415,7.7714e-05,1
25.415,6.8818e-05,1
25.416,6.6133e-05,1
25.416,5.8915e-05,1
25.417,4.2466e-05,1
25.417,-6.2104e-06,1
25.418,-8.3757e-05,1
25.418,-0.00015006,1
25.419,-0.00016735,1
25.419,-0.00013344,1
25.42,-7.6036e-05,1
25.421,-1.1917e-05,1
25.421,4.5487e-05,1
25.422,7.2007e-05,1
25.422,5.8747e-05,1
25.423,2.9709e-05,1
25.423,2.1653e-05,1
25.424,5.0858e-05,1
25.424,0.00010172,1
25.425,0.00014166,1
25.425,0.00016197,1
25.426,0.00017171,1
25.426,0.00017372,1
25.427,0.0001566,1
25.427,0.00011901,1
25.428,8.04e-05,1
25.428,5.2873e-05,1
25.429,4.2466e-05,1
25.429,5.7069e-05,1
25.43,8.7282e-05,1
25.43,0.00010289,1
25.431,9.0806e-05,1
25.431,5.388e-05,1
25.432,-9.7353e-06,1
25.432,-5.6565e-05,1
25.433,-4.7501e-05,1
25.433,-2.8534e-06,1
25.434,3.9612e-05,1
25.435,6.5293e-05,1
25.435,7.5029e-05,1
25.436,7.3014e-05,1
25.436,6.1265e-05,1
25.437,4.8508e-05,1
25.437,4.3137e-05,1
25.438,4.8508e-05,1
25.438,5.069e-05,1
25.439,1.8967e-05,1
25.439,-3.4409e-05,1
25.44,-6.3951e-05,1
25.44,-5.623e-05,1
25.441,-3.122e-05,1
25.441,-1.9135e-05,1
25.442,-3.5416e-05,1
25.442,-6.865e-05,1
25.443,-9.2485e-05,1
25.443,-8.4596e-05,1
25.444,-5.6901e-05,1
25.444,-2.9206e-05,1
25.445,-1.2085e-05,1
25.445,1.1749e-06,1
25.446,8.3925e-06,1
25.446,-8.896e-06,1
25.447,-4.7837e-05,1
25.448,-8.1071e-05,1
25.448,-8.4764e-05,1
25.449,-4.6662e-05,1
25.449,1.1582e-05,1
25.45,5.388e-05,1
25.45,7.57e-05,1
25.451,9.8863e-05,1
25.451,0.00013931,1
25.452,0.00018178,1
25.452,0.00019857,1
25.453,0.0001655,1
25.453,8.9464e-05,1
25.454,6.8818e-06,1
25.454,-5.539e-05,1
25.455,-9.0974e-05,1
25.455,-0.00010524,1
25.456,-0.0001034,1
25.456,-9.0135e-05,1
25.457,-6.3447e-05,1
25.457,-3.0213e-05,1
25.458,-1.4267e-05,1
25.458,-2.2492e-05,1
25.459,-2.9877e-05,1
25.459,-1.8967e-05,1
25.46,3.8605e-06,1
25.46,2.1988e-05,1
25.461,3.0381e-05,1
25.462,3.2731e-05,1
25.462,3.743e-05,1
25.463,4.5151e-05,1
25.463,5.0523e-05,1
25.464,5.0858e-05,1
25.464,4.2634e-05,1
25.465,4.1291e-05,1
25.465,7.2343e-05,1
25.466,0.00012471,1
25.466,0.00015644,1
25.467,0.00014687,1
25.467,0.0001091,1
25.468,6.9657e-05,1
25.468,4.3641e-05,1
25.469,3.0884e-05,1
25.469,2.6184e-05,1
25.47,2.501e-05,1
25.47,2.3667e-05,1
25.471,2.3499e-05,1
25.471,2.3499e-05,1
25.472,2.0981e-05,1
25.472,1.6785e-05,1
25.473,1.1414e-05,1
25.473,3.5248e-06,1
25.474,-9.2317e-06,1
25.474,-2.6017e-05,1
25.475,-4.1794e-05,1
25.476,-5.4047e-05,1
25.476,-6.7475e-05,1
25.477,-9.0974e-05,1
25.477,-0.00012169,1
25.478,-0.0001472,1
25.478,-0.00016684,1
25.479,-0.00017725,1
25.479,-0.00016751,1
25.48,-0.00013243,1
25.48,-7.9393e-05,1
25.481,-1.1582e-05,1
25.481,6.1936e-05,1
25.482,0.00012236,1
25.482,0.00016097,1
25.483,0.00018178,1
25.483,0.00017356,1
25.484,0.00013948,1
25.484,0.00011431,1
25.485,0.00011196,1
25.485,0.00012673,1
25.486,0.00014418,1
25.486,0.00015795,1
25.487,0.00016231,1
25.487,0.00014888,1
25.488,0.00011766,1
25.489,7.4189e-05,1
25.489,3.2563e-05,1
25.49,-6.8818e-06,1
25.49,-5.5055e-05,1
25.491,-0.00010457,1
25.491,-0.00013462,1
25.492,-0.00013042,1
25.492,-9.7856e-05,1
25.493,-6.1265e-05,1
25.493,-3.5752e-05,1
25.494,-1.5442e-05,1
25.494,1.326e-05,1
25.495,4.4144e-05,1
25.495,5.9922e-05,1
25.496,4.1123e-05,1
25.496,-1.4099e-05,1
25.497,-6.5797e-05,1
25.497,-7.7211e-05,1
25.498,-6.8482e-05,1
25.498,-6.5293e-05,1
25.499,-6.3279e-05,1
25.499,-5.5894e-05,1
25.5,-4.7166e-05,1
25.5,-3.1891e-05,1
25.501,9.9031e-06,1
25.502,8.5771e-05,1
25.502,0.00017641,1
25.503,0.00025463,1
25.503,0.00030649,1
25.504,0.0003174,1
25.504,0.00027712,1
25.505,0.00020964,1
25.505,0.00015291,1
25.506,0.00012018,1
25.506,9.9702e-05,1
25.507,7.8553e-05,1
25.507,4.9683e-05,1
25.508,9.5674e-06,1
25.508,-3.743e-05,1
25.509,-7.6036e-05,1
25.509,-0.00010759,1
25.51,-0.00015996,1
25.51,-0.00022828,1
25.511,-0.00028333,1
25.511,-0.00029139,1
25.512,-0.00024976,1
25.512,-0.00019118,1
25.513,-0.00014099,1
25.513,-9.5338e-05,1
25.514,-4.8173e-05,1
25.514,8.3925e-06,1
25.515,8.0232e-05,1
25.516,0.00015996,1
25.516,0.00023281,1
25.517,0.0002798,1
25.517,0.00029525,1
25.518,0.00028837,1
25.518,0.00026017,1
25.519,0.00021199,1
25.519,0.0001556,1
25.52,0.00010507,1
25.52,6.949e-05,1
25.521,4.6494e-05,1
25.521,3.2059e-05,1
25.522,3.3738e-05,1
25.522,3.743e-05,1
25.523,2.8367e-05,1
25.523,2.5177e-06,1
25.524,-3.0716e-05,1
25.524,-6.0594e-05,1
25.525,-8.4764e-05,1
25.525,-9.6178e-05,1
25.526,-7.7714e-05,1
25.526,-4.3473e-05,1
25.527,-2.1988e-05,1
25.527,-1.9638e-05,1
25.528,-2.8702e-05,1
25.529,-3.8437e-05,1
25.529,-4.1123e-05,1
25.53,-3.4577e-05,1
25.53,-2.182e-05,1
25.531,-6.5461e-06,1
25.531,8.5603e-06,1
25.532,1.9638e-05,1
25.532,1.5946e-05,1
25.533,-1.8631e-05,1
25.533,-7.0665e-05,1
25.534,-0.00011263,1
25.534,-0.00013747,1
25.535,-0.00014049,1
25.535,-0.00012186,1
25.536,-8.7114e-05,1
25.536,-4.8844e-05,1
25.537,-1.5946e-05,1
25.537,7.2175e-06,1
25.538,2.6352e-05,1
25.538,5.8915e-05,1
25.539,0.0001039,1
25.539,0.00015291,1
25.54,0.00019185,1
25.54,0.00019655,1
25.541,0.00017423,1
25.541,0.00014754,1
25.542,0.00011917,1
25.543,8.7449e-05,1
25.543,6.0258e-05,1
25.544,3.6759e-05,1
25.544,1.5106e-06,1
25.545,-4.3305e-05,1
25.545,-7.1504e-05,1
25.546,-6.8147e-05,1
25.546,-4.7333e-05,1
25.547,-2.6352e-05,1
25.547,-1.2924e-05,1
25.548,-2.8534e-06,1
25.548,1.7288e-05,1
25.549,4.7837e-05,1
25.549,7.3686e-05,1
25.55,8.9128e-05,1
25.55,8.1743e-05,1
25.551,3.8437e-05,1
25.551,-2.266e-05,1
25.552,-7.1839e-05,1
25.552,-9.8863e-05,1
25.553,-0.00013596,1
25.553,-0.00018077,1
25.554,-0.00020075,1
25.554,-0.00018279,1
25.555,-0.00012236,1
25.555,-2.5681e-05,1
25.556,8.426e-05,1
25.557,0.00016667,1
25.557,0.00020797,1
25.558,0.00022509,1
25.558,0.00023549,1
25.559,0.00023314,1
25.559,0.00021132,1
25.56,0.00017977,1
25.56,0.00013629,1
25.561,7.0329e-05,1
25.561,-5.2033e-06,1
25.562,-5.8244e-05,1
25.562,-7.5364e-05,1
25.563,-6.9154e-05,1
25.563,-4.0452e-05,1
25.564,2.5849e-05,1
25.564,0.00012035,1
25.565,0.00018833,1
25.565,0.0001937,1
25.566,0.00014754,1
25.566,7.805e-05,1
25.567,1.8631e-05,1
25.567,-1.6617e-05,1
25.568,-3.1052e-05,1
25.568,-3.7934e-05,1
25.569,-5.388e-05,1
25.57,-8.7282e-05,1
25.57,-0.00012538,1
25.571,-0.00014871,1
25.571,-0.00016802,1
25.572,-0.00018698,1
25.572,-0.00016802,1
25.573,-9.6681e-05,1
25.573,-6.2104e-06,1
25.574,6.0761e-05,1
25.574,9.4835e-05,1
25.575,0.00012152,1
25.575,0.00016634,1
25.576,0.00023801,1
25.576,0.00030179,1
25.577,0.00031136,1
25.577,0.00026839,1
25.578,0.00020931,1
25.578,0.00014804,1
25.579,8.51e-05,1
25.579,3.5416e-05,1
25.58,7.2175e-06,1
25.58,-4.3641e-06,1
25.581,-9.7353e-06,1
25.581,-2.031e-05,1
25.582,-4.2802e-05,1
25.582,-7.5029e-05,1
25.583,-9.8527e-05,1
25.584,-0.00010423,1
25.584,-0.00010591,1
25.585,-0.00011565,1
25.585,-0.00012773,1
25.586,-0.00012639,1
25.586,-0.00011028,1
25.587,-9.2485e-05,1
25.587,-8.8792e-05,1
25.588,-9.5674e-05,1
25.588,-9.6513e-05,1
25.589,-7.9057e-05,1
25.589,-4.5151e-05,1
25.59,-2.5177e-06,1
25.59,4.1291e-05,1
25.591,7.7546e-05,1
25.591,9.6345e-05,1
25.592,9.4331e-05,1
25.592,7.6371e-05,1
25.593,5.4887e-05,1
25.593,4.2802e-05,1
25.594,4.7669e-05,1
25.594,6.0594e-05,1
25.595,6.9322e-05,1
25.595,6.8818e-05,1
25.596,6.2272e-05,1
25.597,5.304e-05,1
25.597,4.4144e-05,1
25.598,3.7934e-05,1
25.598,3.592e-05,1
25.599,3.6088e-05,1
25.599,3.508e-05,1
25.6,2.8534e-05,1
25.6,1.9303e-05,1
25.601,1.5106e-05,1
25.601,1.3931e-05,1
25.602,1.0575e-05,1
25.602,4.8676e-06,1
25.603,5.0355e-07,1
25.603,5.0355e-07,1
25.604,3.8605e-06,1
25.604,1.1414e-05,1
25.605,2.9038e-05,1
25.605,5.4719e-05,1
25.606,6.7643e-05,1
25.606,5.2201e-05,1
25.607,9.2317e-06,1
25.607,-4.2634e-05,1
25.608,-8.5771e-05,1
25.608,-0.00011028,1
25.609,-0.00011128,1
25.61,-9.0806e-05,1
25.61,-5.8579e-05,1
25.611,-2.4002e-05,1
25.611,5.2033e-06,1
25.612,2.2492e-05,1
25.612,3.4241e-05,1
25.613,5.6565e-05,1
25.613,9.1478e-05,1
25.614,0.0001227,1
25.614,0.00013948,1
25.615,0.00014569,1
25.615,0.00014049,1
25.616,0.00012723,1
25.616,0.00012169,1
25.617,0.00012387,1
25.617,0.00011615,1
25.618,8.7114e-05,1
25.618,4.3305e-05,1
25.619,1.1749e-05,1
25.619,5.0355e-07,1
25.62,-7.0497e-06,1
25.62,-2.8199e-05,1
25.621,-6.7643e-05,1
25.621,-0.00010961,1
25.622,-0.00013075,1
25.622,-0.00012824,1
25.623,-0.0001138,1
25.624,-9.0471e-05,1
25.624,-5.304e-05,1
25.625,-9.0639e-06,1
25.625,9.3996e-06,1
25.626,4.1962e-06,1
25.626,9.2317e-06,1
25.627,3.4577e-05,1
25.627,6.5629e-05,1
25.628,9.0135e-05,1
25.628,0.00010977,1
25.629,0.00012253,1
25.629,0.00011565,1
25.63,7.9561e-05,1
25.63,3.3066e-05,1
25.631,1.1749e-06,1
25.631,-1.091e-05,1
25.632,-9.9031e-06,1
25.632,3.8605e-06,1
25.633,2.9709e-05,1
25.633,4.9851e-05,1
25.634,5.8579e-05,1
25.634,5.8915e-05,1
25.635,6.1601e-05,1
25.635,7.2343e-05,1
25.636,8.3925e-05,1
25.637,8.8457e-05,1
25.637,8.0064e-05,1
25.638,5.7237e-05,1
25.638,2.8702e-05,1
25.639,-3.6927e-06,1
25.639,-4.1794e-05,1
25.64,-8.0735e-05,1
25.64,-0.00010239,1
25.641,-9.8863e-05,1
25.641,-8.51e-05,1
25.642,-9.6849e-05,1
25.642,-0.00013864,1
25.643,-0.00015744,1
25.643,-0.00012605,1
25.644,-6.2272e-05,1
25.644,5.2033e-06,1
25.645,6.1433e-05,1
25.645,0.00011733,1
25.646,0.00017574,1
25.646,0.00021921,1
25.647,0.00023348,1
25.647,0.00022945,1
25.648,0.00022727,1
25.648,0.00022458,1
25.649,0.00020041,1
25.649,0.00014553,1
25.65,6.9322e-05,1
25.651,-2.7359e-05,1
25.651,-0.00011968,1
25.652,-0.0001509,1
25.652,-0.00011145,1
25.653,-4.9012e-05,1
25.653,-4.5319e-06,1
25.654,1.091e-05,1
25.654,3.5248e-06,1
25.655,-2.8534e-06,1
25.655,1.5946e-05,1
25.656,5.8579e-05,1
25.656,0.00011229,1
25.657,0.00016449,1
25.657,0.0001791,1
25.658,0.00011699,1
25.658,6.8818e-06,1
25.659,-8.0232e-05,1
25.659,-0.00011682,1
25.66,-0.0001274,1
25.66,-0.00013243,1
25.661,-0.00012706,1
25.661,-0.00010323,1
25.662,-7.2679e-05,1
25.662,-4.9851e-05,1
25.663,-3.9948e-05,1
25.663,-4.4816e-05,1
25.664,-6.1936e-05,1
25.665,-7.6036e-05,1
25.665,-7.8721e-05,1
25.666,-7.1336e-05,1
25.666,-4.8844e-05,1
25.667,-9.3996e-06,1
25.667,3.2395e-05,1
25.668,6.0258e-05,1
25.668,7.335e-05,1
25.669,8.4764e-05,1
25.669,0.0001185,1
25.67,0.00017507,1
25.67,0.00022811,1
25.671,0.00025631,1
25.671,0.00026436,1
25.672,0.00025429,1
25.672,0.00022811,1
25.673,0.00018312,1
25.673,0.00011716,1
25.674,4.2466e-05,1
25.674,-2.2324e-05,1
25.675,-6.8315e-05,1
25.675,-0.00010105,1
25.676,-0.00012639,1
25.676,-0.00014502,1
25.677,-0.00014855,1
25.678,-0.00013512,1
25.678,-0.00011431,1
25.679,-9.3996e-05,1
25.679,-7.5029e-05,1
25.68,-4.918e-05,1
25.68,-1.5946e-05,1
25.681,1.1917e-05,1
25.681,2.6017e-05,1
25.682,3.4577e-05,1
25.682,5.1698e-05,1
25.683,7.3014e-05,1
25.683,8.5435e-05,1
25.684,7.6371e-05,1
25.684,4.8173e-05,1
25.685,2.182e-05,1
25.685,3.5248e-06,1
25.686,-1.2253e-05,1
25.686,-3.2059e-05,1
25.687,-4.8508e-05,1
25.687,-5.1194e-05,1
25.688,-3.9948e-05,1
25.688,-2.2995e-05,1
25.689,-5.2033e-06,1
25.689,1.7456e-05,1
25.69,5.1362e-05,1
25.691,9.3156e-05,1
25.691,0.00012857,1
25.692,0.00014888,1
25.692,0.00015241,1
25.693,0.00013948,1
25.693,0.00010994,1
25.694,6.9993e-05,1
25.694,3.0716e-05,1
25.695,-1.6785e-07,1
25.695,-1.7288e-05,1
25.696,-2.5681e-05,1
25.696,-3.8102e-05,1
25.697,-4.7501e-05,1
25.697,-4.213e-05,1
25.698,-3.6423e-05,1
25.698,-4.8508e-05,1
25.699,-7.7379e-05,1
25.699,-0.00010121,1
25.7,-9.6513e-05,1
25.7,-6.8818e-05,1
25.701,-4.1123e-05,1
25.701,-2.9709e-05,1
25.702,-3.2563e-05,1
25.702,-3.1052e-05,1
25.703,-1.0239e-05,1
25.703,2.1317e-05,1
25.704,4.9348e-05,1
25.705,6.9657e-05,1
25.705,8.9632e-05,1
25.706,0.00010994,1
25.706,0.00012068,1
25.707,0.00011313,1
25.707,0.00010054,1
25.708,0.00011078,1
25.708,0.00014788,1
25.709,0.0001744,1
25.709,0.00015996,1
25.71,0.00011313,1
25.71,6.2943e-05,1
25.711,2.8702e-05,1
25.711,1.0071e-05,1
25.712,3.1891e-06,1
25.712,6.8818e-06,1
25.713,1.6953e-05,1
25.713,2.6688e-05,1
25.714,3.3402e-05,1
25.714,1.5274e-05,1
25.715,-5.5222e-05,1
25.715,-0.0001373,1
25.716,-0.00017406,1
25.716,-0.00015258,1
25.717,-9.7688e-05,1
25.718,-4.4312e-05,1
25.718,-1.1414e-05,1
25.719,6.5461e-06,1
25.719,2.501e-05,1
25.72,5.0858e-05,1
25.72,7.5029e-05,1
25.721,8.4092e-05,1
25.721,8.0232e-05,1
25.722,7.0832e-05,1
25.722,5.9251e-05,1
25.723,4.8508e-05,1
25.723,3.6759e-05,1
25.724,2.4338e-05,1
25.724,3.5248e-06,1
25.725,-3.2731e-05,1
25.725,-7.0497e-05,1
25.726,-8.8792e-05,1
25.726,-8.275e-05,1
25.727,-6.6133e-05,1
25.727,-4.4648e-05,1
25.728,-1.796e-05,1
25.728,8.896e-06,1
25.729,3.8773e-05,1
25.729,7.7714e-05,1
25.73,0.00012673,1
25.73,0.00017842,1
25.731,0.00021871,1
25.732,0.00023717,1
25.732,0.00023012,1
25.733,0.00020528,1
25.733,0.00016634,1
25.734,0.00011061,1
25.734,4.9851e-05,1
25.735,3.8605e-06,1
25.735,-2.2995e-05,1
25.736,-3.8102e-05,1
25.736,-4.5991e-05,1
25.737,-4.8005e-05,1
25.737,-4.7333e-05,1
25.738,-4.1123e-05,1
25.738,-2.6352e-05,1
25.739,-1.1078e-05,1
25.739,-6.3783e-06,1
25.74,-8.3925e-06,1
25.74,-4.1962e-06,1
25.741,4.8676e-06,1
25.741,1.2924e-05,1
25.742,1.5946e-05,1
25.742,1.1917e-05,1
25.743,1.6785e-06,1
25.743,-9.9031e-06,1
25.744,-1.5778e-05,1
25.744,-1.6281e-05,1
25.745,-3.4577e-05,1
25.746,-8.275e-05,1
25.746,-0.00013445,1
25.747,-0.00014569,1
25.747,-0.00011212,1
25.748,-6.9322e-05,1
25.748,-5.0523e-05,1
25.749,-6.479e-05,1
25.749,-9.1814e-05,1
25.75,-0.00010491,1
25.75,-9.2821e-05,1
25.751,-5.2201e-05,1
25.751,9.5674e-06,1
25.752,7.5029e-05,1
25.752,0.00013713,1
25.753,0.00018682,1
25.753,0.0002083,1
25.754,0.00020092,1
25.754,0.00018245,1
25.755,0.00016986,1
25.755,0.00014871,1
25.756,0.00010625,1
25.756,5.3544e-05,1
25.757,1.0407e-05,1
25.757,-7.2175e-06,1
25.758,5.0355e-07,1
25.759,1.3596e-05,1
25.759,1.1749e-05,1
25.76,-7.2175e-06,1
25.76,-3.2395e-05,1
25.761,-4.3473e-05,1
25.761,-3.1724e-05,1
25.762,3.357e-06,1
25.762,4.8173e-05,1
25.763,7.1672e-05,1
25.763,6.6972e-05,1
25.764,4.9516e-05,1
25.764,3.2395e-05,1
25.765,1.7288e-05,1
25.765,4.5319e-06,1
25.766,3.357e-07,1
25.766,1.1917e-05,1
25.767,3.4073e-05,1
25.767,5.8747e-05,1
25.768,7.6036e-05,1
25.768,7.0665e-05,1
25.769,4.7166e-05,1
25.769,2.9374e-05,1
25.77,2.1988e-05,1
25.77,1.0575e-05,1
25.771,5.0355e-07,1
25.771,4.5319e-06,1
25.772,7.8889e-06,1
25.773,1.8463e-06,1
25.773,-9.7353e-06,1
25.774,-2.1988e-05,1
25.774,-3.6591e-05,1
25.775,-5.0355e-05,1
25.775,-5.6901e-05,1
25.776,-4.0787e-05,1
25.776,-1.0071e-05,1
25.777,4.8676e-06,1
25.777,-4.5319e-06,1
25.778,-2.0478e-05,1
25.778,-2.3835e-05,1
25.779,-9.2317e-06,1
25.779,1.796e-05,1
25.78,5.1194e-05,1
25.78,8.4428e-05,1
25.781,0.00010726,1
25.781,0.00011179,1
25.782,9.8527e-05,1
25.782,7.0832e-05,1
25.783,3.743e-05,1
25.783,8.5603e-06,1
25.784,-1.1582e-05,1
25.784,-2.7863e-05,1
25.785,-4.213e-05,1
25.786,-4.9348e-05,1
25.786,-4.8508e-05,1
25.787,-3.9948e-05,1
25.787,-2.501e-05,1
25.788,-5.539e-06,1
25.788,1.4435e-05,1
25.789,3.6088e-05,1
25.789,6.2272e-05,1
25.79,8.426e-05,1
25.79,9.1814e-05,1
25.791,8.5771e-05,1
25.791,6.3615e-05,1
25.792,2.3667e-05,1
25.792,-1.9303e-05,1
25.793,-4.7166e-05,1
25.793,-5.5222e-05,1
25.794,-5.0355e-05,1
25.794,-4.3977e-05,1
25.795,-3.6423e-05,1
25.795,-2.2324e-05,1
25.796,-5.0355e-06,1
25.796,1.0407e-05,1
25.797,2.8367e-05,1
25.797,5.1362e-05,1
25.798,7.8889e-05,1
25.799,0.00010591,1
25.799,0.00012136,1
25.8,0.00011917,1
25.8,0.00010893,1
25.801,9.9702e-05,1
25.801,9.2317e-05,1
25.802,7.9728e-05,1
25.802,5.8747e-05,1
25.803,3.6088e-05,1
25.803,2.1317e-05,1
25.804,1.6785e-05,1
25.804,1.326e-05,1
25.805,8.5603e-06,1
25.805,5.3712e-06,1
25.806,4.1962e-06,1
25.806,9.2317e-06,1
25.807,3.2227e-05,1
25.807,6.1936e-05,1
25.808,7.5868e-05,1
25.808,5.9586e-05,1
25.809,2.1149e-05,1
25.809,-2.0645e-05,1
25.81,-4.9012e-05,1
25.81,-5.7572e-05,1
25.811,-5.1865e-05,1
25.811,-4.062e-05,1
25.812,-2.7359e-05,1
25.813,-1.561e-05,1
25.813,-8.2246e-06,1
25.814,-1.0407e-05,1
25.814,-2.9374e-05,1
25.815,-4.8508e-05,1
25.815,-4.3809e-05,1
25.816,-2.031e-05,1
25.816,-2.1317e-05,1
25.817,-5.6565e-05,1
25.817,-8.1071e-05,1
25.818,-8.4428e-05,1
25.818,-8.275e-05,1
25.819,-7.9225e-05,1
25.819,-6.4286e-05,1
25.82,-3.0381e-05,1
25.82,1.5274e-05,1
25.821,6.1601e-05,1
25.821,0.00010675,1
25.822,0.00015224,1
25.822,0.0001937,1
25.823,0.0002172,1
25.823,0.00021065,1
25.824,0.00017641,1
25.824,0.00013411,1
25.825,0.00010591,1
25.826,8.9128e-05,1
25.826,7.2007e-05,1
25.827,5.2201e-05,1
25.827,3.6423e-05,1
25.828,2.9038e-05,1
25.828,2.7695e-05,1
25.829,2.5345e-05,1
25.829,1.7121e-05,1
25.83,2.5177e-06,1
25.83,-8.896e-06,1
25.831,-1.1917e-05,1
25.831,-7.3854e-06,1
25.832,-2.0142e-06,1
25.832,-3.357e-07,1
25.833,-5.2033e-06,1
25.833,-1.3596e-05,1
25.834,-1.8296e-05,1
25.834,-1.561e-05,1
25.835,-9.3996e-06,1
25.835,-5.539e-06,1
25.836,-3.357e-06,1
25.836,4.0284e-06,1
25.837,1.6449e-05,1
25.837,2.2492e-05,1
25.838,1.6617e-05,1
25.838,2.5177e-06,1
25.839,-8.3925e-06,1
25.84,-9.9031e-06,1
25.84,-2.3499e-06,1
25.841,6.2104e-06,1
25.841,2.182e-06,1
25.842,-9.2317e-06,1
25.842,-1.3596e-05,1
25.843,-1.091e-05,1
25.843,-6.5461e-06,1
25.844,-1.3428e-06,1
25.844,1.6785e-07,1
25.845,-1.0407e-05,1
25.845,-3.357e-05,1
25.846,-6.479e-05,1
25.846,-9.7185e-05,1
25.847,-0.00012186,1
25.847,-0.0001274,1
25.848,-0.00011246,1
25.848,-8.9632e-05,1
25.849,-7.7714e-05,1
25.849,-7.8218e-05,1
25.85,-7.3854e-05,1
25.85,-5.153e-05,1
25.851,3.0213e-06,1
25.851,9.6178e-05,1
25.852,0.00021317,1
25.852,0.00031791,1
25.853,0.00037397,1
25.854,0.00036675,1
25.854,0.0003174,1
25.855,0.00026571,1
25.855,0.00022676,1
25.856,0.00019588,1
25.856,0.00016869,1
25.857,0.00013881,1
25.857,9.8863e-05,1
25.858,5.3376e-05,1
25.858,1.2757e-05,1
25.859,-1.3764e-05,1
25.859,-2.6352e-05,1
25.86,-3.122e-05,1
25.86,-3.508e-05,1
25.861,-4.1962e-05,1
25.861,-5.1865e-05,1
25.862,-5.6901e-05,1
25.862,-5.539e-05,1
25.863,-5.1194e-05,1
25.863,-4.8005e-05,1
25.864,-4.8508e-05,1
25.864,-4.9012e-05,1
25.865,-5.1865e-05,1
25.865,-5.8747e-05,1
25.866,-5.6733e-05,1
25.867,-4.3137e-05,1
25.867,-3.508e-05,1
25.868,-4.213e-05,1
25.868,-4.9348e-05,1
25.869,-5.3544e-05,1
25.869,-6.2272e-05,1
25.87,-8.5771e-05,1
25.87,-0.00012236,1
25.871,-0.00014166,1
25.871,-0.00012924,1
25.872,-9.4499e-05,1
25.872,-5.0355e-05,1
25.873,-7.5532e-06,1
25.873,2.6184e-05,1
25.874,4.8005e-05,1
25.874,5.8412e-05,1
25.875,5.7908e-05,1
25.875,5.8915e-05,1
25.876,8.0735e-05,1
25.876,0.00012001,1
25.877,0.00015492,1
25.877,0.00017372,1
25.878,0.00018178,1
25.878,0.00017876,1
25.879,0.00016332,1
25.88,0.00014183,1
25.88,0.00012404,1
25.881,0.0001133,1
25.881,0.00010491,1
25.882,8.8792e-05,1
25.882,6.479e-05,1
25.883,4.0116e-05,1
25.883,1.8296e-05,1
25.884,2.3499e-06,1
25.884,-2.8534e-06,1
25.885,-1.5106e-06,1
25.885,-4.6998e-06,1
25.886,-1.3596e-05,1
25.886,-1.9135e-05,1
25.887,-2.1317e-05,1
25.887,-2.6017e-05,1
25.888,-2.9709e-05,1
25.888,-2.3331e-05,1
25.889,-7.8889e-06,1
25.889,5.0355e-06,1
25.89,9.5674e-06,1
25.89,1.3092e-05,1
25.891,2.2156e-05,1
25.891,3.122e-05,1
25.892,2.8367e-05,1
25.892,1.0575e-05,1
25.893,-8.2246e-06,1
25.894,-1.9303e-05,1
25.894,-2.9709e-05,1
25.895,-4.9348e-05,1
25.895,-8.275e-05,1
25.896,-0.00012085,1
25.896,-0.0001415,1
25.897,-0.00013814,1
25.897,-0.00012924,1
25.898,-0.00012337,1
25.898,-0.00011263,1
25.899,-9.5842e-05,1
25.899,-7.7211e-05,1
25.9,-5.6565e-05,1
25.9,-3.1556e-05,1
25.901,-2.8534e-06,1
25.901,2.8031e-05,1
25.902,7.2175e-05,1
25.902,0.00013613,1
25.903,0.00019303,1
25.903,0.00021065,1
25.904,0.00019823,1
25.904,0.0001791,1
25.905,0.00015996,1
25.905,0.00013848,1
25.906,0.00010977,1
25.907,7.5868e-05,1
25.907,4.6159e-05,1
25.908,2.9206e-05,1
25.908,2.031e-05,1
25.909,9.2317e-06,1
25.909,-7.0497e-06,1
25.91,-2.0981e-05,1
25.91,-2.501e-05,1
25.911,-2.2492e-05,1
25.911,-2.031e-05,1
25.912,-2.0645e-05,1
25.912,-2.0645e-05,1
25.913,-1.6953e-05,1
25.913,-1.6953e-05,1
25.914,-3.3738e-05,1
25.914,-5.6062e-05,1
25.915,-6.0594e-05,1
25.915,-4.2802e-05,1
25.916,-1.9806e-05,1
25.916,-5.2033e-06,1
25.917,2.5177e-06,1
25.917,6.714e-06,1
25.918,9.2317e-06,1
25.918,1.8631e-05,1
25.919,4.3305e-05,1
25.919,9.8192e-05,1
25.92,0.00016265,1
25.921,0.00019521,1
25.921,0.00017574,1
25.922,0.000118,1
25.922,5.623e-05,1
25.923,1.6785e-05,1
25.923,4.5319e-06,1
25.924,1.4603e-05,1
25.924,3.3402e-05,1
25.925,4.6662e-05,1
25.925,4.4144e-05,1
25.926,1.4267e-05,1
25.926,-3.9445e-05,1
25.927,-8.9464e-05,1
25.927,-0.00010776,1
25.928,-9.2149e-05,1
25.928,-6.479e-05,1
25.929,-3.7766e-05,1
25.929,-7.7211e-06,1
25.93,3.0045e-05,1
25.93,6.3615e-05,1
25.931,7.6371e-05,1
25.931,6.8147e-05,1
25.932,5.1865e-05,1
25.932,3.7095e-05,1
25.933,2.182e-05,1
25.933,7.7211e-06,1
25.934,-2.182e-06,1
25.935,-8.896e-06,1
25.935,-1.1917e-05,1
25.936,-2.2995e-05,1
25.936,-7.1504e-05,1
25.937,-0.00013008,1
25.937,-0.0001284,1
25.938,-5.9922e-05,1
25.938,4.2802e-05,1
25.939,0.00014267,1
25.939,0.00020562,1
25.94,0.00022525,1
25.94,0.00021468,1
25.941,0.00019017,1
25.941,0.00017171,1
25.942,0.00017339,1
25.942,0.00018782,1
25.943,0.00019571,1
25.943,0.00018346,1
25.944,0.0001566,1
25.944,0.00012337,1
25.945,8.5771e-05,1
25.945,4.5655e-05,1
25.946,6.5461e-06,1
25.946,-2.4674e-05,1
25.947,-4.3809e-05,1
25.948,-5.4551e-05,1
25.948,-6.0929e-05,1
25.949,-6.479e-05,1
25.949,-6.3279e-05,1
25.95,-5.9922e-05,1
25.95,-6.4118e-05,1
25.951,-8.426e-05,1
25.951,-0.00012303,1
25.952,-0.0001561,1
25.952,-0.00016735,1
25.953,-0.00016013,1
25.953,-0.00014116,1
25.954,-0.00011649,1
25.954,-8.6946e-05,1
25.955,-4.8173e-05,1
25.955,6.714e-07,1
25.956,4.9683e-05,1
25.956,9.3324e-05,1
25.957,0.00013931,1
25.957,0.00018379,1
25.958,0.00020662,1
25.958,0.00018849,1
25.959,0.00013529,1
25.959,7.3014e-05,1
25.96,1.9974e-05,1
25.96,-1.5106e-05,1
25.961,-3.1388e-05,1
25.962,-3.5752e-05,1
25.962,-3.508e-05,1
25.963,-3.5248e-05,1
25.963,-3.508e-05,1
25.964,-3.1891e-05,1
25.964,-2.7527e-05,1
25.965,-1.8967e-05,1
25.965,-2.6856e-06,1
25.966,2.5681e-05,1
25.966,5.8244e-05,1
25.967,7.9728e-05,1
25.967,8.1743e-05,1
25.968,4.918e-05,1
25.968,-1.0742e-05,1
25.969,-6.1936e-05,1
25.969,-8.3421e-05,1
25.97,-8.04e-05,1
25.97,-6.7811e-05,1
25.971,-5.8244e-05,1
25.971,-5.1865e-05,1
25.972,-3.8605e-05,1
25.972,-8.896e-06,1
25.973,4.1794e-05,1
25.973,9.3828e-05,1
25.974,0.00013478,1
25.975,0.000166,1
25.975,0.00018161,1
25.976,0.00017607,1
25.976,0.00015258,1
25.977,0.00012169,1
25.977,9.752e-05,1
25.978,7.7546e-05,1
25.978,3.8605e-05,1
25.979,-2.7695e-05,1
25.979,-0.00010306,1
25.98,-0.000166,1
25.98,-0.00020964,1
25.981,-0.00023801,1
25.981,-0.00024053,1
25.982,-0.00020226,1
25.982,-0.00012908,1
25.983,-3.7598e-05,1
25.983,4.7501e-05,1
25.984,0.00010004,1
25.984,0.00012102,1
25.985,0.00013445,1
25.985,0.000142,1
25.986,0.00011397,1
25.986,5.304e-05,1
25.987,-1.6785e-07,1
25.988,-4.3641e-06,1
25.988,3.2731e-05,1
25.989,8.3085e-05,1
25.989,0.00012706,1
25.99,0.00014485,1
25.99,0.00014569,1
25.991,0.00014905,1
25.991,0.00014788,1
25.992,0.00013075,1
25.992,9.987e-05,1
25.993,6.9993e-05,1
25.993,4.9012e-05,1
25.994,2.5513e-05,1
25.994,-1.6785e-06,1
25.995,-1.5106e-05,1
25.995,4.6998e-06,1
25.996,4.8173e-05,1
25.996,8.5603e-05,1
25.997,0.00010491,1
25.997,0.00010625,1
25.998,8.9296e-05,1
25.998,6.0594e-05,1
25.999,3.5248e-05,1
25.999,1.8631e-05,1
26,5.2033e-06,1
26,-1.6785e-06,1
26.001,-3.1891e-06,1
26.002,-1.4603e-05,1
26.002,-3.508e-05,1
26.003,-4.213e-05,1
26.003,-3.5752e-05,1
26.004,-3.0716e-05,1
26.004,-3.508e-05,1
26.005,-3.9612e-05,1
26.005,-3.7095e-05,1
26.006,-3.5752e-05,1
26.006,-4.5487e-05,1
26.007,-6.1936e-05,1
26.007,-7.3518e-05,1
26.008,-6.9657e-05,1
26.008,-4.0116e-05,1
26.009,2.8534e-06,1
26.009,3.0716e-05,1
26.01,2.9038e-05,1
26.01,8.3925e-06,1
26.011,-1.561e-05,1
26.011,-3.2395e-05,1
26.012,-3.9445e-05,1
26.012,-3.7766e-05,1
26.013,-2.9709e-05,1
26.013,-1.8128e-05,1
26.014,-8.2246e-06,1
26.015,-4.1962e-06,1
26.015,-1.0407e-05,1
26.016,-2.6352e-05,1
26.016,-3.7263e-05,1
26.017,-4.0116e-05,1
26.017,-3.7263e-05,1
26.018,-2.3163e-05,1
26.018,-1.1749e-06,1
26.019,1.8631e-05,1
26.019,3.1388e-05,1
26.02,4.2466e-05,1
26.02,5.7572e-05,1
26.021,7.9393e-05,1
26.021,0.0001086,1
26.022,0.00013176,1
26.022,0.00013445,1
26.023,0.000118,1
26.023,9.1142e-05,1
26.024,6.0594e-05,1
26.024,3.1556e-05,1
26.025,1.326e-05,1
26.025,4.0284e-06,1
26.026,-3.8605e-06,1
26.026,-1.4267e-05,1
26.027,-2.3835e-05,1
26.027,-2.3835e-05,1
26.028,-1.2757e-05,1
26.029,4.1962e-06,1
26.029,1.5946e-05,1
26.03,1.5106e-05,1
26.03,1.0407e-05,1
26.031,1.2757e-05,1
26.031,1.9974e-05,1
26.032,2.652e-05,1
26.032,3.2059e-05,1
26.033,3.6591e-05,1
26.033,3.0213e-05,1
26.034,6.5461e-06,1
26.034,-1.326e-05,1
26.035,-9.5674e-06,1
26.035,1.3596e-05,1
26.036,4.0452e-05,1
26.036,6.3615e-05,1
26.037,8.2246e-05,1
26.037,9.1646e-05,1
26.038,8.8457e-05,1
26.038,7.6371e-05,1
26.039,6.3615e-05,1
26.039,5.8915e-05,1
26.04,6.7643e-05,1
26.04,8.3421e-05,1
26.041,9.2485e-05,1
26.041,8.3757e-05,1
26.042,5.9251e-05,1
26.043,3.1388e-05,1
26.043,1.3428e-05,1
26.044,9.2317e-06,1
26.044,1.1917e-05,1
26.045,1.4603e-05,1
26.045,1.9303e-05,1
26.046,2.4842e-05,1
26.046,1.9135e-05,1
26.047,-8.2246e-06,1
26.047,-4.3977e-05,1
26.048,-6.9825e-05,1
26.048,-7.6539e-05,1
26.049,-7.4693e-05,1
26.049,-8.1071e-05,1
26.05,-9.0974e-05,1
26.05,-8.9799e-05,1
26.051,-7.8218e-05,1
26.051,-6.4118e-05,1
26.052,-5.1194e-05,1
26.052,-3.6088e-05,1
26.053,-1.8463e-05,1
26.053,-5.3712e-06,1
26.054,-8.3925e-07,1
26.054,-5.2033e-06,1
26.055,-8.2246e-06,1
26.056,1.8631e-05,1
26.056,8.0735e-05,1
26.057,0.0001368,1
26.057,0.00015862,1
26.058,0.00015023,1
26.058,0.00012924,1
26.059,0.00011313,1
26.059,0.00010188,1
26.06,8.6778e-05,1
26.06,6.0426e-05,1
26.061,4.062e-05,1
26.061,4.8173e-05,1
26.062,7.3014e-05,1
26.062,8.6107e-05,1
26.063,7.805e-05,1
26.063,6.0929e-05,1
26.064,4.683e-05,1
26.064,3.9948e-05,1
26.065,3.5416e-05,1
26.065,2.8031e-05,1
26.066,2.031e-05,1
26.066,2.1317e-05,1
26.067,3.5752e-05,1
26.067,5.304e-05,1
26.068,5.5055e-05,1
26.069,3.6088e-05,1
26.069,6.5461e-06,1
26.07,-1.8296e-05,1
26.07,-2.1988e-05,1
26.071,-5.2033e-06,1
26.071,1.1917e-05,1
26.072,2.031e-05,1
26.072,2.1653e-05,1
26.073,2.7359e-05,1
26.073,3.6088e-05,1
26.074,4.0116e-05,1
26.074,3.9109e-05,1
26.075,3.7934e-05,1
26.075,3.7766e-05,1
26.076,3.508e-05,1
26.076,2.266e-05,1
26.077,2.5177e-06,1
26.077,-1.6281e-05,1
26.078,-3.0045e-05,1
26.078,-3.5752e-05,1
26.079,-2.6688e-05,1
26.079,-4.5319e-06,1
26.08,1.7792e-05,1
26.08,4.3473e-05,1
26.081,7.0161e-05,1
26.081,7.9561e-05,1
26.082,5.8747e-05,1
26.083,8.5603e-06,1
26.083,-6.7475e-05,1
26.084,-0.0001613,1
26.084,-0.00025278,1
26.085,-0.00030314,1
26.085,-0.00030481,1
26.086,-0.00027645,1
26.086,-0.00022609,1
26.087,-0.00015761,1
26.087,-8.5771e-05,1
26.088,-2.3331e-05,1
26.088,3.6423e-05,1
26.089,0.00010289,1
26.089,0.00017708,1
26.09,0.00025127,1
26.09,0.00030716,1
26.091,0.00030196,1
26.091,0.00020981,1
26.092,5.539e-05,1
26.092,-9.2149e-05,1
26.093,-0.00017272,1
26.093,-0.00017339,1
26.094,-0.00011481,1
26.094,-3.508e-05,1
26.095,3.0716e-05,1
26.096,7.7714e-05,1
26.096,0.00011934,1
26.097,0.00016835,1
26.097,0.00022911,1
26.098,0.0002976,1
26.098,0.00035198,1
26.099,0.00036608,1
26.099,0.00032982,1
26.1,0.00025429,1
26.1,0.0001707,1
26.101,0.00010222,1
26.101,4.8676e-05,1
26.102,5.2033e-06,1
26.102,-2.501e-05,1
26.103,-4.2802e-05,1
26.103,-5.1194e-05,1
26.104,-5.4047e-05,1
26.104,-5.5558e-05,1
26.105,-5.6733e-05,1
26.105,-5.7572e-05,1
26.106,-5.9251e-05,1
26.106,-6.0258e-05,1
26.107,-5.8747e-05,1
26.107,-5.3712e-05,1
26.108,-4.683e-05,1
26.108,-4.8508e-05,1
26.109,-5.9754e-05,1
26.11,-6.6636e-05,1
26.11,-5.2369e-05,1
26.111,-1.3092e-05,1
26.111,2.9038e-05,1
26.112,4.4648e-05,1
26.112,2.2995e-05,1
26.113,-2.2324e-05,1
26.113,-6.5461e-05,1
26.114,-9.1478e-05,1
26.114,-9.601e-05,1
26.115,-8.8792e-05,1
26.115,-8.3085e-05,1
26.116,-7.2007e-05,1
26.116,-5.3208e-05,1
26.117,-4.2466e-05,1
26.117,-4.0284e-05,1
26.118,-3.1891e-05,1
26.118,-7.2175e-06,1
26.119,2.652e-05,1
26.119,5.7237e-05,1
26.12,8.661e-05,1
26.12,0.00011615,1
26.121,0.00014821,1
26.121,0.0001749,1
26.122,0.00017641,1
26.122,0.00014821,1
26.123,0.00010457,1
26.124,6.1936e-05,1
26.124,2.6688e-05,1
26.125,-1.2757e-05,1
26.125,-6.7308e-05,1
26.126,-0.00012807,1
26.126,-0.0001707,1
26.127,-0.0001749,1
26.127,-0.00014301,1
26.128,-8.426e-05,1
26.128,-2.6856e-06,1
26.129,7.2007e-05,1
26.129,0.00010272,1
26.13,9.7353e-05,1
26.13,8.9799e-05,1
26.131,0.00010323,1
26.131,0.00012874,1
26.132,0.00014989,1
26.132,0.00015929,1
26.133,0.00015123,1
26.133,0.00011649,1
26.134,6.4622e-05,1
26.134,2.1317e-05,1
26.135,3.357e-07,1
26.135,3.5248e-06,1
26.136,2.6688e-05,1
26.137,4.9851e-05,1
26.137,5.2873e-05,1
26.138,3.8437e-05,1
26.138,1.9974e-05,1
26.139,-4.3641e-06,1
26.139,-3.592e-05,1
26.14,-5.2033e-05,1
26.14,-3.4073e-05,1
26.141,4.6998e-06,1
26.141,3.8102e-05,1
26.142,5.5726e-05,1
26.142,5.5222e-05,1
26.143,3.743e-05,1
26.143,1.4435e-05,1
26.144,-2.0142e-06,1
26.144,-1.0239e-05,1
26.145,-1.4267e-05,1
26.145,-1.4603e-05,1
26.146,-6.3783e-06,1
26.146,4.5319e-06,1
26.147,-3.357e-07,1
26.147,-2.0981e-05,1
26.148,-3.5248e-05,1
26.148,-3.3906e-05,1
26.149,-2.9709e-05,1
26.149,-2.6688e-05,1
26.15,-2.9374e-05,1
26.151,-3.4409e-05,1
26.151,-3.1052e-05,1
26.152,-2.417e-05,1
26.152,-2.3163e-05,1
26.153,-2.9038e-05,1
26.153,-3.6088e-05,1
26.154,-4.0787e-05,1
26.154,-3.7766e-05,1
26.155,-2.7863e-05,1
26.155,-1.8128e-05,1
26.156,-5.8747e-06,1
26.156,9.3996e-06,1
26.157,1.9303e-05,1
26.157,1.5946e-05,1
26.158,5.0355e-07,1
26.158,-1.561e-05,1
26.159,-1.2924e-05,1
26.159,2.6352e-05,1
26.16,7.8218e-05,1
26.16,0.00011128,1
26.161,0.00011565,1
26.161,0.00010356,1
26.162,9.3828e-05,1
26.162,0.0001039,1
26.163,0.00013109,1
26.164,0.0001566,1
26.164,0.00017372,1
26.165,0.00018363,1
26.165,0.00018547,1
26.166,0.000166,1
26.166,0.00012035,1
26.167,7.5364e-05,1
26.167,5.8915e-05,1
26.168,6.1601e-05,1
26.168,6.2943e-05,1
26.169,5.6901e-05,1
26.169,4.5487e-05,1
26.17,4.0955e-05,1
26.17,5.388e-05,1
26.171,6.8147e-05,1
26.171,5.9922e-05,1
26.172,2.4506e-05,1
26.172,-1.7288e-05,1
26.173,-4.7166e-05,1
26.173,-6.865e-05,1
26.174,-8.4428e-05,1
26.174,-8.7282e-05,1
26.175,-7.4693e-05,1
26.175,-5.2537e-05,1
26.176,-2.9709e-05,1
26.177,-8.896e-06,1
26.177,6.3783e-06,1
26.178,1.1414e-05,1
26.178,1.0575e-05,1
26.179,2.3499e-06,1
26.179,-1.1078e-05,1
26.18,-1.9806e-05,1
26.18,-2.5345e-05,1
26.181,-3.1891e-05,1
26.181,-2.9038e-05,1
26.182,-1.6617e-05,1
26.182,-7.0497e-06,1
26.183,-5.7069e-06,1
26.183,-8.896e-06,1
26.184,-1.2757e-05,1
26.184,-8.2246e-06,1
26.185,2.1653e-05,1
26.185,4.1627e-05,1
26.186,2.4674e-05,1
26.186,-4.8676e-06,1
26.187,-2.9038e-05,1
26.187,-4.5151e-05,1
26.188,-5.2537e-05,1
26.188,-6.3615e-05,1
26.189,-9.0135e-05,1
26.189,-0.00012169,1
26.19,-0.00012824,1
26.191,-9.3996e-05,1
26.191,-4.1123e-05,1
26.192,-3.357e-06,1
26.192,1.0407e-05,1
26.193,2.1317e-05,1
26.193,3.8773e-05,1
26.194,4.683e-05,1
26.194,3.978e-05,1
26.195,3.5416e-05,1
26.195,4.7837e-05,1
26.196,7.7379e-05,1
26.196,0.00011531,1
26.197,0.00013378,1
26.197,0.000118,1
26.198,8.9128e-05,1
26.198,7.6371e-05,1
26.199,7.9057e-05,1
26.199,7.4693e-05,1
26.2,6.3615e-05,1
26.2,6.3615e-05,1
26.201,8.1743e-05,1
26.201,9.987e-05,1
26.202,0.00010054,1
26.202,8.3085e-05,1
26.203,6.0929e-05,1
26.203,4.8173e-05,1
26.204,5.2033e-05,1
26.205,7.0161e-05,1
26.205,8.7449e-05,1
26.206,9.2821e-05,1
26.206,8.7785e-05,1
26.207,7.5029e-05,1
26.207,5.0858e-05,1
26.208,1.7792e-05,1
26.208,-1.1078e-05,1
26.209,-2.4338e-05,1
26.209,-1.9806e-05,1
26.21,-3.357e-07,1
26.21,2.8031e-05,1
26.211,4.5487e-05,1
26.211,4.1459e-05,1
26.212,2.2492e-05,1
26.212,1.8463e-06,1
26.213,-1.4603e-05,1
26.213,-2.4842e-05,1
26.214,-3.1388e-05,1
26.214,-3.978e-05,1
26.215,-5.1194e-05,1
26.215,-6.4286e-05,1
26.216,-7.5868e-05,1
26.216,-8.7785e-05,1
26.217,-9.4835e-05,1
26.218,-9.1142e-05,1
26.218,-7.8386e-05,1
26.219,-6.0929e-05,1
26.219,-4.2466e-05,1
26.22,-2.4338e-05,1
26.22,-4.6998e-06,1
26.221,2.1988e-05,1
26.221,7.6204e-05,1
26.222,0.00015895,1
26.222,0.00022274,1
26.223,0.00022995,1
26.223,0.00018161,1
26.224,0.0001091,1
26.224,5.0187e-05,1
26.225,1.6617e-05,1
26.225,-3.6927e-06,1
26.226,-1.6617e-05,1
26.226,-2.3667e-05,1
26.227,-3.2731e-05,1
26.227,-4.4816e-05,1
26.228,-5.5894e-05,1
26.228,-7.0497e-05,1
26.229,-8.8121e-05,1
26.229,-0.00011011,1
26.23,-0.00013931,1
26.23,-0.00015996,1
26.231,-0.00016382,1
26.232,-0.00016567,1
26.232,-0.00016735,1
26.233,-0.00016382,1
26.233,-0.00015459,1
26.234,-0.00013361,1
26.234,-9.7856e-05,1
26.235,-4.5823e-05,1
26.235,2.6352e-05,1
26.236,0.00011128,1
26.236,0.00018648,1
26.237,0.00023885,1
26.237,0.00027292,1
26.238,0.00029558,1
26.238,0.00032009,1
26.239,0.00034963,1
26.239,0.00035937,1
26.24,0.0003315,1
26.24,0.0002835,1
26.241,0.00023482,1
26.241,0.00018077,1
26.242,0.00011531,1
26.242,5.3544e-05,1
26.243,9.3996e-06,1
26.243,-2.0478e-05,1
26.244,-4.2802e-05,1
26.245,-5.6733e-05,1
26.245,-5.9251e-05,1
26.246,-5.5222e-05,1
26.246,-5.0355e-05,1
26.247,-4.5823e-05,1
26.247,-3.7934e-05,1
26.248,-2.9038e-05,1
26.248,-3.5416e-05,1
26.249,-6.2104e-05,1
26.249,-0.00011296,1
26.25,-0.00016382,1
26.25,-0.00017322,1
26.251,-0.00013999,1
26.251,-8.6778e-05,1
26.252,-3.4409e-05,1
26.252,9.2317e-06,1
26.253,4.448e-05,1
26.253,6.1601e-05,1
26.254,5.9586e-05,1
26.254,6.009e-05,1
26.255,7.4357e-05,1
26.255,9.2821e-05,1
26.256,0.00010591,1
26.256,0.00010591,1
26.257,8.5267e-05,1
26.258,5.2201e-05,1
26.258,2.266e-05,1
26.259,7.8889e-06,1
26.259,1.2253e-05,1
26.26,3.3738e-05,1
26.26,5.539e-05,1
26.261,6.63e-05,1
26.261,7.2343e-05,1
26.262,7.8218e-05,1
26.262,7.8386e-05,1
26.263,6.7643e-05,1
26.263,4.0787e-05,1
26.264,9.2317e-06,1
26.264,-1.4099e-05,1
26.265,-3.1891e-05,1
26.265,-5.0858e-05,1
26.266,-7.1504e-05,1
26.266,-8.9296e-05,1
26.267,-9.5506e-05,1
26.267,-7.7379e-05,1
26.268,-4.5823e-05,1
26.268,-2.2324e-05,1
26.269,-1.4603e-05,1
26.269,-1.8967e-05,1
26.27,-2.6184e-05,1
26.27,-2.5177e-05,1
26.271,-1.4099e-05,1
26.272,3.1891e-06,1
26.272,1.9303e-05,1
26.273,3.1052e-05,1
26.273,3.9277e-05,1
26.274,4.213e-05,1
26.274,3.5584e-05,1
26.275,2.6017e-05,1
26.275,2.1317e-05,1
26.276,2.9038e-05,1
26.276,4.5823e-05,1
26.277,5.6901e-05,1
26.277,5.153e-05,1
26.278,3.3066e-05,1
26.278,8.3925e-06,1
26.279,-1.3596e-05,1
26.279,-3.4577e-05,1
26.28,-6.9993e-05,1
26.28,-0.00011078,1
26.281,-0.00012673,1
26.281,-0.00010944,1
26.282,-6.5293e-05,1
26.282,-1.0575e-05,1
26.283,3.5248e-05,1
26.283,7.2679e-05,1
26.284,0.00011145,1
26.285,0.00015325,1
26.285,0.00018027,1
26.286,0.00017926,1
26.286,0.00016432,1
26.287,0.00014284,1
26.287,0.0001039,1
26.288,5.153e-05,1
26.288,-2.0142e-06,1
26.289,-4.4984e-05,1
26.289,-6.479e-05,1
26.29,-6.0929e-05,1
26.29,-4.0452e-05,1
26.291,-1.2589e-05,1
26.291,1.1917e-05,1
26.292,2.6688e-05,1
26.292,4.1291e-05,1
26.293,5.6733e-05,1
26.293,6.2776e-05,1
26.294,5.7572e-05,1
26.294,5.4047e-05,1
26.295,6.2943e-05,1
26.295,7.8386e-05,1
26.296,8.1743e-05,1
26.296,7.1e-05,1
26.297,5.5726e-05,1
26.297,4.1291e-05,1
26.298,3.2731e-05,1
26.299,3.0716e-05,1
26.299,2.4002e-05,1
26.3,1.5106e-06,1
26.3,-3.1724e-05,1
26.301,-5.7908e-05,1
26.301,-6.6804e-05,1
26.302,-6.1097e-05,1
26.302,-5.069e-05,1
26.303,-4.1459e-05,1
26.303,-3.9109e-05,1
26.304,-5.069e-05,1
26.304,-6.9154e-05,1
26.305,-8.1407e-05,1
26.305,-7.9728e-05,1
26.306,-6.3783e-05,1
26.306,-3.7766e-05,1
26.307,-1.0239e-05,1
26.307,6.2104e-06,1
26.308,1.3764e-05,1
26.308,2.5681e-05,1
26.309,5.0187e-05,1
26.309,8.3589e-05,1
26.31,0.00011783,1
26.31,0.00015291,1
26.311,0.00018077,1
26.311,0.00018648,1
26.312,0.00017272,1
26.313,0.00015358,1
26.313,0.00013042,1
26.314,9.6178e-05,1
26.314,5.3544e-05,1
26.315,9.5674e-06,1
26.315,-2.4338e-05,1
26.316,-2.7695e-05,1
26.316,-3.0213e-06,1
26.317,2.5345e-05,1
26.317,3.9445e-05,1
26.318,2.9877e-05,1
26.318,8.5603e-06,1
26.319,-1.8463e-06,1
26.319,3.8605e-06,1
26.32,1.1414e-05,1
26.32,9.7353e-06,1
26.321,-1.1749e-06,1
26.321,-8.5603e-06,1
26.322,-9.2317e-06,1
26.322,-1.4435e-05,1
26.323,-3.1724e-05,1
26.323,-5.0523e-05,1
26.324,-5.623e-05,1
26.324,-5.5558e-05,1
26.325,-6.0929e-05,1
26.326,-6.63e-05,1
26.326,-6.3615e-05,1
26.327,-4.918e-05,1
26.327,-2.3331e-05,1
26.328,3.357e-07,1
26.328,1.6281e-05,1
26.329,3.743e-05,1
26.329,7.2343e-05,1
26.33,0.00011196,1
26.33,0.00014032,1
26.331,0.0001561,1
26.331,0.000165,1
26.332,0.00016365,1
26.332,0.00014351,1
26.333,0.00010507,1
26.333,6.3615e-05,1
26.334,2.887e-05,1
26.334,3.6927e-06,1
26.335,-5.539e-06,1
26.335,-2.3499e-06,1
26.336,-5.2033e-06,1
26.336,-3.3402e-05,1
26.337,-8.5435e-05,1
26.337,-0.0001321,1
26.338,-0.0001509,1
26.338,-0.0001415,1
26.339,-0.00010961,1
26.34,-6.3615e-05,1
26.34,-1.9135e-05,1
26.341,1.7121e-05,1
26.341,4.7837e-05,1
26.342,5.2537e-05,1
26.342,1.6785e-05,1
26.343,-1.7288e-05,1
26.343,-1.5274e-05,1
26.344,1.9303e-05,1
26.344,6.865e-05,1
26.345,0.00010692,1
26.345,0.00011649,1
26.346,0.00010021,1
26.346,7.3686e-05,1
26.347,4.8173e-05,1
26.347,3.1556e-05,1
26.348,2.7024e-05,1
26.348,3.1891e-05,1
26.349,3.6927e-05,1
26.349,3.743e-05,1
26.35,3.8941e-05,1
26.35,3.7766e-05,1
26.351,3.0381e-05,1
26.351,2.6017e-05,1
26.352,3.2059e-05,1
26.353,4.1794e-05,1
26.353,4.4816e-05,1
26.354,4.5487e-05,1
26.354,5.2033e-05,1
26.355,6.3447e-05,1
26.355,7.1672e-05,1
26.356,7.0497e-05,1
26.356,5.7404e-05,1
26.357,3.978e-05,1
26.357,4.918e-05,1
26.358,9.0471e-05,1
26.358,0.00012471,1
26.359,0.000118,1
26.359,6.5629e-05,1
26.36,-5.539e-06,1
26.36,-5.4887e-05,1
26.361,-6.2776e-05,1
26.361,-5.0355e-05,1
26.362,-4.2466e-05,1
26.362,-4.1794e-05,1
26.363,-3.9109e-05,1
26.363,-3.2059e-05,1
26.364,-3.0381e-05,1
26.364,-4.4144e-05,1
26.365,-6.479e-05,1
26.366,-7.2679e-05,1
26.366,-5.3208e-05,1
26.367,-1.3764e-05,1
26.367,1.8631e-05,1
26.368,2.3667e-05,1
26.368,1.2589e-05,1
26.369,4.5319e-06,1
26.369,-8.3925e-07,1
26.37,-9.7353e-06,1
26.37,-2.031e-05,1
26.371,-2.7863e-05,1
26.371,-4.3809e-05,1
26.372,-7.2007e-05,1
26.372,-9.6513e-05,1
26.373,-0.00011028,1
26.373,-0.00012706,1
26.374,-0.00014704,1
26.374,-0.000142,1
26.375,-0.00010994,1
26.375,-7.2007e-05,1
26.376,-3.592e-05,1
26.376,1.3428e-06,1
26.377,4.3137e-05,1
26.377,8.8289e-05,1
26.378,0.00014083,1
26.378,0.00020041,1
26.379,0.00025866,1
26.38,0.00029928,1
26.38,0.00031807,1
26.381,0.00031606,1
26.381,0.00029155,1
26.382,0.00025328,1
26.382,0.00021636,1
26.383,0.00017876,1
26.383,0.00012958,1
26.384,7.6371e-05,1
26.384,3.3738e-05,1
26.385,2.5177e-06,1
26.385,-2.0981e-05,1
26.386,-3.5416e-05,1
26.386,-4.1794e-05,1
26.387,-4.4144e-05,1
26.387,-4.3809e-05,1
26.388,-4.2466e-05,1
26.388,-4.4312e-05,1
26.389,-5.388e-05,1
26.389,-6.5965e-05,1
26.39,-7.1672e-05,1
26.39,-6.8986e-05,1
26.391,-6.1265e-05,1
26.391,-5.1362e-05,1
26.392,-3.9948e-05,1
26.392,-2.9877e-05,1
26.393,-2.3331e-05,1
26.394,-1.8631e-05,1
26.394,-1.091e-05,1
26.395,3.8605e-06,1
26.395,2.1317e-05,1
26.396,3.2731e-05,1
26.396,3.2731e-05,1
26.397,2.5849e-05,1
26.397,1.6617e-05,1
26.398,8.5603e-06,1
26.398,5.8747e-06,1
26.399,6.8818e-06,1
26.399,7.8889e-06,1
26.4,7.0497e-06,1
26.4,4.3641e-06,1
26.401,2.182e-06,1
26.401,1.0071e-06,1
26.402,2.5177e-06,1
26.402,4.3641e-06,1
26.403,-6.714e-07,1
26.403,-1.6449e-05,1
26.404,-3.3066e-05,1
26.404,-4.2802e-05,1
26.405,-4.7837e-05,1
26.405,-4.7166e-05,1
26.406,-3.8605e-05,1
26.407,-2.6184e-05,1
26.407,-1.326e-05,1
26.408,-1.1749e-06,1
26.408,1.1078e-05,1
26.409,2.5681e-05,1
26.409,4.4816e-05,1
26.41,6.4286e-05,1
26.41,7.6036e-05,1
26.411,7.7546e-05,1
26.411,6.8986e-05,1
26.412,5.1865e-05,1
26.412,2.5345e-05,1
26.413,-8.5603e-06,1
26.413,-4.9348e-05,1
26.414,-8.5771e-05,1
26.414,-9.6513e-05,1
26.415,-8.0903e-05,1
26.415,-5.1865e-05,1
26.416,-2.2156e-05,1
26.416,1.3428e-06,1
26.417,2.031e-05,1
26.417,4.3473e-05,1
26.418,8.7114e-05,1
26.418,0.00014603,1
26.419,0.00019101,1
26.419,0.00019789,1
26.42,0.00016617,1
26.421,0.00011833,1
26.421,8.1743e-05,1
26.422,6.2943e-05,1
26.422,5.8579e-05,1
26.423,6.5293e-05,1
26.423,7.8386e-05,1
26.424,9.8192e-05,1
26.424,0.0001227,1
26.425,0.0001274,1
26.425,9.6178e-05,1
26.426,4.213e-05,1
26.426,-9.0639e-06,1
26.427,-4.2298e-05,1
26.427,-5.388e-05,1
26.428,-4.8005e-05,1
26.428,-3.0549e-05,1
26.429,-1.2757e-05,1
26.429,-8.3925e-07,1
26.43,1.0071e-05,1
26.43,3.3402e-05,1
26.431,6.8315e-05,1
26.431,9.6513e-05,1
26.432,0.00011464,1
26.432,0.0001185,1
26.433,0.00010188,1
26.434,7.3518e-05,1
26.434,4.5151e-05,1
26.435,1.3931e-05,1
26.435,-1.8967e-05,1
26.436,-3.9109e-05,1
26.436,-3.7766e-05,1
26.437,-3.1388e-05,1
26.437,-3.2731e-05,1
26.438,-2.887e-05,1
26.438,-1.2589e-05,1
26.439,0,1
26.439,-6.5461e-06,1
26.44,-2.7695e-05,1
26.44,-4.448e-05,1
26.441,-4.6159e-05,1
26.441,-3.357e-05,1
26.442,-1.1246e-05,1
26.442,1.0742e-05,1
26.443,2.5345e-05,1
26.443,3.5416e-05,1
26.444,4.9516e-05,1
26.444,6.8482e-05,1
26.445,8.5267e-05,1
26.445,7.2847e-05,1
26.446,2.4842e-05,1
26.447,-2.0981e-05,1
26.447,-4.1962e-05,1
26.448,-5.539e-05,1
26.448,-8.0735e-05,1
26.449,-0.00010423,1
26.449,-9.9367e-05,1
26.45,-7.8553e-05,1
26.45,-7.1e-05,1
26.451,-8.5939e-05,1
26.451,-9.3492e-05,1
26.452,-6.5797e-05,1
26.452,-1.4099e-05,1
26.453,2.6017e-05,1
26.453,5.0523e-05,1
26.454,8.2918e-05,1
26.454,0.00013344,1
26.455,0.00017943,1
26.455,0.00019387,1
26.456,0.00017339,1
26.456,0.00013143,1
26.457,8.8457e-05,1
26.457,5.1026e-05,1
26.458,1.7288e-05,1
26.458,-8.3925e-06,1
26.459,-1.9303e-05,1
26.459,-1.7624e-05,1
26.46,-6.2104e-06,1
26.461,1.5106e-05,1
26.461,4.6159e-05,1
26.462,7.7714e-05,1
26.462,9.2988e-05,1
26.463,8.3757e-05,1
26.463,6.0258e-05,1
26.464,4.1291e-05,1
26.464,3.2563e-05,1
26.465,3.2898e-05,1
26.465,3.7598e-05,1
26.466,3.3066e-05,1
26.466,2.0478e-05,1
26.467,8.896e-06,1
26.467,1.1749e-06,1
26.468,-3.5248e-06,1
26.468,-3.357e-06,1
26.469,-3.5248e-06,1
26.469,-8.896e-06,1
26.47,-1.6281e-05,1
26.47,-1.9135e-05,1
26.471,-1.5946e-05,1
26.471,-1.2924e-05,1
26.472,-2.0478e-05,1
26.472,-3.5584e-05,1
26.473,-4.3137e-05,1
26.474,-3.6759e-05,1
26.474,-3.0716e-05,1
26.475,-3.1556e-05,1
26.475,-3.4073e-05,1
26.476,-3.6591e-05,1
26.476,-3.6927e-05,1
26.477,-3.2395e-05,1
26.477,-2.5345e-05,1
26.478,-1.8967e-05,1
26.478,-1.1917e-05,1
26.479,-2.8534e-06,1
26.479,8.3925e-06,1
26.48,1.8631e-05,1
26.48,2.4002e-05,1
26.481,2.5177e-05,1
26.481,2.8534e-05,1
26.482,4.1123e-05,1
26.482,5.9922e-05,1
26.483,6.9322e-05,1
26.483,5.6565e-05,1
26.484,3.0213e-05,1
26.484,7.8889e-06,1
26.485,-1.3428e-06,1
26.485,-1.5106e-06,1
26.486,-2.8534e-06,1
26.486,-9.5674e-06,1
26.487,-1.4939e-05,1
26.488,-1.1749e-05,1
26.488,-5.0355e-07,1
26.489,1.7121e-05,1
26.489,3.7766e-05,1
26.49,5.6565e-05,1
26.49,6.7475e-05,1
26.491,6.9154e-05,1
26.491,6.9657e-05,1
26.492,8.6442e-05,1
26.492,0.00011162,1
26.493,0.00012589,1
26.493,0.000118,1
26.494,9.0471e-05,1
26.494,5.3544e-05,1
26.495,2.031e-05,1
26.495,-1.1749e-06,1
26.496,-1.1246e-05,1
26.496,-1.1078e-05,1
26.497,-4.5319e-06,1
26.497,5.0355e-07,1
26.498,3.1891e-06,1
26.498,3.1891e-06,1
26.499,5.2033e-06,1
26.499,1.4267e-05,1
26.5,2.5345e-05,1
26.5,2.8367e-05,1
26.501,1.6617e-05,1
26.502,-3.8605e-06,1
26.502,-2.3499e-05,1
26.503,-3.7263e-05,1
26.503,-4.5991e-05,1
26.504,-4.8508e-05,1
26.504,-4.5151e-05,1
26.505,-3.7263e-05,1
26.505,-2.6352e-05,1
26.506,-1.561e-05,1
26.506,-8.5603e-06,1
26.507,1.8463e-06,1
26.507,2.6017e-05,1
26.508,6.4286e-05,1
26.508,0.00010625,1
26.509,0.0001368,1
26.509,0.00015459,1
26.51,0.00015526,1
26.51,0.00013294,1
26.511,9.5842e-05,1
26.511,6.1769e-05,1
26.512,4.0116e-05,1
26.512,2.266e-05,1
26.513,2.5177e-06,1
26.513,-1.4267e-05,1
26.514,-1.5274e-05,1
26.515,-5.539e-06,1
26.515,6.2104e-06,1
26.516,1.2757e-05,1
26.516,7.7211e-06,1
26.517,1.6785e-07,1
26.517,-1.1749e-06,1
26.518,-3.1891e-06,1
26.518,-1.1917e-05,1
26.519,-2.4674e-05,1
26.519,-3.1891e-05,1
26.52,-2.4338e-05,1
26.52,-4.3641e-06,1
26.521,2.501e-05,1
26.521,5.3208e-05,1
26.522,6.7643e-05,1
26.522,6.6636e-05,1
26.523,5.4887e-05,1
26.523,4.4648e-05,1
26.524,4.1291e-05,1
26.524,4.062e-05,1
26.525,3.4073e-05,1
26.525,1.5946e-05,1
26.526,-6.2104e-06,1
26.526,-2.031e-05,1
26.527,-2.2324e-05,1
26.527,-1.6953e-05,1
26.528,-1.2253e-05,1
26.529,-1.9135e-05,1
26.529,-3.122e-05,1
26.53,-3.1052e-05,1
26.53,-1.7624e-05,1
26.531,2.8534e-06,1
26.531,2.8702e-05,1
26.532,5.5558e-05,1
26.532,8.0064e-05,1
26.533,0.00010188,1
26.533,0.00012471,1
26.534,0.00014183,1
26.534,0.00014435,1
26.535,0.00013814,1
26.535,0.00013109,1
26.536,0.00011934,1
26.536,9.601e-05,1
26.537,6.63e-05,1
26.537,3.8605e-05,1
26.538,1.6617e-05,1
26.538,-6.5461e-06,1
26.539,-3.8437e-05,1
26.539,-7.1839e-05,1
26.54,-8.8121e-05,1
26.54,-8.7617e-05,1
26.541,-8.7449e-05,1
26.542,-9.0974e-05,1
26.542,-9.1981e-05,1
26.543,-8.6442e-05,1
26.543,-6.8986e-05,1
26.544,-3.7263e-05,1
26.544,2.182e-06,1
26.545,3.4577e-05,1
26.545,5.1362e-05,1
26.546,5.8915e-05,1
26.546,6.0258e-05,1
26.547,5.3208e-05,1
26.547,3.9445e-05,1
26.548,3.2395e-05,1
26.548,3.1891e-05,1
26.549,2.4002e-05,1
26.549,5.2033e-06,1
26.55,-1.5274e-05,1
26.55,-2.417e-05,1
26.551,-1.091e-05,1
26.551,1.2589e-05,1
26.552,2.652e-05,1
26.552,2.1653e-05,1
26.553,2.5177e-06,1
26.553,-1.9974e-05,1
26.554,-3.4073e-05,1
26.555,-2.8534e-05,1
26.555,-8.2246e-06,1
26.556,4.1962e-06,1
26.556,-1.5106e-06,1
26.557,-1.5442e-05,1
26.557,-2.0645e-05,1
26.558,-1.0071e-05,1
26.558,1.1917e-05,1
26.559,3.4409e-05,1
26.559,5.5726e-05,1
26.56,7.7379e-05,1
26.56,9.0303e-05,1
26.561,8.7785e-05,1
26.561,7.6371e-05,1
26.562,6.4286e-05,1
26.562,5.1194e-05,1
26.563,4.5319e-05,1
26.563,6.3951e-05,1
26.564,9.8863e-05,1
26.564,0.00012068,1
26.565,0.00011061,1
26.565,7.1e-05,1
26.566,2.6184e-05,1
26.566,-2.4674e-05,1
26.567,-9.4163e-05,1
26.567,-0.00015627,1
26.568,-0.00017037,1
26.569,-0.00013428,1
26.569,-7.5364e-05,1
26.57,-2.0981e-05,1
26.57,2.3331e-05,1
26.571,7.1336e-05,1
26.571,0.00013629,1
26.572,0.00020259,1
26.572,0.00024137,1
26.573,0.00025866,1
26.573,0.00026705,1
26.574,0.00024959,1
26.574,0.00019756,1
26.575,0.00012186,1
26.575,3.5752e-05,1
26.576,-4.3137e-05,1
26.576,-0.00010071,1
26.577,-0.00014166,1
26.577,-0.00017842,1
26.578,-0.00022123,1
26.578,-0.00025916,1
26.579,-0.00026235,1
26.579,-0.00023046,1
26.58,-0.00018413,1
26.58,-0.00013512,1
26.581,-7.8721e-05,1
26.581,-1.5274e-05,1
26.582,3.8102e-05,1
26.583,6.865e-05,1
26.583,9.3492e-05,1
26.584,0.00013042,1
26.584,0.00017708,1
26.585,0.00021468,1
26.585,0.00022441,1
26.586,0.00020293,1
26.586,0.00015929,1
26.587,0.0001044,1
26.587,4.9516e-05,1
26.588,2.3499e-06,1
26.588,-3.0716e-05,1
26.589,-4.6326e-05,1
26.589,-2.7024e-05,1
26.59,1.9974e-05,1
26.59,5.0187e-05,1
26.591,3.8102e-05,1
26.591,-5.2033e-06,1
26.592,-4.8676e-05,1
26.592,-6.6636e-05,1
26.593,-5.0523e-05,1
26.593,-5.539e-06,1
26.594,4.2802e-05,1
26.594,7.2343e-05,1
26.595,7.6371e-05,1
26.596,6.0258e-05,1
26.596,2.5849e-05,1
26.597,-1.7456e-05,1
26.597,-4.213e-05,1
26.598,-4.062e-05,1
26.598,-3.5752e-05,1
26.599,-4.0116e-05,1
26.599,-4.5487e-05,1
26.6,-4.062e-05,1
26.6,-2.1653e-05,1
26.601,5.8747e-06,1
26.601,3.6759e-05,1
26.602,6.8147e-05,1
26.602,9.2149e-05,1
26.603,9.9199e-05,1
26.603,8.5435e-05,1
26.604,5.8244e-05,1
26.604,3.0213e-05,1
26.605,1.1246e-05,1
26.605,-6.714e-07,1
26.606,-1.1078e-05,1
26.606,-1.5778e-05,1
26.607,-8.5603e-06,1
26.607,2.8534e-06,1
26.608,1.2589e-05,1
26.608,2.3163e-05,1
26.609,3.6759e-05,1
26.61,4.683e-05,1
26.61,4.9516e-05,1
26.611,4.7166e-05,1
26.611,4.0116e-05,1
26.612,2.6017e-05,1
26.612,9.0639e-06,1
26.613,-6.2104e-06,1
26.613,-2.2492e-05,1
26.614,-2.031e-05,1
26.614,1.5274e-05,1
26.615,5.7237e-05,1
26.615,7.0665e-05,1
26.616,3.7095e-05,1
26.616,-3.508e-05,1
26.617,-0.00010843,1
26.617,-0.00015325,1
26.618,-0.00015761,1
26.618,-0.00012874,1
26.619,-7.9393e-05,1
26.619,-2.4338e-05,1
26.62,2.2324e-05,1
26.62,4.5319e-05,1
26.621,4.2466e-05,1
26.621,3.4409e-05,1
26.622,4.8173e-05,1
26.623,9.2149e-05,1
26.623,0.00014485,1
26.624,0.00018413,1
26.624,0.00019823,1
26.625,0.00018447,1
26.625,0.00015224,1
26.626,0.00011934,1
26.626,9.3828e-05,1
26.627,7.7379e-05,1
26.627,6.9322e-05,1
26.628,6.6972e-05,1
26.628,6.6972e-05,1
26.629,6.244e-05,1
26.629,4.8173e-05,1
26.63,2.7695e-05,1
26.63,7.5532e-06,1
26.631,-3.8605e-06,1
26.631,-5.2033e-06,1
26.632,1.6785e-07,1
26.632,4.6998e-06,1
26.633,4.1962e-06,1
26.633,-4.1962e-06,1
26.634,-2.4842e-05,1
26.634,-4.7333e-05,1
26.635,-4.8508e-05,1
26.636,-1.561e-05,1
26.636,2.6017e-05,1
26.637,4.3137e-05,1
26.637,1.9974e-05,1
26.638,-2.9877e-05,1
26.638,-7.1336e-05,1
26.639,-7.8889e-05,1
26.639,-4.9348e-05,1
26.64,-1.6281e-05,1
26.64,-8.2246e-06,1
26.641,-8.3925e-06,1
26.641,7.2175e-06,1
26.642,3.6088e-05,1
26.642,5.5558e-05,1
26.643,5.3376e-05,1
26.643,4.1291e-05,1
26.644,2.9374e-05,1
26.644,1.561e-05,1
26.645,-6.714e-07,1
26.645,-6.5461e-06,1
26.646,6.8818e-06,1
26.646,3.0381e-05,1
26.647,5.623e-05,1
26.647,8.1071e-05,1
26.648,8.8121e-05,1
26.648,6.6636e-05,1
26.649,2.8367e-05,1
26.65,-9.5674e-06,1
26.65,-2.9206e-05,1
26.651,-2.7695e-05,1
26.651,-1.8967e-05,1
26.652,-1.9303e-05,1
26.652,-3.6759e-05,1
26.653,-6.3447e-05,1
26.653,-8.275e-05,1
26.654,-8.7449e-05,1
26.654,-7.9896e-05,1
26.655,-6.865e-05,1
26.655,-8.3925e-05,1
26.656,-0.00014133,1
26.656,-0.00017842,1
26.657,-0.00015207,1
26.657,-9.1646e-05,1
26.658,-4.6494e-05,1
26.658,-2.5345e-05,1
26.659,-1.6785e-06,1
26.659,5.1194e-05,1
26.66,0.00013411,1
26.66,0.00021736,1
26.661,0.00027057,1
26.661,0.00028484,1
26.662,0.00027041,1
26.663,0.00023952,1
26.663,0.00020427,1
26.664,0.0001744,1
26.664,0.00016684,1
26.665,0.00019051,1
26.665,0.0002224,1
26.666,0.0002266,1
26.666,0.00019269,1
26.667,0.00013747,1
26.667,9.1814e-05,1
26.668,6.7979e-05,1
26.668,4.4648e-05,1
26.669,1.7456e-05,1
26.669,1.8463e-06,1
26.67,-4.0284e-06,1
26.67,-1.561e-05,1
26.671,-4.062e-05,1
26.671,-7.335e-05,1
26.672,-0.00010423,1
26.672,-0.00012169,1
26.673,-0.00011095,1
26.673,-7.2679e-05,1
26.674,-1.6281e-05,1
26.674,3.4577e-05,1
26.675,6.0929e-05,1
26.675,5.2033e-05,1
26.676,1.7288e-05,1
26.677,-1.1078e-05,1
26.677,-2.3667e-05,1
26.678,-3.6927e-05,1
26.678,-6.4622e-05,1
26.679,-0.00011598,1
26.679,-0.00019689,1
26.68,-0.00026352,1
26.68,-0.00027242,1
26.681,-0.00024019,1
26.681,-0.00018833,1
26.682,-0.00012169,1
26.682,-5.6062e-05,1
26.683,-1.6617e-05,1
26.683,-7.0497e-06,1
26.684,0,1
26.684,2.2492e-05,1
26.685,6.7643e-05,1
26.685,0.00012706,1
26.686,0.00016701,1
26.686,0.00016332,1
26.687,0.0001274,1
26.687,9.601e-05,1
26.688,9.5842e-05,1
26.688,0.00011699,1
26.689,0.00013747,1
26.689,0.00014955,1
26.69,0.00014972,1
26.691,0.00012941,1
26.691,8.9464e-05,1
26.692,5.3208e-05,1
26.692,3.827e-05,1
26.693,3.2059e-05,1
26.693,2.501e-05,1
26.694,2.3163e-05,1
26.694,3.1052e-05,1
26.695,4.1794e-05,1
26.695,4.5151e-05,1
26.696,4.1459e-05,1
26.696,3.4409e-05,1
26.697,2.4506e-05,1
26.697,1.7288e-05,1
26.698,1.6281e-05,1
26.698,1.9974e-05,1
26.699,2.4002e-05,1
26.699,2.1988e-05,1
26.7,3.357e-07,1
26.7,-4.0452e-05,1
26.701,-7.2007e-05,1
26.701,-7.5364e-05,1
26.702,-5.9083e-05,1
26.702,-3.6423e-05,1
26.703,-1.6785e-05,1
26.704,-5.0355e-06,1
26.704,3.357e-06,1
26.705,1.9303e-05,1
26.705,3.508e-05,1
26.706,3.6759e-05,1
26.706,2.1317e-05,1
26.707,1.8463e-06,1
26.707,-9.7353e-06,1
26.708,-1.4939e-05,1
26.708,-2.031e-05,1
26.709,-2.7359e-05,1
26.709,-2.6688e-05,1
26.71,-1.1078e-05,1
26.71,1.9974e-05,1
26.711,5.2537e-05,1
26.711,6.7979e-05,1
26.712,5.8915e-05,1
26.712,3.5248e-05,1
26.713,1.5106e-05,1
26.713,1.3596e-05,1
26.714,2.8702e-05,1
26.714,3.9612e-05,1
26.715,3.5416e-05,1
26.715,1.8631e-05,1
26.716,-1.8463e-06,1
26.716,-1.7121e-05,1
26.717,-2.0981e-05,1
26.718,-1.4939e-05,1
26.718,-8.3925e-07,1
26.719,1.9638e-05,1
26.719,3.6927e-05,1
26.72,4.062e-05,1
26.72,2.1988e-05,1
26.721,3.8605e-06,1
26.721,1.3092e-05,1
26.722,3.6423e-05,1
26.722,4.8844e-05,1
26.723,4.8508e-05,1
26.723,4.1123e-05,1
26.724,3.1388e-05,1
26.724,2.5345e-05,1
26.725,2.4674e-05,1
26.725,2.6352e-05,1
26.726,4.2466e-05,1
26.726,6.5629e-05,1
26.727,7.2007e-05,1
26.727,5.153e-05,1
26.728,1.2253e-05,1
26.728,-2.8367e-05,1
26.729,-5.2873e-05,1
26.729,-5.7908e-05,1
26.73,-6.0594e-05,1
26.731,-6.6804e-05,1
26.731,-6.1601e-05,1
26.732,-4.1459e-05,1
26.732,-2.2995e-05,1
26.733,-9.9031e-06,1
26.733,1.1078e-05,1
26.734,4.4816e-05,1
26.734,7.805e-05,1
26.735,7.9728e-05,1
26.735,2.7695e-05,1
26.736,-3.1388e-05,1
26.736,-4.4144e-05,1
26.737,-5.539e-06,1
26.737,5.2705e-05,1
26.738,9.8527e-05,1
26.738,0.00012807,1
26.739,0.00014871,1
26.739,0.00016063,1
26.74,0.00015459,1
26.74,0.00013193,1
26.741,0.00010893,1
26.741,0.00010591,1
26.742,0.0001284,1
26.742,0.00015023,1
26.743,0.00013915,1
26.744,9.1814e-05,1
26.744,3.4409e-05,1
26.745,-1.0071e-05,1
26.745,-3.7766e-05,1
26.746,-5.8747e-05,1
26.746,-8.6442e-05,1
26.747,-0.00011128,1
26.747,-0.00011044,1
26.748,-8.0903e-05,1
26.748,-4.1794e-05,1
26.749,-9.9031e-06,1
26.749,1.0239e-05,1
26.75,1.796e-05,1
26.75,9.9031e-06,1
26.751,-1.0575e-05,1
26.751,-3.1388e-05,1
26.752,-4.0116e-05,1
26.752,-2.7695e-05,1
26.753,1.6785e-07,1
26.753,1.561e-05,1
26.754,-1.1749e-06,1
26.754,-4.4648e-05,1
26.755,-8.6275e-05,1
26.755,-0.00010105,1
26.756,-8.51e-05,1
26.756,-4.4144e-05,1
26.757,9.9031e-06,1
26.758,5.9586e-05,1
26.758,9.2485e-05,1
26.759,0.00010524,1
26.759,9.9199e-05,1
26.76,8.0064e-05,1
26.76,5.8244e-05,1
26.761,6.2272e-05,1
26.761,9.7017e-05,1
26.762,0.00013596,1
26.762,0.00014032,1
26.763,0.00010407,1
26.763,5.8915e-05,1
26.764,2.8534e-05,1
26.764,1.1749e-05,1
26.765,-6.714e-06,1
26.765,-2.4002e-05,1
26.766,-2.501e-05,1
26.766,-5.539e-06,1
26.767,1.7624e-05,1
26.767,2.031e-05,1
26.768,4.1962e-06,1
26.768,-5.8747e-06,1
26.769,2.5177e-06,1
26.769,2.6352e-05,1
26.77,5.9419e-05,1
26.77,8.9632e-05,1
26.771,0.00011095,1
26.772,0.00011766,1
26.772,0.00010524,1
26.773,7.2343e-05,1
26.773,2.7192e-05,1
26.774,-1.2085e-05,1
26.774,-2.501e-05,1
26.775,-5.0355e-06,1
26.775,3.122e-05,1
26.776,5.1865e-05,1
26.776,4.4816e-05,1
26.777,1.2924e-05,1
26.777,-2.6017e-05,1
26.778,-5.3208e-05,1
26.778,-7.1e-05,1
26.779,-8.0064e-05,1
26.779,-7.2175e-05,1
26.78,-5.4719e-05,1
26.78,-4.5151e-05,1
26.781,-4.1459e-05,1
26.781,-3.3066e-05,1
26.782,-2.3499e-05,1
26.782,-1.1917e-05,1
26.783,7.8889e-06,1
26.783,2.9206e-05,1
26.784,3.7934e-05,1
26.785,2.501e-05,1
26.785,-3.6927e-06,1
26.786,-3.0381e-05,1
26.786,-4.4144e-05,1
26.787,-4.4144e-05,1
26.787,-3.2898e-05,1
26.788,-1.5946e-05,1
26.788,3.5248e-06,1
26.789,2.501e-05,1
26.789,4.5991e-05,1
26.79,6.1433e-05,1
26.79,6.865e-05,1
26.791,6.9657e-05,1
26.791,6.9322e-05,1
26.792,7.1672e-05,1
26.792,8.3421e-05,1
26.793,0.0001086,1
26.793,0.00012773,1
26.794,0.00012186,1
26.794,8.9296e-05,1
26.795,4.3473e-05,1
26.795,3.8605e-06,1
26.796,-1.9303e-05,1
26.796,-2.7024e-05,1
26.797,-2.1653e-05,1
26.797,-1.2924e-05,1
26.798,-1.326e-05,1
26.799,-3.1052e-05,1
26.799,-6.4286e-05,1
26.8,-9.3492e-05,1
26.8,-0.00010692,1
26.801,-0.00010893,1
26.801,-0.00010323,1
26.802,-9.2821e-05,1
26.802,-7.8721e-05,1
26.803,-6.0594e-05,1
26.803,-3.1052e-05,1
26.804,2.2995e-05,1
26.804,8.51e-05,1
26.805,0.00011431,1
26.805,0.00010574,1
26.806,9.2485e-05,1
26.806,9.1478e-05,1
26.807,0.00010323,1
26.807,0.00011901,1
26.808,0.00012303,1
26.808,0.00011531,1
26.809,0.00010776,1
26.809,0.00010591,1
26.81,0.00010373,1
26.81,9.6513e-05,1
26.811,9.1142e-05,1
26.812,9.2821e-05,1
26.812,9.5506e-05,1
26.813,8.5435e-05,1
26.813,6.0929e-05,1
26.814,2.652e-05,1
26.814,-1.1917e-05,1
26.815,-4.9012e-05,1
26.815,-8.3757e-05,1
26.816,-0.00011263,1
26.816,-0.00012454,1
26.817,-0.0001185,1
26.817,-0.00010491,1
26.818,-8.8121e-05,1
26.818,-6.7979e-05,1
26.819,-4.9012e-05,1
26.819,-2.8534e-05,1
26.82,4.3641e-06,1
26.82,4.7333e-05,1
26.821,8.9128e-05,1
26.821,0.00012236,1
26.822,0.00013764,1
26.822,0.00013008,1
26.823,0.00010625,1
26.823,7.6539e-05,1
26.824,3.7766e-05,1
26.825,-9.0639e-06,1
26.825,-4.5655e-05,1
26.826,-5.9251e-05,1
26.826,-6.2776e-05,1
26.827,-6.6804e-05,1
26.827,-5.0858e-05,1
26.828,1.6785e-07,1
26.828,7.0161e-05,1
26.829,0.00012773,1
26.829,0.00015492,1
26.83,0.00014553,1
26.83,0.00010256,1
26.831,5.9922e-05,1
26.831,5.7404e-05,1
26.832,9.6513e-05,1
26.832,0.00013948,1
26.833,0.00015761,1
26.833,0.0001556,1
26.834,0.0001462,1
26.834,0.00012119,1
26.835,8.3421e-05,1
26.835,4.9348e-05,1
26.836,2.1317e-05,1
26.836,-1.0575e-05,1
26.837,-4.918e-05,1
26.837,-0.00010021,1
26.838,-0.00015241,1
26.839,-0.00018144,1
26.839,-0.00017322,1
26.84,-0.000142,1
26.84,-0.00011128,1
26.841,-8.1743e-05,1
26.841,-4.8676e-05,1
26.842,-1.5946e-05,1
26.842,3.8605e-06,1
26.843,5.7069e-06,1
26.843,-4.5319e-06,1
26.844,-3.3234e-05,1
26.844,-8.3085e-05,1
26.845,-0.00011431,1
26.845,-0.00010709,1
26.846,-7.6875e-05,1
26.846,-3.6591e-05,1
26.847,4.8676e-06,1
26.847,3.7934e-05,1
26.848,5.8747e-05,1
26.848,5.8579e-05,1
26.849,3.5752e-05,1
26.849,6.8818e-06,1
26.85,-8.2246e-06,1
26.85,3.8605e-06,1
26.851,4.4144e-05,1
26.852,8.3589e-05,1
26.852,8.5771e-05,1
26.853,5.9922e-05,1
26.853,4.683e-05,1
26.854,5.9419e-05,1
26.854,8.7953e-05,1
26.855,0.00013277,1
26.855,0.00017339,1
26.856,0.00016584,1
26.856,0.00011598,1
26.857,7.7714e-05,1
26.857,7.3686e-05,1
26.858,9.4163e-05,1
26.858,0.00011598,1
26.859,0.00011481,1
26.859,8.5771e-05,1
26.86,6.8482e-05,1
26.86,6.8986e-05,1
26.861,5.8244e-05,1
26.861,4.4144e-05,1
26.862,6.949e-05,1
26.862,0.00013143,1
26.863,0.00018027,1
26.863,0.0001749,1
26.864,0.0001232,1
26.864,6.5629e-05,1
26.865,3.3402e-05,1
26.866,3.0045e-05,1
26.866,4.3809e-05,1
26.867,6.6133e-05,1
26.867,9.1814e-05,1
26.868,0.00010826,1
26.868,8.5771e-05,1
26.869,3.1556e-05,1
26.869,-1.796e-05,1
26.87,-4.6159e-05,1
26.87,-5.7572e-05,1
26.871,-5.8244e-05,1
26.871,-5.3208e-05,1
26.872,-5.304e-05,1
26.872,-6.5293e-05,1
26.873,-8.3085e-05,1
26.873,-9.5338e-05,1
26.874,-0.00010222,1
26.874,-0.00010574,1
26.875,-0.00010524,1
26.875,-0.00010121,1
26.876,-9.2821e-05,1
26.876,-7.8553e-05,1
26.877,-6.1433e-05,1
26.877,-4.7166e-05,1
26.878,-3.6423e-05,1
26.878,-2.5345e-05,1
26.879,-1.6281e-05,1
26.88,-1.091e-05,1
26.88,-6.0426e-06,1
26.881,-1.1749e-06,1
26.881,2.5177e-06,1
26.882,2.0142e-06,1
26.882,-2.8534e-06,1
26.883,-7.8889e-06,1
26.883,-8.896e-06,1
26.884,-7.5532e-06,1
26.884,-6.2104e-06,1
26.885,-5.539e-06,1
26.885,-6.2104e-06,1
26.886,-5.2033e-06,1
26.886,-2.5177e-06,1
26.887,1.6785e-07,1
26.887,3.1891e-06,1
26.888,5.8747e-06,1
26.888,7.8889e-06,1
26.889,1.0071e-05,1
26.889,1.4267e-05,1
26.89,1.7288e-05,1
26.89,1.6953e-05,1
26.891,1.6953e-05,1
26.891,1.7624e-05,1
26.892,2.0645e-05,1
26.893,2.4506e-05,1
26.893,2.6688e-05,1
26.894,2.9709e-05,1
26.894,3.6088e-05,1
26.895,4.448e-05,1
26.895,5.0858e-05,1
26.896,5.7572e-05,1
26.896,6.1769e-05,1
26.897,6.0929e-05,1
26.897,5.6733e-05,1
26.898,5.3544e-05,1
26.898,5.0858e-05,1
26.899,4.2802e-05,1
26.899,3.2059e-05,1
26.9,2.1317e-05,1
26.9,1.326e-05,1
26.901,7.3854e-06,1
26.901,1.6785e-06,1
26.902,-5.7069e-06,1
26.902,-1.6281e-05,1
26.903,-2.5681e-05,1
26.903,-3.0381e-05,1
26.904,-3.122e-05,1
26.904,-2.6352e-05,1
26.905,-1.4939e-05,1
26.905,6.714e-07,1
26.906,1.3596e-05,1
26.907,1.4603e-05,1
26.907,6.714e-07,1
26.908,-2.9374e-05,1
26.908,-6.3615e-05,1
26.909,-8.3421e-05,1
26.909,-8.4428e-05,1
26.91,-7.9393e-05,1
26.91,-7.0329e-05,1
26.911,-3.8437e-05,1
26.911,1.7456e-05,1
26.912,7.6707e-05,1
26.912,0.00011934,1
26.913,0.00014183,1
26.913,0.00016231,1
26.914,0.00019655,1
26.914,0.00023449,1
26.915,0.00026151,1
26.915,0.00026654,1
26.916,0.00024993,1
26.916,0.000213,1
26.917,0.00015979,1
26.917,0.00010172,1
26.918,5.0355e-05,1
26.918,1.8967e-05,1
26.919,1.091e-05,1
26.92,9.9031e-06,1
26.92,9.7353e-06,1
26.921,2.0645e-05,1
26.921,4.6662e-05,1
26.922,7.5868e-05,1
26.922,8.7785e-05,1
26.923,7.5029e-05,1
26.923,4.1459e-05,1
26.924,-7.5532e-06,1
26.924,-5.8244e-05,1
26.925,-9.3828e-05,1
26.925,-0.00010356,1
26.926,-8.5771e-05,1
26.926,-4.8341e-05,1
26.927,-8.896e-06,1
26.927,1.3092e-05,1
26.928,1.8631e-05,1
26.928,1.9303e-05,1
26.929,1.6449e-05,1
26.929,1.1414e-05,1
26.93,8.896e-06,1
26.93,1.5946e-05,1
26.931,3.0716e-05,1
26.931,3.9109e-05,1
26.932,2.6352e-05,1
26.933,-4.6998e-06,1
26.933,-3.1724e-05,1
26.934,-4.7333e-05,1
26.934,-6.4118e-05,1
26.935,-7.5532e-05,1
26.935,-6.5965e-05,1
26.936,-5.0523e-05,1
26.936,-4.7166e-05,1
26.937,-5.4719e-05,1
26.937,-6.0426e-05,1
26.938,-6.2776e-05,1
26.938,-6.9993e-05,1
26.939,-7.5364e-05,1
26.939,-6.5629e-05,1
26.94,-4.2466e-05,1
26.94,-1.1749e-05,1
26.941,2.5345e-05,1
26.941,6.2272e-05,1
26.942,8.7114e-05,1
26.942,8.9799e-05,1
26.943,8.5771e-05,1
26.943,9.1142e-05,1
26.944,9.752e-05,1
26.944,9.8192e-05,1
26.945,0.00010105,1
26.945,0.00010289,1
26.946,9.4835e-05,1
26.947,8.1071e-05,1
26.947,7.3686e-05,1
26.948,6.9657e-05,1
26.948,5.6901e-05,1
26.949,3.6927e-05,1
26.949,3.3402e-05,1
26.95,5.8579e-05,1
26.95,8.7785e-05,1
26.951,8.4764e-05,1
26.951,2.9709e-05,1
26.952,-4.4816e-05,1
26.952,-9.6849e-05,1
26.953,-0.00010977,1
26.953,-9.0135e-05,1
26.954,-5.3208e-05,1
26.954,-1.1917e-05,1
26.955,2.0813e-05,1
26.955,4.213e-05,1
26.956,4.4648e-05,1
26.956,1.2421e-05,1
26.957,-3.8437e-05,1
26.957,-7.0497e-05,1
26.958,-7.1839e-05,1
26.958,-5.7572e-05,1
26.959,-4.4816e-05,1
26.959,-4.2298e-05,1
26.96,-4.2634e-05,1
26.961,-3.1388e-05,1
26.961,-4.8676e-06,1
26.962,2.7359e-05,1
26.962,5.0187e-05,1
26.963,6.1601e-05,1
26.963,7.4022e-05,1
26.964,9.3492e-05,1
26.964,0.00011397,1
26.965,0.00013294,1
26.965,0.00014267,1
26.966,0.00012505,1
26.966,5.5894e-05,1
26.967,-6.6133e-05,1
26.967,-0.00018161,1
26.968,-0.00022509,1
26.968,-0.00018547,1
26.969,-0.00010021,1
26.969,-1.6281e-05,1
26.97,3.9277e-05,1
26.97,5.623e-05,1
26.971,4.2802e-05,1
26.971,1.0239e-05,1
26.972,-2.4674e-05,1
26.972,-3.3234e-05,1
26.973,-1.2589e-05,1
26.974,1.091e-05,1
26.974,2.2324e-05,1
26.975,2.5681e-05,1
26.975,2.0645e-05,1
26.976,1.1246e-05,1
26.976,8.5603e-06,1
26.977,2.1149e-05,1
26.977,5.5558e-05,1
26.978,0.00011112,1
26.978,0.00016214,1
26.979,0.00018833,1
26.979,0.00018917,1
26.98,0.00018782,1
26.98,0.00020159,1
26.981,0.00022139,1
26.981,0.00022542,1
26.982,0.00020864,1
26.982,0.00018782,1
26.983,0.00018212,1
26.983,0.00018245,1
26.984,0.00016483,1
26.984,0.00011766,1
26.985,4.7166e-05,1
26.985,-2.6017e-05,1
26.986,-8.0064e-05,1
26.986,-0.00011028,1
26.987,-0.00014066,1
26.988,-0.00020259,1
26.988,-0.00027326,1
26.989,-0.00030498,1
26.989,-0.00027678,1
26.99,-0.00020327,1
26.99,-0.00012505,1
26.991,-7.2007e-05,1
26.991,-4.4312e-05,1
26.992,-3.1388e-05,1
26.992,-2.6017e-05,1
26.993,-1.3596e-05,1
26.993,2.1149e-05,1
26.994,7.6204e-05,1
26.994,0.00014418,1
26.995,0.00020394,1
26.995,0.00022441,1
26.996,0.00018413,1
26.996,9.3156e-05,1
26.997,2.4338e-05,1
26.997,1.6953e-05,1
26.998,3.8605e-05,1
26.998,5.4047e-05,1
26.999,5.4551e-05,1
26.999,4.5487e-05,1
27,3.4745e-05,1
27.001,2.3667e-05,1
27.001,1.4267e-05,1
27.002,1.6617e-05,1
27.002,3.1388e-05,1
27.003,4.2298e-05,1
27.003,3.122e-05,1
27.004,3.357e-06,1
27.004,-2.5345e-05,1
27.005,-4.1459e-05,1
27.005,-4.3137e-05,1
27.006,-3.9109e-05,1
27.006,-3.4073e-05,1
27.007,-2.4002e-05,1
27.007,-3.357e-07,1
27.008,3.1556e-05,1
27.008,5.6397e-05,1
27.009,5.8915e-05,1
27.009,4.448e-05,1
27.01,3.0381e-05,1
27.01,2.2324e-05,1
27.011,1.7624e-05,1
27.011,1.1246e-05,1
27.012,3.357e-06,1
27.012,-2.182e-06,1
27.013,-5.539e-06,1
27.014,-6.714e-06,1
27.014,-9.2317e-06,1
27.015,-1.4099e-05,1
27.015,-1.8128e-05,1
27.016,-1.9638e-05,1
27.016,-2.6688e-05,1
27.017,-3.4577e-05,1
27.017,-3.6591e-05,1
27.018,-3.4073e-05,1
27.018,-3.0716e-05,1
27.019,-3.0381e-05,1
27.019,-3.3402e-05,1
27.02,-3.3234e-05,1
27.02,-2.3499e-05,1
27.021,-7.8889e-06,1
27.021,5.8747e-06,1
27.022,1.6617e-05,1
27.022,2.5681e-05,1
27.023,3.1891e-05,1
27.023,3.3234e-05,1
27.024,3.2563e-05,1
27.024,3.2563e-05,1
27.025,3.978e-05,1
27.025,5.5894e-05,1
27.026,7.2175e-05,1
27.026,7.805e-05,1
27.027,7.0161e-05,1
27.028,5.623e-05,1
27.028,4.7501e-05,1
27.029,4.2802e-05,1
27.029,3.9445e-05,1
27.03,3.5752e-05,1
27.03,3.0716e-05,1
27.031,2.8367e-05,1
27.031,3.8102e-05,1
27.032,5.9586e-05,1
27.032,7.4022e-05,1
27.033,6.3279e-05,1
27.033,3.3402e-05,1
27.034,4.1962e-06,1
27.034,-1.1917e-05,1
27.035,-1.5106e-05,1
27.035,-9.5674e-06,1
27.036,1.8463e-06,1
27.036,1.4603e-05,1
27.037,2.9038e-05,1
27.037,3.8773e-05,1
27.038,3.5248e-05,1
27.038,1.3764e-05,1
27.039,-2.182e-05,1
27.039,-5.9251e-05,1
27.04,-7.7546e-05,1
27.041,-6.1936e-05,1
27.041,-3.2395e-05,1
27.042,-5.8747e-06,1
27.042,8.3925e-06,1
27.043,-4.5319e-06,1
27.043,-4.3809e-05,1
27.044,-8.9128e-05,1
27.044,-0.00012085,1
27.045,-0.0001279,1
27.045,-0.00010222,1
27.046,-5.4047e-05,1
27.046,-9.7353e-06,1
27.047,1.4435e-05,1
27.047,3.1388e-05,1
27.048,6.0258e-05,1
27.048,0.00010524,1
27.049,0.0001509,1
27.049,0.00016231,1
27.05,0.000118,1
27.05,6.2943e-05,1
27.051,5.2201e-05,1
27.051,8.5435e-05,1
27.052,0.00012757,1
27.052,0.00016634,1
27.053,0.00020897,1
27.053,0.00024825,1
27.054,0.00026268,1
27.055,0.00023717,1
27.055,0.0001801,1
27.056,0.00012136,1
27.056,8.1743e-05,1
27.057,6.2608e-05,1
27.057,4.5151e-05,1
27.058,1.5442e-05,1
27.058,-2.1653e-05,1
27.059,-5.2873e-05,1
27.059,-7.1504e-05,1
27.06,-8.6107e-05,1
27.06,-0.00011061,1
27.061,-0.00013193,1
27.061,-0.00012958,1
27.062,-0.00010138,1
27.062,-6.4118e-05,1
27.063,-3.4409e-05,1
27.063,-1.7792e-05,1
27.064,-9.2317e-06,1
27.064,1.3428e-06,1
27.065,1.4939e-05,1
27.065,2.1317e-05,1
27.066,1.9135e-05,1
27.066,1.6617e-05,1
27.067,1.2924e-05,1
27.067,-3.5248e-06,1
27.068,-4.062e-05,1
27.069,-8.8457e-05,1
27.069,-0.00011229,1
27.07,-0.00010574,1
27.07,-8.2414e-05,1
27.071,-5.153e-05,1
27.071,-2.0981e-05,1
27.072,1.1078e-05,1
27.072,4.3305e-05,1
27.073,6.4958e-05,1
27.073,6.7979e-05,1
27.074,6.2608e-05,1
27.074,7.2679e-05,1
27.075,0.0001091,1
27.075,0.00014989,1
27.076,0.00015677,1
27.076,0.00012337,1
27.077,8.04e-05,1
27.077,4.9516e-05,1
27.078,2.3835e-05,1
27.078,-9.7353e-06,1
27.079,-4.2466e-05,1
27.079,-5.3376e-05,1
27.08,-3.8102e-05,1
27.08,-1.1749e-05,1
27.081,1.3092e-05,1
27.082,2.6688e-05,1
27.082,4.3641e-05,1
27.083,9.2821e-05,1
27.083,0.00016013,1
27.084,0.00019789,1
27.084,0.00018094,1
27.085,0.0001237,1
27.085,5.5726e-05,1
27.086,-1.0575e-05,1
27.086,-6.865e-05,1
27.087,-0.00011028,1
27.087,-0.00012622,1
27.088,-0.00011531,1
27.088,-8.2078e-05,1
27.089,-4.0284e-05,1
27.089,-7.5532e-06,1
27.09,1.1246e-05,1
27.09,2.3163e-05,1
27.091,3.4241e-05,1
27.091,4.4816e-05,1
27.092,5.069e-05,1
27.092,5.0858e-05,1
27.093,4.9516e-05,1
27.093,4.6159e-05,1
27.094,4.2298e-05,1
27.095,4.4816e-05,1
27.095,5.2705e-05,1
27.096,5.6901e-05,1
27.096,5.069e-05,1
27.097,3.1052e-05,1
27.097,2.5177e-06,1
27.098,-2.3163e-05,1
27.098,-3.6591e-05,1
27.099,-3.6591e-05,1
27.099,-3.0549e-05,1
27.1,-2.3163e-05,1
27.1,-5.8747e-06,1
27.101,2.6688e-05,1
27.101,5.6733e-05,1
27.102,6.3447e-05,1
27.102,4.1123e-05,1
27.103,-1.1749e-06,1
27.103,-5.6733e-05,1
27.104,-0.00011632,1
27.104,-0.00015459,1
27.105,-0.00016248,1
27.105,-0.00014116,1
27.106,-9.3156e-05,1
27.106,-2.8367e-05,1
27.107,2.6856e-05,1
27.107,5.4215e-05,1
27.108,6.7308e-05,1
27.109,8.9464e-05,1
27.109,0.00013092,1
27.11,0.00018111,1
27.11,0.00021468,1
27.111,0.00021334,1
27.111,0.00017423,1
27.112,0.00011464,1
27.112,6.0594e-05,1
27.113,1.0239e-05,1
27.113,-2.9206e-05,1
27.114,-2.2995e-05,1
27.114,2.8702e-05,1
27.115,8.1407e-05,1
27.115,0.00010088,1
27.116,8.9128e-05,1
27.116,6.9993e-05,1
27.117,5.2537e-05,1
27.117,3.2059e-05,1
27.118,1.9638e-05,1
27.118,2.0981e-05,1
27.119,3.3738e-05,1
27.119,5.2705e-05,1
27.12,6.2608e-05,1
27.12,5.6901e-05,1
27.121,5.5894e-05,1
27.122,6.5965e-05,1
27.122,6.8986e-05,1
27.123,5.5055e-05,1
27.123,2.2995e-05,1
27.124,-1.3931e-05,1
27.124,-3.1052e-05,1
27.125,-3.1724e-05,1
27.125,-3.5248e-05,1
27.126,-4.448e-05,1
27.126,-4.918e-05,1
27.127,-4.1962e-05,1
27.127,-2.7359e-05,1
27.128,-1.2253e-05,1
27.128,4.6998e-06,1
27.129,2.4674e-05,1
27.129,4.1627e-05,1
27.13,5.1865e-05,1
27.13,5.9251e-05,1
27.131,6.3447e-05,1
27.131,5.7908e-05,1
27.132,4.1123e-05,1
27.132,1.3092e-05,1
27.133,-2.3667e-05,1
27.133,-5.6565e-05,1
27.134,-7.805e-05,1
27.134,-8.5435e-05,1
27.135,-8.51e-05,1
27.136,-7.1839e-05,1
27.136,-4.4144e-05,1
27.137,-1.1246e-05,1
27.137,1.6953e-05,1
27.138,3.2059e-05,1
27.138,3.4745e-05,1
27.139,3.4745e-05,1
27.139,3.4409e-05,1
27.14,2.4338e-05,1
27.14,-3.5248e-06,1
27.141,-3.3402e-05,1
27.141,-4.5487e-05,1
27.142,-3.2395e-05,1
27.142,-7.2175e-06,1
27.143,1.0407e-05,1
27.143,7.8889e-06,1
27.144,-6.714e-06,1
27.144,-2.3331e-05,1
27.145,-2.8367e-05,1
27.145,-2.182e-06,1
27.146,5.5558e-05,1
27.146,0.00011296,1
27.147,0.00014636,1
27.147,0.00015828,1
27.148,0.00015073,1
27.148,0.00011749,1
27.149,7.0161e-05,1
27.15,3.3066e-05,1
27.15,1.2421e-05,1
27.151,-4.0284e-06,1
27.151,-1.6281e-05,1
27.152,-2.031e-05,1
27.152,-1.8463e-05,1
27.153,-2.266e-05,1
27.153,-3.592e-05,1
27.154,-5.1194e-05,1
27.154,-8.3421e-05,1
27.155,-0.00012505,1
27.155,-0.0001415,1
27.156,-0.00012807,1
27.156,-0.00010054,1
27.157,-7.3686e-05,1
27.157,-3.7095e-05,1
27.158,1.1246e-05,1
27.158,5.0858e-05,1
27.159,7.5029e-05,1
27.159,9.4331e-05,1
27.16,0.00011867,1
27.16,0.00014754,1
27.161,0.00016802,1
27.161,0.00016097,1
27.162,0.00012874,1
27.163,9.1981e-05,1
27.163,6.3447e-05,1
27.164,4.2802e-05,1
27.164,2.3835e-05,1
27.165,7.2175e-06,1
27.165,4.5319e-06,1
27.166,1.0407e-05,1
27.166,6.714e-07,1
27.167,-2.9038e-05,1
27.167,-5.8915e-05,1
27.168,-7.5029e-05,1
27.168,-8.4932e-05,1
27.169,-9.0135e-05,1
27.169,-8.04e-05,1
27.17,-5.2705e-05,1
27.17,-1.8967e-05,1
27.171,7.8889e-06,1
27.171,2.4002e-05,1
27.172,3.1724e-05,1
27.172,2.4506e-05,1
27.173,1.5946e-05,1
27.173,4.1123e-05,1
27.174,0.00011464,1
27.174,0.00018917,1
27.175,0.00020797,1
27.175,0.00017053,1
27.176,0.00010558,1
27.177,4.4984e-05,1
27.177,9.0639e-06,1
27.178,4.8676e-06,1
27.178,2.6688e-05,1
27.179,6.4958e-05,1
27.179,0.00011028,1
27.18,0.00014939,1
27.18,0.00017775,1
27.181,0.00018497,1
27.181,0.00016063,1
27.182,0.00011666,1
27.182,6.7308e-05,1
27.183,1.6617e-05,1
27.183,-3.2731e-05,1
27.184,-7.0832e-05,1
27.184,-8.1407e-05,1
27.185,-7.2847e-05,1
27.185,-7.5868e-05,1
27.186,-9.5842e-05,1
27.186,-0.00011733,1
27.187,-0.0001284,1
27.187,-0.00012639,1
27.188,-0.00011296,1
27.188,-9.0806e-05,1
27.189,-6.0258e-05,1
27.19,-2.5177e-05,1
27.19,-1.6785e-06,1
27.191,-5.2033e-06,1
27.191,-8.896e-06,1
27.192,1.0575e-05,1
27.192,4.5319e-05,1
27.193,8.8289e-05,1
27.193,0.00012874,1
27.194,0.0001467,1
27.194,0.00013143,1
27.195,9.7856e-05,1
27.195,6.8986e-05,1
27.196,7.0161e-05,1
27.196,0.00010121,1
27.197,0.00013176,1
27.197,0.00013109,1
27.198,8.7785e-05,1
27.198,2.652e-05,1
27.199,-2.4338e-05,1
27.199,-5.9251e-05,1
27.2,-7.8386e-05,1
27.2,-7.9225e-05,1
27.201,-6.5461e-05,1
27.201,-5.2537e-05,1
27.202,-5.069e-05,1
27.203,-5.539e-05,1
27.203,-5.069e-05,1
27.204,-2.3163e-05,1
27.204,2.4002e-05,1
27.205,7.3014e-05,1
27.205,0.00010457,1
27.206,0.0001133,1
27.206,0.0001086,1
27.207,9.8863e-05,1
27.207,8.3253e-05,1
27.208,5.8244e-05,1
27.208,2.7695e-05,1
27.209,3.5248e-06,1
27.209,-1.2253e-05,1
27.21,-2.6352e-05,1
27.21,-4.1459e-05,1
27.211,-4.8844e-05,1
27.211,-4.7501e-05,1
27.212,-4.5151e-05,1
27.212,-4.7501e-05,1
27.213,-6.1936e-05,1
27.213,-7.8721e-05,1
27.214,-7.6875e-05,1
27.214,-5.6733e-05,1
27.215,-3.0716e-05,1
27.215,-1.8799e-05,1
27.216,-3.6759e-05,1
27.217,-7.5532e-05,1
27.217,-0.00010977,1
27.218,-0.00012203,1
27.218,-9.836e-05,1
27.219,-5.6062e-05,1
27.219,-2.0142e-05,1
27.22,5.8747e-06,1
27.22,2.9038e-05,1
27.221,5.6565e-05,1
27.221,9.6513e-05,1
27.222,0.0001603,1
27.222,0.00023348,1
27.223,0.00029323,1
27.223,0.00032546,1
27.224,0.00032663,1
27.224,0.00030163,1
27.225,0.00025949,1
27.225,0.00020931,1
27.226,0.00015811,1
27.226,0.00010994,1
27.227,6.7475e-05,1
27.227,3.2059e-05,1
27.228,3.6927e-06,1
27.228,-1.8296e-05,1
27.229,-2.7359e-05,1
27.23,-2.1317e-05,1
27.23,-1.4267e-05,1
27.231,-1.4267e-05,1
27.231,-1.796e-05,1
27.232,-2.5177e-05,1
27.232,-3.1724e-05,1
27.233,-3.3906e-05,1
27.233,-3.1724e-05,1
27.234,-2.2324e-05,1
27.234,-1.0071e-06,1
27.235,1.9974e-05,1
27.235,2.6352e-05,1
27.236,1.5778e-05,1
27.236,1.1749e-06,1
27.237,-6.8818e-06,1
27.237,-6.5461e-06,1
27.238,-7.7211e-06,1
27.238,-1.796e-05,1
27.239,-3.3738e-05,1
27.239,-4.6998e-05,1
27.24,-5.1698e-05,1
27.24,-4.8844e-05,1
27.241,-5.4215e-05,1
27.241,-7.2679e-05,1
27.242,-8.6107e-05,1
27.242,-7.1336e-05,1
27.243,-2.8367e-05,1
27.244,1.0575e-05,1
27.244,1.0239e-05,1
27.245,-2.7359e-05,1
27.245,-6.9322e-05,1
27.246,-9.3828e-05,1
27.246,-9.9535e-05,1
27.247,-9.1646e-05,1
27.247,-7.9057e-05,1
27.248,-6.479e-05,1
27.248,-4.5823e-05,1
27.249,-2.652e-05,1
27.249,-1.9135e-05,1
27.25,-2.0813e-05,1
27.25,-8.2246e-06,1
27.251,2.4338e-05,1
27.251,5.539e-05,1
27.252,7.4022e-05,1
27.252,8.1575e-05,1
27.253,8.1071e-05,1
27.253,7.6371e-05,1
27.254,7.4693e-05,1
27.254,8.0232e-05,1
27.255,7.805e-05,1
27.255,4.9516e-05,1
27.256,1.2924e-05,1
27.256,5.539e-06,1
27.257,3.0716e-05,1
27.258,5.9754e-05,1
27.258,6.4286e-05,1
27.259,5.7237e-05,1
27.259,7.0161e-05,1
27.26,0.00010054,1
27.26,0.00012706,1
27.261,0.00013814,1
27.261,0.00014401,1
27.262,0.0001566,1
27.262,0.00016919,1
27.263,0.00016432,1
27.263,0.00014804,1
27.264,0.00013378,1
27.264,0.00012035,1
27.265,0.00010726,1
27.265,0.00010591,1
27.266,0.00010726,1
27.266,9.3156e-05,1
27.267,6.1265e-05,1
27.267,2.3331e-05,1
27.268,-5.539e-06,1
27.268,-1.9974e-05,1
27.269,-1.9974e-05,1
27.269,-7.5532e-06,1
27.27,9.2317e-06,1
27.271,1.7121e-05,1
27.271,1.326e-05,1
27.272,3.1891e-06,1
27.272,-1.4603e-05,1
27.273,-4.1459e-05,1
27.273,-7.2679e-05,1
27.274,-9.7856e-05,1
27.274,-0.00011162,1
27.275,-0.00011598,1
27.275,-0.00011296,1
27.276,-0.00010423,1
27.276,-9.7017e-05,1
27.277,-9.5171e-05,1
27.277,-9.5674e-05,1
27.278,-8.8792e-05,1
27.278,-6.4958e-05,1
27.279,-2.887e-05,1
27.279,9.2317e-06,1
27.28,3.9277e-05,1
27.28,5.6062e-05,1
27.281,6.1265e-05,1
27.281,6.0929e-05,1
27.282,5.9251e-05,1
27.282,6.2776e-05,1
27.283,7.2679e-05,1
27.284,7.9393e-05,1
27.284,7.2847e-05,1
27.285,6.6636e-05,1
27.285,7.9896e-05,1
27.286,0.00010188,1
27.286,0.00010759,1
27.287,8.7953e-05,1
27.287,5.2705e-05,1
27.288,1.8463e-05,1
27.288,-4.0284e-06,1
27.289,-1.3092e-05,1
27.289,-1.8463e-05,1
27.29,-3.4913e-05,1
27.29,-6.6468e-05,1
27.291,-0.00010961,1
27.291,-0.00017188,1
27.292,-0.00024707,1
27.292,-0.0002835,1
27.293,-0.00025026,1
27.293,-0.00018547,1
27.294,-0.00013227,1
27.294,-0.00010541,1
27.295,-0.00010222,1
27.295,-8.5435e-05,1
27.296,-2.2995e-05,1
27.296,8.4092e-05,1
27.297,0.00021065,1
27.298,0.00032076,1
27.298,0.0003785,1
27.299,0.00037816,1
27.299,0.00033822,1
27.3,0.00028753,1
27.3,0.00024724,1
27.301,0.0002177,1
27.301,0.00018782,1
27.302,0.00015274,1
27.302,0.00011968,1
27.303,8.7617e-05,1
27.303,4.9851e-05,1
27.304,7.2175e-06,1
27.304,-3.5752e-05,1
27.305,-6.3279e-05,1
27.305,-5.153e-05,1
27.306,-5.2033e-06,1
27.306,3.8605e-05,1
27.307,4.918e-05,1
27.307,2.3667e-05,1
27.308,-9.9031e-06,1
27.308,-2.7192e-05,1
27.309,-3.1388e-05,1
27.309,-3.3066e-05,1
27.31,-3.1724e-05,1
27.311,-2.7695e-05,1
27.311,-2.1988e-05,1
27.312,-8.5603e-06,1
27.312,1.5946e-05,1
27.313,4.6998e-05,1
27.313,7.8721e-05,1
27.314,0.00010558,1
27.314,0.00012438,1
27.315,0.00012824,1
27.315,0.00010306,1
27.316,5.1194e-05,1
27.316,-7.2175e-06,1
27.317,-5.2873e-05,1
27.317,-7.7379e-05,1
27.318,-8.2246e-05,1
27.318,-7.8889e-05,1
27.319,-7.0329e-05,1
27.319,-4.9851e-05,1
27.32,-2.5513e-05,1
27.32,-1.3931e-05,1
27.321,-1.8296e-05,1
27.321,-2.3499e-05,1
27.322,-1.8296e-05,1
27.322,-1.5778e-05,1
27.323,-3.1724e-05,1
27.323,-5.6565e-05,1
27.324,-6.9993e-05,1
27.325,-6.4622e-05,1
27.325,-4.5487e-05,1
27.326,-2.4338e-05,1
27.326,-1.1246e-05,1
27.327,-6.5461e-06,1
27.327,1.5106e-06,1
27.328,1.2924e-05,1
27.328,1.4603e-05,1
27.329,7.2175e-06,1
27.329,-3.5248e-06,1
27.33,-1.9974e-05,1
27.33,-3.9109e-05,1
27.331,-5.1865e-05,1
27.331,-5.5894e-05,1
27.332,-5.0523e-05,1
27.332,-3.2059e-05,1
27.333,-5.3712e-06,1
27.333,1.9638e-05,1
27.334,4.0116e-05,1
27.334,6.0929e-05,1
27.335,9.2821e-05,1
27.335,0.00013092,1
27.336,0.0001556,1
27.336,0.0001613,1
27.337,0.00014855,1
27.337,0.00010491,1
27.338,2.8031e-05,1
27.339,-6.4118e-05,1
27.339,-0.00013814,1
27.34,-0.00016936,1
27.34,-0.0001603,1
27.341,-0.00012992,1
27.341,-9.0303e-05,1
27.342,-4.6159e-05,1
27.342,-5.7069e-06,1
27.343,2.266e-05,1
27.343,2.5345e-05,1
27.344,7.8889e-06,1
27.344,1.1917e-05,1
27.345,5.3208e-05,1
27.345,0.00010021,1
27.346,0.00012471,1
27.346,0.0001232,1
27.347,0.00010507,1
27.347,8.5435e-05,1
27.348,7.5029e-05,1
27.348,8.3421e-05,1
27.349,0.00010658,1
27.349,0.00012941,1
27.35,0.00013915,1
27.35,0.00013243,1
27.351,0.00011229,1
27.352,9.2821e-05,1
27.352,8.5771e-05,1
27.353,8.7449e-05,1
27.353,8.9464e-05,1
27.354,8.5771e-05,1
27.354,7.3014e-05,1
27.355,5.3544e-05,1
27.355,2.8702e-05,1
27.356,1.6785e-06,1
27.356,-1.9303e-05,1
27.357,-2.8534e-05,1
27.357,-2.9877e-05,1
27.358,-2.031e-05,1
27.358,-3.8605e-06,1
27.359,5.539e-06,1
27.359,1.5106e-06,1
27.36,3.8605e-06,1
27.36,1.1246e-05,1
27.361,-6.0426e-06,1
27.361,-6.63e-05,1
27.362,-0.00014334,1
27.362,-0.0001989,1
27.363,-0.00021703,1
27.363,-0.00020243,1
27.364,-0.00018782,1
27.364,-0.00018631,1
27.365,-0.00016231,1
27.366,-9.9199e-05,1
27.366,-2.031e-05,1
27.367,4.3473e-05,1
27.367,8.51e-05,1
27.368,0.00011044,1
27.368,0.00011514,1
27.369,0.00010507,1
27.369,0.00010625,1
27.37,0.00012807,1
27.37,0.00014989,1
27.371,0.00015795,1
27.371,0.00014351,1
27.372,0.00010893,1
27.372,7.7714e-05,1
27.373,7.0161e-05,1
27.373,8.4428e-05,1
27.374,0.00011095,1
27.374,0.00014183,1
27.375,0.00016768,1
27.375,0.00017406,1
27.376,0.00015526,1
27.376,0.00012438,1
27.377,9.6849e-05,1
27.377,7.7546e-05,1
27.378,5.6901e-05,1
27.379,2.9374e-05,1
27.379,5.2033e-06,1
27.38,-8.3925e-06,1
27.38,-3.3738e-05,1
27.381,-7.5364e-05,1
27.381,-9.2988e-05,1
27.382,-7.1672e-05,1
27.382,-3.7095e-05,1
27.383,-1.1414e-05,1
27.383,5.8747e-06,1
27.384,2.7695e-05,1
27.384,6.3951e-05,1
27.385,0.00010155,1
27.385,0.00012001,1
27.386,0.0001086,1
27.386,7.1336e-05,1
27.387,2.7695e-05,1
27.387,-7.0497e-06,1
27.388,-3.3906e-05,1
27.388,-6.0594e-05,1
27.389,-8.5603e-05,1
27.389,-0.00010289,1
27.39,-0.00012639,1
27.39,-0.00015459,1
27.391,-0.00017087,1
27.392,-0.00016735,1
27.392,-0.000142,1
27.393,-0.00010188,1
27.393,-5.7404e-05,1
27.394,-1.6785e-05,1
27.394,2.1317e-05,1
27.395,6.1265e-05,1
27.395,9.7353e-05,1
27.396,0.00011699,1
27.396,0.00011447,1
27.397,0.00010172,1
27.397,8.6778e-05,1
27.398,5.8244e-05,1
27.398,2.3163e-05,1
27.399,-2.182e-06,1
27.399,-1.1749e-05,1
27.4,-1.7288e-05,1
27.4,-2.417e-05,1
27.401,-3.1052e-05,1
27.401,-3.2395e-05,1
27.402,-1.6281e-05,1
27.402,2.3331e-05,1
27.403,6.6972e-05,1
27.403,9.601e-05,1
27.404,0.00011397,1
27.404,0.00013378,1
27.405,0.00015023,1
27.406,0.00014083,1
27.406,9.9702e-05,1
27.407,4.3641e-05,1
27.407,0,1
27.408,-1.8128e-05,1
27.408,-1.8296e-05,1
27.409,-7.8889e-06,1
27.409,6.8818e-06,1
27.41,1.4603e-05,1
27.41,8.3925e-06,1
27.411,-1.5106e-06,1
27.411,-1.1749e-06,1
27.412,1.4603e-05,1
27.412,3.9109e-05,1
27.413,5.6062e-05,1
27.413,5.7404e-05,1
27.414,5.4719e-05,1
27.414,5.4551e-05,1
27.415,5.1362e-05,1
27.415,4.4984e-05,1
27.416,4.1794e-05,1
27.416,4.448e-05,1
27.417,3.827e-05,1
27.417,1.326e-05,1
27.418,-1.8631e-05,1
27.419,-4.4144e-05,1
27.419,-5.7908e-05,1
27.42,-6.4118e-05,1
27.42,-6.4622e-05,1
27.421,-5.1026e-05,1
27.421,-2.4338e-05,1
27.422,1.5106e-05,1
27.422,6.865e-05,1
27.423,0.00011431,1
27.423,0.00012471,1
27.424,9.0974e-05,1
27.424,2.2995e-05,1
27.425,-6.0594e-05,1
27.425,-0.00012958,1
27.426,-0.00017238,1
27.426,-0.0001989,1
27.427,-0.00020394,1
27.427,-0.00017943,1
27.428,-0.00012522,1
27.428,-5.774e-05,1
27.429,2.5177e-06,1
27.429,5.0858e-05,1
27.43,9.2485e-05,1
27.43,0.00012572,1
27.431,0.00015207,1
27.431,0.00018581,1
27.432,0.00022794,1
27.433,0.00026151,1
27.433,0.00026671,1
27.434,0.00024204,1
27.434,0.0002036,1
27.435,0.00016483,1
27.435,0.00012874,1
27.436,8.9799e-05,1
27.436,4.7333e-05,1
27.437,1.7624e-05,1
27.437,1.6785e-06,1
27.438,-1.2085e-05,1
27.438,-2.7024e-05,1
27.439,-3.6255e-05,1
27.439,-3.7766e-05,1
27.44,-3.508e-05,1
27.44,-3.1052e-05,1
27.441,-2.3667e-05,1
27.441,-1.091e-05,1
27.442,5.8747e-06,1
27.442,2.3667e-05,1
27.443,3.6759e-05,1
27.443,3.8605e-05,1
27.444,2.9877e-05,1
27.444,2.4338e-05,1
27.445,2.9374e-05,1
27.445,3.4073e-05,1
27.446,3.0716e-05,1
27.447,3.6088e-05,1
27.447,5.2201e-05,1
27.448,5.9922e-05,1
27.448,4.4144e-05,1
27.449,6.2104e-06,1
27.449,-3.8102e-05,1
27.45,-6.8315e-05,1
27.45,-7.8721e-05,1
27.451,-7.7379e-05,1
27.451,-7.1839e-05,1
27.452,-6.3951e-05,1
27.452,-5.1194e-05,1
27.453,-3.5752e-05,1
27.453,-2.4842e-05,1
27.454,-2.7527e-05,1
27.454,-3.6927e-05,1
27.455,-3.7766e-05,1
27.455,-2.9038e-05,1
27.456,-1.7624e-05,1
27.456,-7.3854e-06,1
27.457,-5.2033e-06,1
27.457,-7.5532e-06,1
27.458,-2.182e-06,1
27.458,8.7282e-06,1
27.459,1.9303e-05,1
27.46,2.887e-05,1
27.46,3.6423e-05,1
27.461,3.8773e-05,1
27.461,3.4745e-05,1
27.462,2.7359e-05,1
27.462,1.7624e-05,1
27.463,8.3925e-06,1
27.463,6.0426e-06,1
27.464,7.5532e-06,1
27.464,5.2033e-06,1
27.465,-5.539e-06,1
27.465,-1.7288e-05,1
27.466,-2.1653e-05,1
27.466,-1.9303e-05,1
27.467,-1.561e-05,1
27.467,-1.2253e-05,1
27.468,-8.3925e-06,1
27.468,-4.6998e-06,1
27.469,7.7211e-06,1
27.469,3.5248e-05,1
27.47,6.6636e-05,1
27.47,8.661e-05,1
27.471,8.5771e-05,1
27.471,7.1e-05,1
27.472,5.8747e-05,1
27.473,5.5222e-05,1
27.473,6.0258e-05,1
27.474,7.0665e-05,1
27.474,8.4428e-05,1
27.475,0.00010256,1
27.475,0.00012119,1
27.476,0.00012471,1
27.476,0.0001039,1
27.477,6.8986e-05,1
27.477,4.6159e-05,1
27.478,4.5487e-05,1
27.478,4.9516e-05,1
27.479,3.4409e-05,1
27.479,-3.357e-07,1
27.48,-4.0787e-05,1
27.48,-8.275e-05,1
27.481,-0.0001227,1
27.481,-0.00015023,1
27.482,-0.00017188,1
27.482,-0.00019924,1
27.483,-0.00021015,1
27.483,-0.00017893,1
27.484,-0.00010977,1
27.484,-3.0549e-05,1
27.485,3.5584e-05,1
27.485,8.5603e-05,1
27.486,0.00013394,1
27.487,0.00019252,1
27.487,0.00024825,1
27.488,0.00028316,1
27.488,0.00029709,1
27.489,0.00030565,1
27.489,0.00031371,1
27.49,0.0003023,1
27.49,0.00025429,1
27.491,0.00018312,1
27.491,0.00010776,1
27.492,3.5416e-05,1
27.492,-2.6184e-05,1
27.493,-6.6468e-05,1
27.493,-8.1743e-05,1
27.494,-7.5364e-05,1
27.494,-5.3544e-05,1
27.495,-2.8199e-05,1
27.495,-1.9638e-05,1
27.496,-3.2059e-05,1
27.496,-4.9851e-05,1
27.497,-6.1097e-05,1
27.497,-6.5461e-05,1
27.498,-7.57e-05,1
27.498,-9.9367e-05,1
27.499,-0.0001086,1
27.5,-9.7856e-05,1
27.5,-7.0497e-05,1
27.501,-2.4674e-05,1
27.501,2.1988e-05,1
27.502,5.0858e-05,1
27.502,5.7237e-05,1
27.503,3.978e-05,1
27.503,1.1246e-05,1
27.504,-7.3854e-06,1
27.504,-9.5674e-06,1
27.505,-6.0426e-06,1
27.505,-3.5248e-06,1
27.506,3.6927e-06,1
27.506,1.3596e-05,1
27.507,2.0981e-05,1
27.507,2.7024e-05,1
27.508,3.0213e-05,1
27.508,2.8199e-05,1
27.509,2.0981e-05,1
27.509,1.1246e-05,1
27.51,2.5177e-06,1
27.51,-8.3925e-07,1
27.511,1.8463e-06,1
27.511,1.3764e-05,1
27.512,3.7095e-05,1
27.512,6.7643e-05,1
27.513,9.2485e-05,1
27.514,0.00010037,1
27.514,9.9702e-05,1
27.515,9.8527e-05,1
27.515,9.5171e-05,1
27.516,8.4428e-05,1
27.516,6.3783e-05,1
27.517,3.6759e-05,1
27.517,7.0497e-06,1
27.518,-1.8463e-05,1
27.518,-3.8437e-05,1
27.519,-5.7908e-05,1
27.519,-7.9393e-05,1
27.52,-9.7856e-05,1
27.52,-0.00010054,1
27.521,-9.5842e-05,1
27.521,-0.00010558,1
27.522,-0.00013831,1
27.522,-0.0001895,1
27.523,-0.00023163,1
27.523,-0.00023113,1
27.524,-0.00018715,1
27.524,-0.00012236,1
27.525,-5.2201e-05,1
27.525,1.7624e-05,1
27.526,8.4932e-05,1
27.526,0.00015023,1
27.527,0.00021837,1
27.528,0.00028283,1
27.528,0.00033352,1
27.529,0.00035802,1
27.529,0.00034006,1
27.53,0.0002798,1
27.53,0.0002078,1
27.531,0.00014385,1
27.531,8.7114e-05,1
27.532,3.6759e-05,1
27.532,-1.1749e-06,1
27.533,-2.501e-05,1
27.533,-3.4073e-05,1
27.534,-2.2156e-05,1
27.534,3.1891e-06,1
27.535,1.3428e-05,1
27.535,-3.5248e-06,1
27.536,-2.7024e-05,1
27.536,-3.5584e-05,1
27.537,-2.9038e-05,1
27.537,-2.1653e-05,1
27.538,-2.2828e-05,1
27.538,-3.0381e-05,1
27.539,-4.062e-05,1
27.539,-5.5894e-05,1
27.54,-7.6204e-05,1
27.541,-9.1814e-05,1
27.541,-9.836e-05,1
27.542,-9.1981e-05,1
27.542,-7.3014e-05,1
27.543,-5.9754e-05,1
27.543,-6.1936e-05,1
27.544,-5.9586e-05,1
27.544,-4.1459e-05,1
27.545,-1.7288e-05,1
27.545,6.5461e-06,1
27.546,2.7695e-05,1
27.546,4.3977e-05,1
27.547,5.7237e-05,1
27.547,6.4958e-05,1
27.548,7.2511e-05,1
27.548,8.6275e-05,1
27.549,0.00010524,1
27.549,0.00012001,1
27.55,0.0001138,1
27.55,8.4428e-05,1
27.551,5.5222e-05,1
27.551,4.062e-05,1
27.552,4.2298e-05,1
27.552,5.4215e-05,1
27.553,6.3279e-05,1
27.553,5.4551e-05,1
27.554,2.4002e-05,1
27.555,-2.2995e-05,1
27.555,-6.7475e-05,1
27.556,-9.2653e-05,1
27.556,-0.00010256,1
27.557,-0.00011179,1
27.557,-0.00012169,1
27.558,-0.00012505,1
27.558,-0.00010977,1
27.559,-7.7379e-05,1
27.559,-4.7333e-05,1
27.56,-2.9374e-05,1
27.56,-1.5106e-05,1
27.561,-3.5248e-06,1
27.561,2.3499e-06,1
27.562,6.0426e-06,1
27.562,1.9638e-05,1
27.563,3.9948e-05,1
27.563,3.8605e-05,1
27.564,2.3499e-06,1
27.564,-3.6088e-05,1
27.565,-4.9348e-05,1
27.565,-3.9109e-05,1
27.566,-1.6281e-05,1
27.566,1.2589e-05,1
27.567,4.2466e-05,1
27.568,7.1e-05,1
27.568,9.6513e-05,1
27.569,0.00011212,1
27.569,0.0001232,1
27.57,0.00014485,1
27.57,0.00018178,1
27.571,0.00021921,1
27.571,0.00024154,1
27.572,0.00024959,1
27.572,0.00024791,1
27.573,0.00022861,1
27.573,0.00018849,1
27.574,0.00013848,1
27.574,8.9128e-05,1
27.575,4.3305e-05,1
27.575,1.8296e-05,1
27.576,2.4002e-05,1
27.576,4.683e-05,1
27.577,6.9657e-05,1
27.577,8.4092e-05,1
27.578,9.4331e-05,1
27.578,9.9199e-05,1
27.579,9.0303e-05,1
27.579,6.5965e-05,1
27.58,3.8102e-05,1
27.581,2.1988e-05,1
27.581,2.1653e-05,1
27.582,2.9877e-05,1
27.582,4.0116e-05,1
27.583,4.1794e-05,1
27.583,2.9206e-05,1
27.584,1.4435e-05,1
27.584,1.8463e-06,1
27.585,-1.5274e-05,1
27.585,-3.3738e-05,1
27.586,-4.3473e-05,1
27.586,-4.6159e-05,1
27.587,-4.9683e-05,1
27.587,-5.5726e-05,1
27.588,-6.3279e-05,1
27.588,-6.9322e-05,1
27.589,-7.1504e-05,1
27.589,-6.8147e-05,1
27.59,-6.1097e-05,1
27.59,-4.9348e-05,1
27.591,-3.1724e-05,1
27.591,-1.5442e-05,1
27.592,-9.2317e-06,1
27.592,-1.091e-05,1
27.593,-1.0239e-05,1
27.593,4.5319e-06,1
27.594,3.6088e-05,1
27.595,6.6133e-05,1
27.595,7.4357e-05,1
27.596,5.3544e-05,1
27.596,2.1317e-05,1
27.597,-6.2104e-06,1
27.597,-2.887e-05,1
27.598,-4.0452e-05,1
27.598,-3.122e-05,1
27.599,-1.091e-05,1
27.599,3.8605e-06,1
27.6,4.3641e-06,1
27.6,-7.5532e-06,1
27.601,-1.8967e-05,1
27.601,-2.031e-05,1
27.602,-1.2253e-05,1
27.602,-1.1414e-05,1
27.603,-3.2059e-05,1
27.603,-5.8244e-05,1
27.604,-7.2343e-05,1
27.604,-7.6036e-05,1
27.605,-8.1407e-05,1
27.605,-8.7785e-05,1
27.606,-8.3757e-05,1
27.606,-6.4958e-05,1
27.607,-4.0787e-05,1
27.608,-2.4002e-05,1
27.608,-2.0981e-05,1
27.609,-2.4002e-05,1
27.609,-1.2085e-05,1
27.61,2.4002e-05,1
27.61,6.5965e-05,1
27.611,9.4331e-05,1
27.611,0.00010961,1
27.612,0.00011263,1
27.612,0.00010423,1
27.613,8.6946e-05,1
27.613,6.2272e-05,1
27.614,4.1291e-05,1
27.614,3.9612e-05,1
27.615,5.6901e-05,1
27.615,7.0665e-05,1
27.616,5.539e-05,1
27.616,5.8747e-06,1
27.617,-8.5267e-05,1
27.617,-0.00018967,1
27.618,-0.0002553,1
27.618,-0.00027427,1
27.619,-0.00024976,1
27.619,-0.00019303,1
27.62,-0.0001133,1
27.62,-1.5778e-05,1
27.621,8.2078e-05,1
27.622,0.0001603,1
27.622,0.00022139,1
27.623,0.00027208,1
27.623,0.00031002,1
27.624,0.00033822,1
27.624,0.00035702,1
27.625,0.00036306,1
27.625,0.00035148,1
27.626,0.00032143,1
27.626,0.0002751,1
27.627,0.00021334,1
27.627,0.00014485,1
27.628,9.4499e-05,1
27.628,6.8147e-05,1
27.629,5.0187e-05,1
27.629,2.6688e-05,1
27.63,6.714e-07,1
27.63,-2.7192e-05,1
27.631,-6.8147e-05,1
27.631,-0.0001138,1
27.632,-0.00014032,1
27.632,-0.0001415,1
27.633,-0.00013126,1
27.633,-0.00011968,1
27.634,-0.00010826,1
27.634,-8.6107e-05,1
27.635,-4.5151e-05,1
27.636,7.7211e-06,1
27.636,5.623e-05,1
27.637,9.0806e-05,1
27.637,0.00011548,1
27.638,0.00013344,1
27.638,0.0001321,1
27.639,0.00010121,1
27.639,5.6565e-05,1
27.64,1.9303e-05,1
27.64,-1.4435e-05,1
27.641,-5.1865e-05,1
27.641,-8.5435e-05,1
27.642,-0.00010407,1
27.642,-0.00010524,1
27.643,-9.752e-05,1
27.643,-9.7185e-05,1
27.644,-0.00011867,1
27.644,-0.00014871,1
27.645,-0.00015358,1
27.645,-0.00011733,1
27.646,-6.5461e-05,1
27.646,-3.1724e-05,1
27.647,-2.7024e-05,1
27.647,-3.827e-05,1
27.648,-4.1962e-05,1
27.649,-1.9638e-05,1
27.649,2.9206e-05,1
27.65,8.6778e-05,1
27.65,0.00013814,1
27.651,0.00017171,1
27.651,0.0001796,1
27.652,0.0001603,1
27.652,0.00012035,1
27.653,8.1071e-05,1
27.653,6.2776e-05,1
27.654,6.63e-05,1
27.654,7.1672e-05,1
27.655,6.5461e-05,1
27.655,5.5222e-05,1
27.656,4.3473e-05,1
27.656,2.8199e-05,1
27.657,1.1078e-05,1
27.657,-5.8747e-06,1
27.658,-1.9974e-05,1
27.658,-2.7695e-05,1
27.659,-3.0549e-05,1
27.659,-2.9709e-05,1
27.66,-2.2324e-05,1
27.66,-9.0639e-06,1
27.661,6.2104e-06,1
27.662,1.7456e-05,1
27.662,2.6017e-05,1
27.663,3.3402e-05,1
27.663,3.508e-05,1
27.664,2.9374e-05,1
27.664,1.1246e-05,1
27.665,-2.5345e-05,1
27.665,-6.4118e-05,1
27.666,-7.6539e-05,1
27.666,-6.5965e-05,1
27.667,-4.8508e-05,1
27.667,-3.0381e-05,1
27.668,-1.8296e-05,1
27.668,-1.7792e-05,1
27.669,-2.2995e-05,1
27.669,-2.4002e-05,1
27.67,-1.4771e-05,1
27.67,1.1414e-05,1
27.671,4.7501e-05,1
27.671,7.57e-05,1
27.672,8.7449e-05,1
27.672,8.4428e-05,1
27.673,7.7714e-05,1
27.673,8.0735e-05,1
27.674,8.9464e-05,1
27.674,7.9728e-05,1
27.675,5.2705e-05,1
27.676,3.978e-05,1
27.676,5.2537e-05,1
27.677,7.335e-05,1
27.677,8.3085e-05,1
27.678,7.9393e-05,1
27.678,6.7308e-05,1
27.679,4.2466e-05,1
27.679,2.0981e-05,1
27.68,3.357e-07,1
27.68,-3.0716e-05,1
27.681,-6.5461e-05,1
27.681,-8.0232e-05,1
27.682,-7.2007e-05,1
27.682,-5.7404e-05,1
27.683,-4.4648e-05,1
27.683,-2.4338e-05,1
27.684,1.0407e-05,1
27.684,4.8844e-05,1
27.685,8.5771e-05,1
27.685,0.00011716,1
27.686,0.00013193,1
27.686,0.00012169,1
27.687,9.4499e-05,1
27.687,6.4286e-05,1
27.688,3.8102e-05,1
27.689,1.4603e-05,1
27.689,-7.2175e-06,1
27.69,-2.5681e-05,1
27.69,-3.3402e-05,1
27.691,-2.9038e-05,1
27.691,-1.8967e-05,1
27.692,-1.091e-05,1
27.692,-1.1246e-05,1
27.693,-1.5274e-05,1
27.693,-1.1582e-05,1
27.694,5.2033e-06,1
27.694,2.887e-05,1
27.695,4.6494e-05,1
27.695,5.0858e-05,1
27.696,4.3977e-05,1
27.696,2.8702e-05,1
27.697,8.2246e-06,1
27.697,-5.8747e-06,1
27.698,-9.5674e-06,1
27.698,-9.7353e-06,1
27.699,-1.6114e-05,1
27.699,-3.508e-05,1
27.7,-5.6733e-05,1
27.7,-6.1936e-05,1
27.701,-3.9612e-05,1
27.701,-2.5177e-06,1
27.702,2.5177e-05,1
27.703,3.8773e-05,1
27.703,4.5319e-05,1
27.704,4.9516e-05,1
27.704,5.0355e-05,1
27.705,4.6494e-05,1
27.705,4.3473e-05,1
27.706,4.5487e-05,1
27.706,4.918e-05,1
27.707,4.4144e-05,1
27.707,2.4506e-05,1
27.708,-2.266e-05,1
27.708,-0.00010088,1
27.709,-0.00015476,1
27.709,-0.00014351,1
27.71,-9.6513e-05,1
27.71,-5.5222e-05,1
27.711,-3.357e-05,1
27.711,-2.3499e-05,1
27.712,-9.3996e-06,1
27.712,1.5946e-05,1
27.713,4.7166e-05,1
27.713,8.2414e-05,1
27.714,0.00012605,1
27.714,0.00017842,1
27.715,0.00022005,1
27.715,0.0002323,1
27.716,0.00021065,1
27.717,0.0001697,1
27.717,0.00013344,1
27.718,0.00011598,1
27.718,0.00010591,1
27.719,8.7114e-05,1
27.719,5.774e-05,1
27.72,2.9877e-05,1
27.72,1.5274e-05,1
27.721,1.2924e-05,1
27.721,1.3931e-05,1
27.722,1.5106e-05,1
27.722,2.0478e-05,1
27.723,2.266e-05,1
27.723,1.3931e-05,1
27.724,-4.8676e-06,1
27.724,-3.6088e-05,1
27.725,-7.4861e-05,1
27.725,-9.2821e-05,1
27.726,-8.5435e-05,1
27.726,-7.1336e-05,1
27.727,-6.244e-05,1
27.727,-5.2033e-05,1
27.728,-2.4842e-05,1
27.728,1.6449e-05,1
27.729,4.8508e-05,1
27.73,5.539e-05,1
27.73,4.0116e-05,1
27.731,1.8967e-05,1
27.731,0,1
27.732,-1.326e-05,1
27.732,-1.9303e-05,1
27.733,-1.7624e-05,1
27.733,-6.8818e-06,1
27.734,9.9031e-06,1
27.734,2.417e-05,1
27.735,2.7695e-05,1
27.735,2.0981e-05,1
27.736,1.2253e-05,1
27.736,7.7211e-06,1
27.737,1.0239e-05,1
27.737,1.6617e-05,1
27.738,2.4338e-05,1
27.738,3.2059e-05,1
27.739,3.6927e-05,1
27.739,3.1388e-05,1
27.74,1.4603e-05,1
27.74,2.5177e-06,1
27.741,7.2175e-06,1
27.741,1.7624e-05,1
27.742,2.1653e-05,1
27.742,1.7624e-05,1
27.743,1.1246e-05,1
27.744,7.8889e-06,1
27.744,1.2421e-05,1
27.745,2.4674e-05,1
27.745,4.0116e-05,1
27.746,5.2033e-05,1
27.746,5.388e-05,1
27.747,4.3473e-05,1
27.747,2.7359e-05,1
27.748,1.7288e-05,1
27.748,1.7288e-05,1
27.749,2.3667e-05,1
27.749,2.5849e-05,1
27.75,1.5946e-05,1
27.75,-2.0142e-06,1
27.751,-1.9471e-05,1
27.751,-3.5752e-05,1
27.752,-4.448e-05,1
27.752,-4.1794e-05,1
27.753,-3.3402e-05,1
27.753,-2.5513e-05,1
27.754,-1.796e-05,1
27.754,5.8747e-06,1
27.755,4.4816e-05,1
27.755,7.3686e-05,1
27.756,7.9057e-05,1
27.757,7.57e-05,1
27.757,8.7114e-05,1
27.758,0.00011498,1
27.758,0.00013529,1
27.759,0.00013378,1
27.759,0.00011313,1
27.76,8.7114e-05,1
27.76,6.3615e-05,1
27.761,4.5823e-05,1
27.761,2.9038e-05,1
27.762,1.4435e-05,1
27.762,7.3854e-06,1
27.763,1.0575e-05,1
27.763,2.182e-05,1
27.764,2.417e-05,1
27.764,-6.714e-07,1
27.765,-4.0116e-05,1
27.765,-7.4022e-05,1
27.766,-0.00010457,1
27.766,-0.00012421,1
27.767,-0.00010927,1
27.767,-5.8076e-05,1
27.768,-2.8534e-06,1
27.768,3.6088e-05,1
27.769,6.63e-05,1
27.77,0.00010155,1
27.77,0.00013042,1
27.771,0.00013713,1
27.771,0.00012068,1
27.772,9.5171e-05,1
27.772,7.8386e-05,1
27.773,6.9993e-05,1
27.773,5.9419e-05,1
27.774,3.8773e-05,1
27.774,1.5946e-05,1
27.775,2.5177e-06,1
27.775,3.8605e-06,1
27.776,2.1317e-05,1
27.776,4.448e-05,1
27.777,5.623e-05,1
27.777,5.9251e-05,1
27.778,5.2201e-05,1
27.778,2.4506e-05,1
27.779,-2.9206e-05,1
27.779,-8.5939e-05,1
27.78,-0.00010961,1
27.78,-8.9967e-05,1
27.781,-4.6998e-05,1
27.781,1.6785e-06,1
27.782,4.2802e-05,1
27.782,6.4958e-05,1
27.783,6.5461e-05,1
27.784,5.3544e-05,1
27.784,3.8437e-05,1
27.785,2.6688e-05,1
27.785,2.031e-05,1
27.786,1.6617e-05,1
27.786,1.6449e-05,1
27.787,1.7288e-05,1
27.787,1.3092e-05,1
27.788,5.8747e-06,1
27.788,4.1962e-06,1
27.789,6.2104e-06,1
27.789,4.5319e-06,1
27.79,-8.3925e-07,1
27.79,-2.5177e-06,1
27.791,-5.0355e-07,1
27.791,8.3925e-07,1
27.792,-1.0071e-06,1
27.792,-3.8605e-06,1
27.793,-7.8889e-06,1
27.793,-1.7288e-05,1
27.794,-2.9206e-05,1
27.794,-3.1388e-05,1
27.795,-1.7121e-05,1
27.795,5.2033e-06,1
27.796,2.266e-05,1
27.797,2.8031e-05,1
27.797,2.5681e-05,1
27.798,3.4073e-05,1
27.798,5.6733e-05,1
27.799,7.0161e-05,1
27.799,6.5629e-05,1
27.8,4.7501e-05,1
27.8,1.8967e-05,1
27.801,-1.326e-05,1
27.801,-3.7766e-05,1
27.802,-4.8844e-05,1
27.802,-5.0187e-05,1
27.803,-4.683e-05,1
27.803,-4.448e-05,1
27.804,-3.743e-05,1
27.804,-2.7863e-05,1
27.805,-2.1988e-05,1
27.805,-1.7624e-05,1
27.806,-8.3925e-06,1
27.806,9.0639e-06,1
27.807,3.6759e-05,1
27.807,6.8315e-05,1
27.808,9.4835e-05,1
27.808,0.00010625,1
27.809,0.00010457,1
27.809,9.7185e-05,1
27.81,8.5771e-05,1
27.811,6.9322e-05,1
27.811,5.4887e-05,1
27.812,5.8412e-05,1
27.812,7.2343e-05,1
27.813,7.8386e-05,1
27.813,7.3686e-05,1
27.814,6.6636e-05,1
27.814,5.7572e-05,1
27.815,4.5823e-05,1
27.815,3.4913e-05,1
27.816,2.9374e-05,1
27.816,2.266e-05,1
27.817,1.1917e-05,1
27.817,2.3499e-06,1
27.818,-2.182e-06,1
27.818,-6.3783e-06,1
27.819,-2.1988e-05,1
27.819,-5.4551e-05,1
27.82,-9.2485e-05,1
27.82,-0.00011565,1
27.821,-0.00011179,1
27.821,-8.4764e-05,1
27.822,-4.5823e-05,1
27.822,-7.5532e-06,1
27.823,2.652e-05,1
27.823,6.6636e-05,1
27.824,0.00010776,1
27.825,0.00013931,1
27.825,0.00016735,1
27.826,0.00019857,1
27.826,0.00022139,1
27.827,0.00021132,1
27.827,0.00016097,1
27.828,8.7785e-05,1
27.828,1.7624e-05,1
27.829,-3.5584e-05,1
27.829,-7.2007e-05,1
27.83,-9.6178e-05,1
27.83,-0.00010893,1
27.831,-0.00011078,1
27.831,-0.00011749,1
27.832,-0.00013092,1
27.832,-0.00013982,1
27.833,-0.0001321,1
27.833,-0.00010642,1
27.834,-6.8147e-05,1
27.834,-2.6856e-05,1
27.835,1.2589e-05,1
27.835,4.5487e-05,1
27.836,6.9322e-05,1
27.836,8.3085e-05,1
27.837,7.6371e-05,1
27.838,5.9419e-05,1
27.838,7.2343e-05,1
27.839,0.00010289,1
27.839,0.00011296,1
27.84,9.0974e-05,1
27.84,4.8508e-05,1
27.841,6.5461e-06,1
27.841,-2.1988e-05,1
27.842,-3.8941e-05,1
27.842,-4.4648e-05,1
27.843,-2.7695e-05,1
27.843,8.2246e-06,1
27.844,3.9109e-05,1
27.844,5.1026e-05,1
27.845,4.6662e-05,1
27.845,2.6688e-05,1
27.846,8.7282e-06,1
27.846,7.8889e-06,1
27.847,1.8631e-05,1
27.847,3.8605e-05,1
27.848,7.0329e-05,1
27.848,0.00010692,1
27.849,0.0001284,1
27.849,0.00012068,1
27.85,0.00010272,1
27.851,9.7688e-05,1
27.851,0.00010457,1
27.852,0.00011128,1
27.852,0.00011296,1
27.853,0.00010994,1
27.853,0.00010256,1
27.854,9.1478e-05,1
27.854,8.3085e-05,1
27.855,8.1407e-05,1
27.855,7.9393e-05,1
27.856,6.7811e-05,1
27.856,4.8844e-05,1
27.857,3.4073e-05,1
27.857,3.3402e-05,1
27.858,4.6159e-05,1
27.858,5.5558e-05,1
27.859,4.3473e-05,1
27.859,3.8605e-06,1
27.86,-4.9348e-05,1
27.86,-8.6275e-05,1
27.861,-8.4092e-05,1
27.861,-6.9993e-05,1
27.862,-7.2847e-05,1
27.862,-8.9967e-05,1
27.863,-0.00010558,1
27.863,-0.00011212,1
27.864,-0.00011397,1
27.865,-0.00011347,1
27.865,-0.0001091,1
27.866,-9.0135e-05,1
27.866,-5.2537e-05,1
27.867,-1.0071e-05,1
27.867,1.2757e-05,1
27.868,1.0239e-05,1
27.868,1.8463e-06,1
27.869,7.5532e-06,1
27.869,1.9135e-05,1
27.87,2.1149e-05,1
27.87,1.5274e-05,1
27.871,1.1917e-05,1
27.871,1.1917e-05,1
27.872,1.4267e-05,1
27.872,1.8799e-05,1
27.873,2.4674e-05,1
27.873,3.1891e-05,1
27.874,3.827e-05,1
27.874,4.1794e-05,1
27.875,3.8941e-05,1
27.875,3.3402e-05,1
27.876,2.9038e-05,1
27.876,2.5177e-05,1
27.877,2.3667e-05,1
27.878,2.6017e-05,1
27.878,3.1388e-05,1
27.879,3.5248e-05,1
27.879,3.508e-05,1
27.88,3.2731e-05,1
27.88,3.1556e-05,1
27.881,2.9206e-05,1
27.881,2.7024e-05,1
27.882,2.6688e-05,1
27.882,2.6352e-05,1
27.883,2.4002e-05,1
27.883,2.1653e-05,1
27.884,2.031e-05,1
27.884,1.8631e-05,1
27.885,1.6617e-05,1
27.885,1.3931e-05,1
27.886,1.2589e-05,1
27.886,1.4603e-05,1
27.887,1.7792e-05,1
27.887,1.8631e-05,1
27.888,1.8463e-05,1
27.888,1.8128e-05,1
27.889,2.0981e-05,1
27.889,2.5681e-05,1
27.89,2.9374e-05,1
27.89,2.9709e-05,1
27.891,2.6352e-05,1
27.892,2.1653e-05,1
27.892,1.796e-05,1
27.893,1.5946e-05,1
27.893,1.4939e-05,1
27.894,1.3764e-05,1
27.894,1.0239e-05,1
27.895,-1.8463e-06,1
27.895,-2.7695e-05,1
27.896,-5.9586e-05,1
27.896,-8.2414e-05,1
27.897,-8.51e-05,1
27.897,-7.0832e-05,1
27.898,-4.9851e-05,1
27.898,-2.6352e-05,1
27.899,-4.8676e-06,1
27.899,2.4338e-05,1
27.9,7.5364e-05,1
27.9,0.00013008,1
27.901,0.000165,1
27.901,0.00017893,1
27.902,0.00017288,1
27.902,0.00014569,1
27.903,0.00010793,1
27.903,6.2104e-05,1
27.904,5.539e-06,1
27.904,-5.0858e-05,1
27.905,-9.0471e-05,1
27.906,-9.9535e-05,1
27.906,-6.4622e-05,1
27.907,-8.3925e-06,1
27.907,4.0116e-05,1
27.908,7.0832e-05,1
27.908,7.6539e-05,1
27.909,6.0929e-05,1
27.909,5.388e-05,1
27.91,6.4286e-05,1
27.91,8.1743e-05,1
27.911,9.2485e-05,1
27.911,9.752e-05,1
27.912,0.00011582,1
27.912,0.00013747,1
27.913,0.00013797,1
27.913,0.00011128,1
27.914,7.2175e-05,1
27.914,4.0116e-05,1
27.915,2.2828e-05,1
27.915,1.7288e-05,1
27.916,1.326e-05,1
27.916,8.3925e-07,1
27.917,-1.3596e-05,1
27.917,-2.0478e-05,1
27.918,-1.1749e-05,1
27.919,9.9031e-06,1
27.919,3.1052e-05,1
27.92,3.6759e-05,1
27.92,2.3163e-05,1
27.921,0,1
27.921,-2.0981e-05,1
27.922,-3.743e-05,1
27.922,-5.4551e-05,1
27.923,-7.1336e-05,1
27.923,-7.5532e-05,1
27.924,-6.5629e-05,1
27.924,-5.0355e-05,1
27.925,-3.978e-05,1
27.925,-3.6591e-05,1
27.926,-3.357e-05,1
27.926,-1.6449e-05,1
27.927,8.3925e-06,1
27.927,2.5345e-05,1
27.928,3.592e-05,1
27.928,3.7766e-05,1
27.929,3.0716e-05,1
27.929,1.3596e-05,1
27.93,-9.5674e-06,1
27.93,-1.9303e-05,1
27.931,-1.0239e-05,1
27.931,-4.1962e-06,1
27.932,-2.4674e-05,1
27.933,-6.6972e-05,1
27.933,-0.00011061,1
27.934,-0.0001472,1
27.934,-0.00016382,1
27.935,-0.00015644,1
27.935,-0.00013344,1
27.936,-8.9799e-05,1
27.936,-1.7288e-05,1
27.937,7.8386e-05,1
27.937,0.0001744,1
27.938,0.00024103,1
27.938,0.00026839,1
27.939,0.00026302,1
27.939,0.00023885,1
27.94,0.00020377,1
27.94,0.00016298,1
27.941,0.00012538,1
27.941,9.3156e-05,1
27.942,6.2943e-05,1
27.942,2.8031e-05,1
27.943,6.8818e-06,1
27.943,3.3234e-05,1
27.944,9.3828e-05,1
27.944,0.0001321,1
27.945,0.00011095,1
27.946,4.1459e-05,1
27.946,-3.8102e-05,1
27.947,-9.0135e-05,1
27.947,-8.8457e-05,1
27.948,-5.153e-05,1
27.948,-2.6352e-05,1
27.949,-2.9877e-05,1
27.949,-3.9948e-05,1
27.95,-4.1794e-05,1
27.95,-4.918e-05,1
27.951,-6.1601e-05,1
27.951,-5.5558e-05,1
27.952,-3.122e-05,1
27.952,-1.8967e-05,1
27.953,-3.7095e-05,1
27.953,-5.5558e-05,1
27.954,-5.6397e-05,1
27.954,-5.6565e-05,1
27.955,-5.8747e-05,1
27.955,-5.9251e-05,1
27.956,-5.6062e-05,1
27.956,-4.6159e-05,1
27.957,-2.8702e-05,1
27.957,-6.3783e-06,1
27.958,1.8128e-05,1
27.959,5.4383e-05,1
27.959,0.00011095,1
27.96,0.00016399,1
27.96,0.00018061,1
27.961,0.00014922,1
27.961,9.3828e-05,1
27.962,4.2802e-05,1
27.962,1.0575e-05,1
27.963,1.6785e-06,1
27.963,1.1246e-05,1
27.964,3.0045e-05,1
27.964,4.7837e-05,1
27.965,5.9754e-05,1
27.965,6.5461e-05,1
27.966,5.8747e-05,1
27.966,3.8437e-05,1
27.967,2.0645e-05,1
27.967,2.2324e-05,1
27.968,4.1459e-05,1
27.968,6.0929e-05,1
27.969,7.1336e-05,1
27.969,6.5126e-05,1
27.97,4.3641e-05,1
27.97,1.1749e-05,1
27.971,-1.8967e-05,1
27.971,-2.7192e-05,1
27.972,1.5106e-06,1
27.973,4.8173e-05,1
27.973,7.3182e-05,1
27.974,5.4887e-05,1
27.974,6.0426e-06,1
27.975,-3.2898e-05,1
27.975,-4.3641e-05,1
27.976,-4.0452e-05,1
27.976,-3.2563e-05,1
27.977,-2.7527e-05,1
27.977,-3.2395e-05,1
27.978,-3.5752e-05,1
27.978,-2.8031e-05,1
27.979,-1.3596e-05,1
27.979,6.5461e-06,1
27.98,2.9877e-05,1
27.98,2.7695e-05,1
27.981,-1.7792e-05,1
27.981,-6.6468e-05,1
27.982,-8.1071e-05,1
27.982,-6.2943e-05,1
27.983,-2.0645e-05,1
27.983,4.062e-05,1
27.984,0.00011263,1
27.984,0.00015962,1
27.985,0.00016315,1
27.985,0.00014553,1
27.986,0.00012404,1
27.987,8.6442e-05,1
27.987,3.827e-05,1
27.988,8.7282e-06,1
27.988,-2.8534e-06,1
27.989,-1.7288e-05,1
27.989,-3.3738e-05,1
27.99,-4.3137e-05,1
27.99,-5.3376e-05,1
27.991,-7.0665e-05,1
27.991,-8.7449e-05,1
27.992,-8.9632e-05,1
27.992,-7.1e-05,1
27.993,-4.5487e-05,1
27.993,-2.8199e-05,1
27.994,-1.5274e-05,1
27.994,-3.0213e-06,1
27.995,1.1246e-05,1
27.995,3.6759e-05,1
27.996,7.5029e-05,1
27.996,0.00011363,1
27.997,0.00014385,1
27.997,0.00016466,1
27.998,0.00016869,1
27.998,0.00015526,1
27.999,0.00013579,1
28,0.00011632,1
28,9.4835e-05,1
28.001,7.1336e-05,1
28.001,5.2873e-05,1
28.002,4.448e-05,1
28.002,4.1794e-05,1
28.003,3.743e-05,1
28.003,2.9038e-05,1
28.004,1.9303e-05,1
28.004,1.0239e-05,1
28.005,8.3925e-07,1
28.005,-6.8818e-06,1
28.006,-9.5674e-06,1
28.006,-8.896e-06,1
28.007,-1.1582e-05,1
28.007,-2.266e-05,1
28.008,-4.8844e-05,1
28.008,-8.6442e-05,1
28.009,-0.00011666,1
28.009,-0.0001279,1
28.01,-0.00012035,1
28.01,-9.6849e-05,1
28.011,-5.6565e-05,1
28.011,-7.2175e-06,1
28.012,3.6088e-05,1
28.012,7.2007e-05,1
28.013,0.00010726,1
28.014,0.00014217,1
28.014,0.00017171,1
28.015,0.00019219,1
28.015,0.00019387,1
28.016,0.00017037,1
28.016,0.00012287,1
28.017,6.1601e-05,1
28.017,2.5177e-06,1
28.018,-3.6759e-05,1
28.018,-5.4383e-05,1
28.019,-6.2608e-05,1
28.019,-7.5364e-05,1
28.02,-8.9296e-05,1
28.02,-0.00010172,1
28.021,-0.00012052,1
28.021,-0.0001232,1
28.022,-6.6804e-05,1
28.022,2.8534e-05,1
28.023,0.00010541,1
28.023,0.00013075,1
28.024,0.00010625,1
28.024,6.1601e-05,1
28.025,2.7863e-05,1
28.025,1.8296e-05,1
28.026,3.1052e-05,1
28.027,5.623e-05,1
28.027,7.9728e-05,1
28.028,9.1142e-05,1
28.028,9.1646e-05,1
28.029,7.6371e-05,1
28.029,5.539e-05,1
28.03,4.8844e-05,1
28.03,5.0187e-05,1
28.031,4.0787e-05,1
28.031,9.9031e-06,1
28.032,-3.3738e-05,1
28.032,-7.3182e-05,1
28.033,-0.0001044,1
28.033,-0.00012102,1
28.034,-0.00011313,1
28.034,-8.2246e-05,1
28.035,-4.3641e-05,1
28.035,-1.3428e-05,1
28.036,-1.6785e-06,1
28.036,-3.8605e-06,1
28.037,-1.8463e-06,1
28.037,1.7456e-05,1
28.038,4.448e-05,1
28.038,6.3615e-05,1
28.039,6.8147e-05,1
28.04,5.1194e-05,1
28.04,1.7288e-05,1
28.041,-1.8296e-05,1
28.041,-4.3137e-05,1
28.042,-6.1097e-05,1
28.042,-7.6036e-05,1
28.043,-8.04e-05,1
28.043,-8.2246e-05,1
28.044,-0.00010356,1
28.044,-0.00012136,1
28.045,-0.00010423,1
28.045,-5.6565e-05,1
28.046,1.6785e-07,1
28.046,4.4144e-05,1
28.047,6.8315e-05,1
28.047,7.8386e-05,1
28.048,7.3686e-05,1
28.048,5.3544e-05,1
28.049,2.5513e-05,1
28.049,4.1962e-06,1
28.05,-1.0575e-05,1
28.05,-2.3331e-05,1
28.051,-2.9374e-05,1
28.051,-2.9038e-05,1
28.052,-2.652e-05,1
28.052,-1.8296e-05,1
28.053,7.2175e-06,1
28.054,4.213e-05,1
28.054,7.2343e-05,1
28.055,9.7856e-05,1
28.055,0.00013378,1
28.056,0.00018178,1
28.056,0.00022458,1
28.057,0.00024691,1
28.057,0.00024472,1
28.058,0.00022408,1
28.058,0.00019521,1
28.059,0.00015929,1
28.059,0.00011431,1
28.06,7.3014e-05,1
28.06,5.539e-05,1
28.061,5.6901e-05,1
28.061,4.4984e-05,1
28.062,-1.5106e-05,1
28.062,-9.987e-05,1
28.063,-0.00014939,1
28.063,-0.00014435,1
28.064,-0.00010524,1
28.064,-5.8244e-05,1
28.065,-1.8967e-05,1
28.065,1.3931e-05,1
28.066,4.0116e-05,1
28.067,5.0858e-05,1
28.067,5.4551e-05,1
28.068,6.6972e-05,1
28.068,8.7785e-05,1
28.069,0.00010172,1
28.069,9.752e-05,1
28.07,7.7379e-05,1
28.07,4.3305e-05,1
28.071,4.5319e-06,1
28.071,-1.8296e-05,1
28.072,-2.0645e-05,1
28.072,-1.6617e-05,1
28.073,-1.9303e-05,1
28.073,-3.0716e-05,1
28.074,-4.062e-05,1
28.074,-3.6927e-05,1
28.075,-2.1653e-05,1
28.075,3.8605e-06,1
28.076,4.3305e-05,1
28.076,8.51e-05,1
28.077,0.00010121,1
28.077,7.8721e-05,1
28.078,2.8031e-05,1
28.078,-2.6352e-05,1
28.079,-6.865e-05,1
28.079,-8.8792e-05,1
28.08,-8.5603e-05,1
28.081,-7.1e-05,1
28.081,-5.8244e-05,1
28.082,-5.3544e-05,1
28.082,-5.8915e-05,1
28.083,-7.0497e-05,1
28.083,-7.3686e-05,1
28.084,-6.3951e-05,1
28.084,-5.5222e-05,1
28.085,-5.6062e-05,1
28.085,-5.6565e-05,1
28.086,-5.0019e-05,1
28.086,-4.0452e-05,1
28.087,-3.0045e-05,1
28.087,-1.4267e-05,1
28.088,1.1246e-05,1
28.088,3.6759e-05,1
28.089,4.8844e-05,1
28.089,5.0858e-05,1
28.09,5.3376e-05,1
28.09,6.6636e-05,1
28.091,8.04e-05,1
28.091,6.865e-05,1
28.092,3.0716e-05,1
28.092,-4.0284e-06,1
28.093,-1.2757e-05,1
28.093,1.1917e-05,1
28.094,5.8076e-05,1
28.095,0.00010188,1
28.095,0.00013143,1
28.096,0.00014569,1
28.096,0.0001514,1
28.097,0.00015862,1
28.097,0.0001697,1
28.098,0.00017842,1
28.098,0.0001754,1
28.099,0.00014922,1
28.099,0.00010709,1
28.1,6.6972e-05,1
28.1,4.1794e-05,1
28.101,3.3738e-05,1
28.101,3.7766e-05,1
28.102,4.3137e-05,1
28.102,4.5151e-05,1
28.103,4.3809e-05,1
28.103,4.4816e-05,1
28.104,4.4144e-05,1
28.104,3.978e-05,1
28.105,4.1291e-05,1
28.105,5.1194e-05,1
28.106,6.4958e-05,1
28.106,8.2246e-05,1
28.107,9.2988e-05,1
28.108,8.7953e-05,1
28.108,6.4118e-05,1
28.109,1.2924e-05,1
28.109,-8.2414e-05,1
28.11,-0.00019034,1
28.11,-0.0002501,1
28.111,-0.00024472,1
28.111,-0.00019168,1
28.112,-0.00011565,1
28.112,-4.1962e-05,1
28.113,1.2589e-05,1
28.113,3.4409e-05,1
28.114,2.9374e-05,1
28.114,1.5946e-05,1
28.115,4.5319e-06,1
28.115,3.8605e-06,1
28.116,1.5946e-05,1
28.116,3.3906e-05,1
28.117,1.9638e-05,1
28.117,-4.9348e-05,1
28.118,-0.00013143,1
28.118,-0.00018111,1
28.119,-0.00018547,1
28.119,-0.00015744,1
28.12,-0.00010927,1
28.12,-4.4312e-05,1
28.121,1.9638e-05,1
28.122,7.0665e-05,1
28.122,0.00012035,1
28.123,0.00017926,1
28.123,0.00023516,1
28.124,0.00027175,1
28.124,0.00028115,1
28.125,0.00027175,1
28.125,0.00026772,1
28.126,0.00024775,1
28.126,0.00017842,1
28.127,7.335e-05,1
28.127,-3.0716e-05,1
28.128,-0.00011431,1
28.128,-0.00017205,1
28.129,-0.0001994,1
28.129,-0.00020142,1
28.13,-0.00018749,1
28.13,-0.00015845,1
28.131,-0.00011263,1
28.131,-4.448e-05,1
28.132,3.508e-05,1
28.132,0.00011196,1
28.133,0.0001603,1
28.133,0.00014955,1
28.134,0.00010423,1
28.135,7.8386e-05,1
28.135,9.5506e-05,1
28.136,0.00013948,1
28.136,0.0001744,1
28.137,0.00017154,1
28.137,0.0001237,1
28.138,5.069e-05,1
28.138,-2.2324e-05,1
28.139,-0.00010591,1
28.139,-0.00021669,1
28.14,-0.00033201,1
28.14,-0.00040032,1
28.141,-0.0003785,1
28.141,-0.00028618,1
28.142,-0.00016667,1
28.142,-4.3137e-05,1
28.143,7.5364e-05,1
28.143,0.00017708,1
28.144,0.00026436,1
28.144,0.0003597,1
28.145,0.00048324,1
28.145,0.00061936,1
28.146,0.00070581,1
28.146,0.00068516,1
28.147,0.00055978,1
28.148,0.00038219,1
28.148,0.00021921,1
28.149,8.6442e-05,1
28.149,-2.031e-05,1
28.15,-0.00010239,1
28.15,-0.00015157,1
28.151,-0.00016986,1
28.151,-0.00016869,1
28.152,-0.00016147,1
28.152,-0.00015526,1
28.153,-0.00013545,1
28.153,-9.3492e-05,1
28.154,-5.0858e-05,1
28.154,-2.4002e-05,1
28.155,-2.8534e-06,1
28.155,1.6281e-05,1
28.156,7.0497e-06,1
28.156,-4.0452e-05,1
28.157,-9.5674e-05,1
28.157,-0.00013512,1
28.158,-0.00016684,1
28.158,-0.00019588,1
28.159,-0.00021166,1
28.159,-0.0002036,1
28.16,-0.00017272,1
28.16,-0.00012908,1
28.161,-8.1239e-05,1
28.162,-3.7934e-05,1
28.162,-5.2033e-06,1
28.163,2.1988e-05,1
28.163,3.8437e-05,1
28.164,3.7095e-05,1
28.164,1.9974e-05,1
28.165,-3.8605e-06,1
28.165,-2.1317e-05,1
28.166,-2.4674e-05,1
28.166,-2.182e-05,1
28.167,-2.9038e-05,1
28.167,-4.918e-05,1
28.168,-6.3279e-05,1
28.168,-5.2369e-05,1
28.169,-1.8296e-05,1
28.169,7.5532e-06,1
28.17,1.2589e-05,1
28.17,2.8367e-05,1
28.171,6.1097e-05,1
28.171,8.3757e-05,1
28.172,8.8457e-05,1
28.172,9.2821e-05,1
28.173,9.1142e-05,1
28.173,7.3014e-05,1
28.174,4.683e-05,1
28.174,2.3835e-05,1
28.175,8.5603e-06,1
28.176,2.5177e-06,1
28.176,4.5319e-06,1
28.177,6.5461e-06,1
28.177,4.1962e-06,1
28.178,6.3783e-06,1
28.178,2.3331e-05,1
28.179,4.5151e-05,1
28.179,5.2033e-05,1
28.18,4.1459e-05,1
28.18,3.0381e-05,1
28.181,3.0549e-05,1
28.181,3.4745e-05,1
28.182,3.6088e-05,1
28.182,3.3234e-05,1
28.183,2.8031e-05,1
28.183,2.1988e-05,1
28.184,1.8967e-05,1
28.184,2.1317e-05,1
28.185,2.3835e-05,1
28.185,2.182e-05,1
28.186,2.0478e-05,1
28.186,1.8631e-05,1
28.187,1.4267e-05,1
28.187,9.2317e-06,1
28.188,3.0213e-06,1
28.189,-8.3925e-06,1
28.189,-1.6281e-05,1
28.19,-1.4267e-05,1
28.19,-1.4267e-05,1
28.191,-2.2995e-05,1
28.191,-3.0716e-05,1
28.192,-2.3667e-05,1
28.192,-1.5106e-05,1
28.193,-3.5752e-05,1
28.193,-8.2078e-05,1
28.194,-9.5842e-05,1
28.194,-5.0858e-05,1
28.195,2.9038e-05,1
28.195,9.9535e-05,1
28.196,0.00014015,1
28.196,0.00016701,1
28.197,0.0001848,1
28.197,0.00018161,1
28.198,0.00014485,1
28.198,8.3757e-05,1
28.199,2.5345e-05,1
28.199,-1.0239e-05,1
28.2,-3.4409e-05,1
28.2,-5.6901e-05,1
28.201,-6.9993e-05,1
28.201,-6.7308e-05,1
28.202,-6.7643e-05,1
28.203,-6.479e-05,1
28.203,-3.3906e-05,1
28.204,2.501e-05,1
28.204,0.00010961,1
28.205,0.00020159,1
28.205,0.00025194,1
28.206,0.00023986,1
28.206,0.00018379,1
28.207,0.0001133,1
28.207,5.7908e-05,1
28.208,1.561e-05,1
28.208,-3.8102e-05,1
28.209,-9.2653e-05,1
28.209,-0.00011296,1
28.21,-8.8121e-05,1
28.21,-3.8605e-05,1
28.211,4.5319e-06,1
28.211,3.2898e-05,1
28.212,6.7811e-05,1
28.212,0.00013092,1
28.213,0.00018144,1
28.213,0.0001707,1
28.214,0.0001279,1
28.214,9.5171e-05,1
28.215,6.7979e-05,1
28.216,2.5177e-05,1
28.216,-2.887e-05,1
28.217,-6.6468e-05,1
28.217,-7.5196e-05,1
28.218,-6.2104e-05,1
28.218,-3.9277e-05,1
28.219,-1.2589e-05,1
28.219,1.8128e-05,1
28.22,4.1123e-05,1
28.22,4.9516e-05,1
28.221,7.3686e-05,1
28.221,0.00011901,1
28.222,0.00013143,1
28.222,6.9993e-05,1
28.223,-3.4409e-05,1
28.223,-0.00011833,1
28.224,-0.00014838,1
28.224,-0.00012757,1
28.225,-6.479e-05,1
28.225,3.1388e-05,1
28.226,0.00013713,1
28.226,0.00022005,1
28.227,0.00026033,1
28.227,0.00023801,1
28.228,0.00015409,1
28.229,6.9322e-05,1
28.229,2.4002e-05,1
28.23,-1.1749e-05,1
28.23,-6.9993e-05,1
28.231,-0.00015157,1
28.231,-0.0002417,1
28.232,-0.00031086,1
28.232,-0.00031891,1
28.233,-0.00026889,1
28.233,-0.00020293,1
28.234,-0.00013797,1
28.234,-7.4693e-05,1
28.235,-5.2537e-05,1
28.235,-5.4047e-05,1
28.236,8.3925e-07,1
28.236,0.00011833,1
28.237,0.00022911,1
28.237,0.00026889,1
28.238,0.00023247,1
28.238,0.00016533,1
28.239,0.00011481,1
28.239,9.987e-05,1
28.24,0.000118,1
28.24,0.00015425,1
28.241,0.00016416,1
28.241,0.0001514,1
28.242,0.00013378,1
28.243,0.0001086,1
28.243,8.04e-05,1
28.244,6.8986e-05,1
28.244,7.6371e-05,1
28.245,9.1981e-05,1
28.245,0.00011313,1
28.246,0.00013713,1
28.246,0.00014737,1
28.247,0.00013378,1
28.247,0.00012001,1
28.248,0.00011582,1
28.248,9.2149e-05,1
28.249,3.0716e-05,1
28.249,-4.7166e-05,1
28.25,-0.00010877,1
28.25,-0.00014334,1
28.251,-0.00015912,1
28.251,-0.00015425,1
28.252,-0.00014066,1
28.252,-0.00013378,1
28.253,-0.00013143,1
28.253,-0.00012471,1
28.254,-0.00012337,1
28.254,-0.00014284,1
28.255,-0.00018866,1
28.256,-0.00024875,1
28.256,-0.00024657,1
28.257,-0.00014519,1
28.257,-2.4674e-05,1
28.258,3.6423e-05,1
28.258,4.1627e-05,1
28.259,2.1317e-05,1
28.259,0,1
28.26,-1.2253e-05,1
28.26,-7.5532e-06,1
28.261,2.1317e-05,1
28.261,6.6636e-05,1
28.262,0.00010759,1
28.262,0.00012605,1
28.263,0.00011666,1
28.263,9.4331e-05,1
28.264,7.1839e-05,1
28.264,4.4816e-05,1
28.265,5.8747e-06,1
28.265,-3.0716e-05,1
28.266,-4.062e-05,1
28.266,-3.3066e-05,1
28.267,-3.4073e-05,1
28.267,-5.1362e-05,1
28.268,-6.6804e-05,1
28.268,-4.1627e-05,1
28.269,6.5965e-05,1
28.27,0.00019017,1
28.27,0.00023314,1
28.271,0.00019236,1
28.271,0.00012706,1
28.272,8.5771e-05,1
28.272,7.1e-05,1
28.273,6.63e-05,1
28.273,5.9251e-05,1
28.274,4.4816e-05,1
28.274,2.6352e-05,1
28.275,6.2104e-06,1
28.275,-3.357e-06,1
28.276,1.0575e-05,1
28.276,2.7024e-05,1
28.277,2.5681e-05,1
28.277,1.1582e-05,1
28.278,-1.3428e-06,1
28.278,-7.8889e-06,1
28.279,-1.2253e-05,1
28.279,-1.8967e-05,1
28.28,-2.4842e-05,1
28.28,-2.7695e-05,1
28.281,-2.8702e-05,1
28.281,-3.0549e-05,1
28.282,-3.0213e-05,1
28.282,-2.7527e-05,1
28.283,-2.2324e-05,1
28.284,-1.5778e-05,1
28.284,-1.796e-05,1
28.285,-4.2634e-05,1
28.285,-8.1407e-05,1
28.286,-0.00010927,1
28.286,-0.00011749,1
28.287,-0.00010608,1
28.287,-6.7308e-05,1
28.288,-1.5946e-05,1
28.288,2.031e-05,1
28.289,3.6927e-05,1
28.289,5.2033e-05,1
28.29,8.04e-05,1
28.29,0.00012505,1
28.291,0.00018245,1
28.291,0.00022408,1
28.292,0.00021468,1
28.292,0.00017557,1
28.293,0.00014083,1
28.293,0.00011917,1
28.294,0.00010373,1
28.294,8.8792e-05,1
28.295,7.5029e-05,1
28.295,7.4861e-05,1
28.296,8.4092e-05,1
28.297,8.4932e-05,1
28.297,7.2679e-05,1
28.298,5.2873e-05,1
28.298,2.2492e-05,1
28.299,-1.9806e-05,1
28.299,-5.2201e-05,1
28.3,-5.6901e-05,1
28.3,-4.6494e-05,1
28.301,-3.4577e-05,1
28.301,-1.8296e-05,1
28.302,1.5106e-06,1
28.302,1.2589e-05,1
28.303,9.7353e-06,1
28.303,6.2104e-06,1
28.304,1.3596e-05,1
28.304,1.796e-05,1
28.305,1.0407e-05,1
28.305,1.0575e-05,1
28.306,2.8367e-05,1
28.306,4.8844e-05,1
28.307,5.9586e-05,1
28.307,5.539e-05,1
28.308,3.8773e-05,1
28.308,9.3996e-06,1
28.309,-2.4506e-05,1
28.309,-6.3447e-05,1
28.31,-0.00013075,1
28.311,-0.00020897,1
28.311,-0.00024724,1
28.312,-0.00023197,1
28.312,-0.00018346,1
28.313,-0.00011817,1
28.313,-3.5752e-05,1
28.314,5.539e-05,1
28.314,0.00012035,1
28.315,0.00014653,1
28.315,0.00014553,1
28.316,0.00014485,1
28.316,0.00016432,1
28.317,0.0001942,1
28.317,0.00021468,1
28.318,0.00022458,1
28.318,0.00022878,1
28.319,0.00021569,1
28.319,0.00016802,1
28.32,9.4667e-05,1
28.32,2.9374e-05,1
28.321,2.5177e-06,1
28.321,-1.2421e-05,1
28.322,-5.8915e-05,1
28.322,-0.00012639,1
28.323,-0.0001791,1
28.324,-0.0002125,1
28.324,-0.00022979,1
28.325,-0.00022089,1
28.325,-0.00017221,1
28.326,-8.04e-05,1
28.326,3.0213e-05,1
28.327,0.0001185,1
28.327,0.00017171,1
28.328,0.00021921,1
28.328,0.00027192,1
28.329,0.00030733,1
28.329,0.00031337,1
28.33,0.00029458,1
28.33,0.00025429,1
28.331,0.00019957,1
28.331,0.00014838,1
28.332,0.00011313,1
28.332,8.5771e-05,1
28.333,5.5055e-05,1
28.333,2.1653e-05,1
28.334,-1.0575e-05,1
28.334,-3.9109e-05,1
28.335,-6.1769e-05,1
28.335,-7.9896e-05,1
28.336,-9.2988e-05,1
28.337,-9.8192e-05,1
28.337,-8.4428e-05,1
28.338,-5.153e-05,1
28.338,-2.4338e-05,1
28.339,-3.4409e-05,1
28.339,-9.2821e-05,1
28.34,-0.00014838,1
28.34,-0.00015023,1
28.341,-9.7185e-05,1
28.341,-1.5946e-05,1
28.342,3.978e-05,1
28.342,2.6688e-05,1
28.343,-3.9948e-05,1
28.343,-0.00012136,1
28.344,-0.00020729,1
28.344,-0.0002882,1
28.345,-0.00032512,1
28.345,-0.00030028,1
28.346,-0.00024388,1
28.346,-0.00018598,1
28.347,-0.00012119,1
28.347,-4.213e-05,1
28.348,4.1459e-05,1
28.348,0.00012136,1
28.349,0.00019622,1
28.349,0.00024825,1
28.35,0.00026839,1
28.351,0.00027745,1
28.351,0.00028148,1
28.352,0.00027007,1
28.352,0.00025362,1
28.353,0.00025614,1
28.353,0.00026168,1
28.354,0.00023062,1
28.354,0.00016365,1
28.355,8.8121e-05,1
28.355,2.2324e-05,1
28.356,-2.1653e-05,1
28.356,-3.1556e-05,1
28.357,-4.5319e-06,1
28.357,4.8508e-05,1
28.358,0.00010793,1
28.358,0.00016063,1
28.359,0.00017893,1
28.359,0.00014586,1
28.36,8.2582e-05,1
28.36,2.9374e-05,1
28.361,3.8605e-06,1
28.361,-5.539e-06,1
28.362,-1.4267e-05,1
28.362,-2.7863e-05,1
28.363,-6.2104e-05,1
28.363,-0.00011749,1
28.364,-0.00014754,1
28.365,-0.00013562,1
28.365,-9.9535e-05,1
28.366,-6.3279e-05,1
28.366,-3.7263e-05,1
28.367,-2.0645e-05,1
28.367,-1.1414e-05,1
28.368,-6.2104e-06,1
28.368,-1.8463e-06,1
28.369,4.0284e-06,1
28.369,9.0639e-06,1
28.37,6.3783e-06,1
28.37,-9.5674e-06,1
28.371,-3.508e-05,1
28.371,-5.7908e-05,1
28.372,-6.2776e-05,1
28.372,-5.1362e-05,1
28.373,-3.8773e-05,1
28.373,-3.508e-05,1
28.374,-3.1388e-05,1
28.374,-1.4603e-05,1
28.375,1.0575e-05,1
28.375,3.3066e-05,1
28.376,4.5823e-05,1
28.376,5.1698e-05,1
28.377,6.3615e-05,1
28.378,8.5771e-05,1
28.378,9.9535e-05,1
28.379,8.8289e-05,1
28.379,6.7643e-05,1
28.38,6.3951e-05,1
28.38,7.4861e-05,1
28.381,7.2679e-05,1
28.381,3.4577e-05,1
28.382,-1.6785e-05,1
28.382,-4.3809e-05,1
28.383,-3.6088e-05,1
28.383,-2.6856e-06,1
28.384,2.9374e-05,1
28.384,3.8773e-05,1
28.385,2.6688e-05,1
28.385,1.1749e-05,1
28.386,3.357e-07,1
28.386,-1.5778e-05,1
28.387,-3.7095e-05,1
28.387,-5.2369e-05,1
28.388,-4.9516e-05,1
28.388,-3.2731e-05,1
28.389,-1.5442e-05,1
28.389,-6.2104e-06,1
28.39,-2.8534e-06,1
28.39,2.5177e-06,1
28.391,7.8889e-06,1
28.392,7.8889e-06,1
28.392,2.8534e-06,1
28.393,-5.0355e-07,1
28.393,6.714e-07,1
28.394,3.5248e-06,1
28.394,6.5461e-06,1
28.395,1.0407e-05,1
28.395,1.4603e-05,1
28.396,1.6449e-05,1
28.396,1.6449e-05,1
28.397,1.8296e-05,1
28.397,1.7624e-05,1
28.398,7.2175e-06,1
28.398,-1.2924e-05,1
28.399,-3.1052e-05,1
28.399,-3.9277e-05,1
28.4,-4.5319e-05,1
28.4,-4.9012e-05,1
28.401,-4.5991e-05,1
28.401,-4.0452e-05,1
28.402,-3.6088e-05,1
28.402,-2.8534e-05,1
28.403,-1.561e-05,1
28.403,1.5106e-06,1
28.404,2.501e-05,1
28.405,5.9754e-05,1
28.405,0.00010658,1
28.406,0.0001514,1
28.406,0.00017708,1
28.407,0.00018212,1
28.407,0.00017507,1
28.408,0.00016231,1
28.408,0.00013915,1
28.409,0.0001044,1
28.409,6.8986e-05,1
28.41,4.683e-05,1
28.41,3.4073e-05,1
28.411,2.6352e-05,1
28.411,2.3331e-05,1
28.412,2.4674e-05,1
28.412,2.6688e-05,1
28.413,3.3402e-05,1
28.413,5.1362e-05,1
28.414,6.8986e-05,1
28.414,7.8553e-05,1
28.415,7.4357e-05,1
28.415,5.2201e-05,1
28.416,2.1988e-05,1
28.416,-4.8676e-06,1
28.417,-2.1653e-05,1
28.418,-3.0884e-05,1
28.418,-4.5487e-05,1
28.419,-6.3111e-05,1
28.419,-7.2007e-05,1
28.42,-6.7979e-05,1
28.42,-5.7572e-05,1
28.421,-5.6062e-05,1
28.421,-7.2679e-05,1
28.422,-0.0001086,1
28.422,-0.00015174,1
28.423,-0.00017339,1
28.423,-0.00014804,1
28.424,-8.04e-05,1
28.424,2.182e-06,1
28.425,7.2007e-05,1
28.425,0.00011095,1
28.426,0.00011128,1
28.426,8.2918e-05,1
28.427,5.2873e-05,1
28.427,5.623e-05,1
28.428,0.00010289,1
28.428,0.00016197,1
28.429,0.00019286,1
28.429,0.00018094,1
28.43,0.00015157,1
28.43,0.00012874,1
28.431,0.00012303,1
28.432,0.00013797,1
28.432,0.0001655,1
28.433,0.00019487,1
28.433,0.00019622,1
28.434,0.00015895,1
28.434,0.00010088,1
28.435,4.8676e-05,1
28.435,1.5946e-05,1
28.436,1.1749e-06,1
28.436,-1.9135e-05,1
28.437,-5.6901e-05,1
28.437,-8.8792e-05,1
28.438,-9.9199e-05,1
28.438,-9.752e-05,1
28.439,-9.7856e-05,1
28.439,-9.9535e-05,1
28.44,-8.7785e-05,1
28.44,-5.9251e-05,1
28.441,-3.2563e-05,1
28.441,-3.9612e-05,1
28.442,-7.6204e-05,1
28.442,-9.7688e-05,1
28.443,-8.6442e-05,1
28.443,-5.2369e-05,1
28.444,-2.266e-05,1
28.445,-1.0071e-05,1
28.445,-6.5461e-06,1
28.446,-5.8747e-06,1
28.446,-5.0355e-07,1
28.447,1.9638e-05,1
28.447,5.4215e-05,1
28.448,9.2988e-05,1
28.448,0.00012689,1
28.449,0.00013613,1
28.449,0.00011548,1
28.45,8.8289e-05,1
28.45,6.9322e-05,1
28.451,4.6662e-05,1
28.451,1.4099e-05,1
28.452,-2.4002e-05,1
28.452,-6.3447e-05,1
28.453,-0.0001138,1
28.453,-0.00018447,1
28.454,-0.00023264,1
28.454,-0.00022341,1
28.455,-0.00017238,1
28.455,-0.00011833,1
28.456,-7.2847e-05,1
28.456,-1.3931e-05,1
28.457,8.0064e-05,1
28.457,0.00019521,1
28.458,0.00028853,1
28.459,0.00033519,1
28.459,0.0003409,1
28.46,0.0003174,1
28.46,0.00027376,1
28.461,0.00022962,1
28.461,0.00019722,1
28.462,0.00016701,1
28.462,0.00013109,1
28.463,9.5171e-05,1
28.463,5.8915e-05,1
28.464,7.2175e-06,1
28.464,-5.8579e-05,1
28.465,-0.00010625,1
28.465,-0.00012236,1
28.466,-0.00011968,1
28.466,-0.00010709,1
28.467,-0.00010004,1
28.467,-0.00010423,1
28.468,-0.00010457,1
28.468,-9.0639e-05,1
28.469,-7.1336e-05,1
28.469,-5.2873e-05,1
28.47,-3.1891e-05,1
28.47,-2.0142e-06,1
28.471,3.827e-05,1
28.471,7.57e-05,1
28.472,9.6513e-05,1
28.473,9.4835e-05,1
28.473,7.4189e-05,1
28.474,4.7166e-05,1
28.474,2.501e-05,1
28.475,9.5674e-06,1
28.475,-1.5106e-06,1
28.476,-8.7282e-06,1
28.476,-1.6114e-05,1
28.477,-2.3835e-05,1
28.477,-2.4002e-05,1
28.478,-1.0239e-05,1
28.478,1.4771e-05,1
28.479,3.4409e-05,1
28.479,4.3473e-05,1
28.48,4.7333e-05,1
28.48,4.4816e-05,1
28.481,3.7095e-05,1
28.481,2.8367e-05,1
28.482,2.0813e-05,1
28.482,1.5946e-05,1
28.483,1.1749e-05,1
28.483,7.8889e-06,1
28.484,6.8818e-06,1
28.484,6.5461e-06,1
28.485,9.0639e-06,1
28.486,2.6184e-05,1
28.486,4.5487e-05,1
28.487,4.5823e-05,1
28.487,2.1317e-05,1
28.488,-1.0575e-05,1
28.488,-3.2563e-05,1
28.489,-3.7934e-05,1
28.489,-3.2731e-05,1
28.49,-2.6184e-05,1
28.49,-2.2324e-05,1
28.491,-1.9638e-05,1
28.491,-1.561e-05,1
28.492,-1.6281e-05,1
28.492,-2.5681e-05,1
28.493,-3.6591e-05,1
28.493,-3.9277e-05,1
28.494,-3.0381e-05,1
28.494,-1.8967e-05,1
28.495,-1.4939e-05,1
28.495,-1.9135e-05,1
28.496,-1.9974e-05,1
28.496,-5.539e-06,1
28.497,2.501e-05,1
28.497,6.0258e-05,1
28.498,8.2918e-05,1
28.498,8.6778e-05,1
28.499,7.8218e-05,1
28.5,6.5629e-05,1
28.5,5.623e-05,1
28.501,5.153e-05,1
28.501,4.9516e-05,1
28.502,4.7333e-05,1
28.502,4.213e-05,1
28.503,3.4745e-05,1
28.503,2.2995e-05,1
28.504,6.8818e-06,1
28.504,-6.0426e-06,1
28.505,-8.896e-06,1
28.505,-6.8818e-06,1
28.506,-3.6927e-06,1
28.506,-1.6785e-06,1
28.507,-4.5319e-06,1
28.507,-8.2246e-06,1
28.508,-4.6998e-06,1
28.508,1.4603e-05,1
28.509,4.9012e-05,1
28.509,7.2343e-05,1
28.51,5.8915e-05,1
28.51,8.2246e-06,1
28.511,-5.5726e-05,1
28.511,-0.00010356,1
28.512,-0.000118,1
28.513,-0.00010491,1
28.513,-8.3085e-05,1
28.514,-5.9251e-05,1
28.514,-3.1891e-05,1
28.515,-6.2104e-06,1
28.515,1.5946e-05,1
28.516,4.3473e-05,1
28.516,7.9896e-05,1
28.517,0.0001086,1
28.517,0.00011464,1
28.518,0.00010961,1
28.518,9.9535e-05,1
28.519,8.5771e-05,1
28.519,7.0497e-05,1
28.52,6.2272e-05,1
28.52,6.3615e-05,1
28.521,6.7308e-05,1
28.521,7.0329e-05,1
28.522,8.1239e-05,1
28.522,0.00010726,1
28.523,0.0001462,1
28.523,0.00018329,1
28.524,0.00020092,1
28.524,0.00019236,1
28.525,0.00015996,1
28.526,0.00011833,1
28.526,7.9057e-05,1
28.527,4.1291e-05,1
28.527,1.1749e-05,1
28.528,-6.8818e-06,1
28.528,-1.2589e-05,1
28.529,-3.0213e-06,1
28.529,1.9303e-05,1
28.53,4.8844e-05,1
28.53,8.0064e-05,1
28.531,0.00011531,1
28.531,0.00014888,1
28.532,0.00015627,1
28.532,0.00013176,1
28.533,9.2485e-05,1
28.533,6.1601e-05,1
28.534,5.2201e-05,1
28.534,5.8579e-05,1
28.535,6.3279e-05,1
28.535,5.5558e-05,1
28.536,3.5416e-05,1
28.536,3.8605e-06,1
28.537,-3.1724e-05,1
28.537,-6.6468e-05,1
28.538,-0.00010021,1
28.538,-0.00012857,1
28.539,-0.00014653,1
28.54,-0.00014469,1
28.54,-0.00013042,1
28.541,-0.00012203,1
28.541,-0.0001237,1
28.542,-0.00012454,1
28.542,-0.00012085,1
28.543,-0.00011414,1
28.543,-0.00010021,1
28.544,-7.2343e-05,1
28.544,-4.0116e-05,1
28.545,-2.1317e-05,1
28.545,-1.6281e-05,1
28.546,-1.4603e-05,1
28.546,-1.5778e-05,1
28.547,-2.0645e-05,1
28.547,-2.3499e-05,1
28.548,-1.9303e-05,1
28.548,-1.3596e-05,1
28.549,-9.5674e-06,1
28.549,-3.8605e-06,1
28.55,2.5177e-06,1
28.55,7.3854e-06,1
28.551,1.2589e-05,1
28.551,2.4674e-05,1
28.552,4.7166e-05,1
28.552,7.1336e-05,1
28.553,8.1071e-05,1
28.554,6.9993e-05,1
28.554,3.9445e-05,1
28.555,-1.6785e-06,1
28.555,-3.8437e-05,1
28.556,-5.7572e-05,1
28.556,-5.8579e-05,1
28.557,-5.4383e-05,1
28.557,-5.069e-05,1
28.558,-2.9038e-05,1
28.558,3.8437e-05,1
28.559,0.00013713,1
28.559,0.00022811,1
28.56,0.00027913,1
28.56,0.00028148,1
28.561,0.00024002,1
28.561,0.00016768,1
28.562,8.9799e-05,1
28.562,2.6352e-05,1
28.563,-2.4338e-05,1
28.563,-6.9993e-05,1
28.564,-0.00010054,1
28.564,-0.00010558,1
28.565,-9.5003e-05,1
28.565,-8.1407e-05,1
28.566,-5.623e-05,1
28.567,-2.0981e-05,1
28.567,5.539e-06,1
28.568,1.9974e-05,1
28.568,3.9948e-05,1
28.569,6.3615e-05,1
28.569,7.8386e-05,1
28.57,8.1575e-05,1
28.57,7.6371e-05,1
28.571,5.0187e-05,1
28.571,9.9031e-06,1
28.572,-8.2246e-06,1
28.572,-6.5461e-06,1
28.573,-9.9031e-06,1
28.573,-2.417e-05,1
28.574,-3.5416e-05,1
28.574,-3.978e-05,1
28.575,-4.3137e-05,1
28.575,-4.6494e-05,1
28.576,-3.8102e-05,1
28.576,-2.6856e-06,1
28.577,6.2776e-05,1
28.577,0.00013864,1
28.578,0.00019185,1
28.578,0.00020461,1
28.579,0.00018245,1
28.579,0.00013814,1
28.58,8.8121e-05,1
28.581,5.2369e-05,1
28.581,5.3376e-05,1
28.582,8.5771e-05,1
28.582,0.0001133,1
28.583,0.00011263,1
28.583,8.3085e-05,1
28.584,3.5248e-05,1
28.584,-1.1749e-05,1
28.585,-4.1794e-05,1
28.585,-6.3615e-05,1
28.586,-9.2485e-05,1
28.586,-0.00011968,1
28.587,-0.00012673,1
28.587,-0.00012219,1
28.588,-0.00013445,1
28.588,-0.00016735,1
28.589,-0.00020024,1
28.589,-0.00022072,1
28.59,-0.00023549,1
28.59,-0.00023264,1
28.591,-0.00020108,1
28.591,-0.0001561,1
28.592,-0.00010356,1
28.592,-4.1794e-05,1
28.593,2.7192e-05,1
28.594,0.0001044,1
28.594,0.00019454,1
28.595,0.0002835,1
28.595,0.00033553,1
28.596,0.00033083,1
28.596,0.00028048,1
28.597,0.00021871,1
28.597,0.00017507,1
28.598,0.00015677,1
28.598,0.0001509,1
28.599,0.00014083,1
28.599,0.00011582,1
28.6,7.4189e-05,1
28.6,2.7024e-05,1
28.601,-7.0497e-06,1
28.601,-2.4338e-05,1
28.602,-3.1724e-05,1
28.602,-3.8773e-05,1
28.603,-4.6159e-05,1
28.603,-6.1097e-05,1
28.604,-0.00010155,1
28.604,-0.00015106,1
28.605,-0.00017708,1
28.605,-0.00017205,1
28.606,-0.00014754,1
28.607,-0.00011431,1
28.607,-7.0161e-05,1
28.608,-1.1582e-05,1
28.608,4.8508e-05,1
28.609,0.00010222,1
28.609,0.00014737,1
28.61,0.00017658,1
28.61,0.00018497,1
28.611,0.00017507,1
28.611,0.00014015,1
28.612,5.2033e-05,1
28.612,-6.1265e-05,1
28.613,-0.00011901,1
28.613,-8.7449e-05,1
28.614,-6.3783e-06,1
28.614,6.7475e-05,1
28.615,0.0001086,1
28.615,0.00012337,1
28.616,0.00013109,1
28.616,0.00014032,1
28.617,0.0001556,1
28.617,0.00018044,1
28.618,0.00020478,1
28.618,0.000213,1
28.619,0.00018732,1
28.619,0.00012572,1
28.62,5.6733e-05,1
28.621,9.2317e-06,1
28.621,-1.091e-05,1
28.622,-7.5532e-06,1
28.622,-7.2175e-06,1
28.623,-2.501e-05,1
28.623,-4.3473e-05,1
28.624,-4.918e-05,1
28.624,-5.3376e-05,1
28.625,-6.9322e-05,1
28.625,-8.7785e-05,1
28.626,-9.3156e-05,1
28.626,-8.2246e-05,1
28.627,-5.5894e-05,1
28.627,-2.7024e-05,1
28.628,-2.4338e-05,1
28.628,-4.8844e-05,1
28.629,-7.4357e-05,1
28.629,-9.1646e-05,1
28.63,-9.6513e-05,1
28.63,-8.5435e-05,1
28.631,-8.1239e-05,1
28.631,-9.2821e-05,1
28.632,-8.3589e-05,1
28.632,-4.7837e-05,1
28.633,-9.0639e-06,1
28.634,1.9974e-05,1
28.634,4.5823e-05,1
28.635,7.1168e-05,1
28.635,8.3757e-05,1
28.636,7.7043e-05,1
28.636,5.6565e-05,1
28.637,3.4745e-05,1
28.637,2.501e-05,1
28.638,2.9877e-05,1
28.638,4.2802e-05,1
28.639,6.0929e-05,1
28.639,8.3085e-05,1
28.64,0.00010054,1
28.64,0.00011028,1
28.641,0.00011666,1
28.641,0.00011666,1
28.642,0.00010323,1
28.642,7.6036e-05,1
28.643,4.2802e-05,1
28.643,1.0407e-05,1
28.644,-2.2156e-05,1
28.644,-5.3208e-05,1
28.645,-7.2175e-05,1
28.645,-7.7714e-05,1
28.646,-6.2608e-05,1
28.646,-2.6184e-05,1
28.647,7.0497e-06,1
28.648,1.2757e-05,1
28.648,-7.5532e-06,1
28.649,-3.9109e-05,1
28.649,-7.0665e-05,1
28.65,-8.8289e-05,1
28.65,-9.7856e-05,1
28.651,-0.00010054,1
28.651,-7.8218e-05,1
28.652,-3.1052e-05,1
28.652,1.2924e-05,1
28.653,3.3738e-05,1
28.653,4.062e-05,1
28.654,5.4887e-05,1
28.654,7.6875e-05,1
28.655,8.9967e-05,1
28.655,8.1239e-05,1
28.656,6.4286e-05,1
28.656,6.3615e-05,1
28.657,8.4596e-05,1
28.657,0.00010491,1
28.658,9.4163e-05,1
28.658,5.0858e-05,1
28.659,6.2104e-06,1
28.659,-1.3931e-05,1
28.66,-6.5461e-06,1
28.66,1.4267e-05,1
28.661,3.9445e-05,1
28.662,6.63e-05,1
28.662,8.9128e-05,1
28.663,0.0001086,1
28.663,0.00012689,1
28.664,0.00013512,1
28.664,0.00013042,1
28.665,0.00012169,1
28.665,0.00011061,1
28.666,9.4163e-05,1
28.666,6.9322e-05,1
28.667,3.9612e-05,1
28.667,1.3596e-05,1
28.668,-1.8463e-06,1
28.668,-6.3783e-06,1
28.669,-8.2246e-06,1
28.669,-1.5442e-05,1
28.67,-3.1388e-05,1
28.67,-5.0187e-05,1
28.671,-5.153e-05,1
28.671,-2.7695e-05,1
28.672,-3.357e-06,1
28.672,-1.1749e-06,1
28.673,-1.8631e-05,1
28.673,-3.6423e-05,1
28.674,-4.6326e-05,1
28.675,-4.8005e-05,1
28.675,-3.9612e-05,1
28.676,-2.7527e-05,1
28.676,-2.2995e-05,1
28.677,-2.5177e-05,1
28.677,-2.6017e-05,1
28.678,-2.3835e-05,1
28.678,-2.501e-05,1
28.679,-3.4409e-05,1
28.679,-5.388e-05,1
28.68,-8.5939e-05,1
28.68,-0.00011766,1
28.681,-0.00013075,1
28.681,-0.0001237,1
28.682,-0.00010574,1
28.682,-8.8121e-05,1
28.683,-9.2317e-05,1
28.683,-0.00010994,1
28.684,-0.00011833,1
28.684,-0.00011179,1
28.685,-7.8553e-05,1
28.685,-9.0639e-06,1
28.686,8.9128e-05,1
28.686,0.00018245,1
28.687,0.0002548,1
28.688,0.00032882,1
28.688,0.00040536,1
28.689,0.0004453,1
28.689,0.00042416,1
28.69,0.00034241,1
28.69,0.000213,1
28.691,9.3828e-05,1
28.691,3.3906e-05,1
28.692,3.3738e-05,1
28.692,7.0161e-05,1
28.693,0.00011061,1
28.693,0.00013948,1
28.694,0.00016332,1
28.694,0.00017372,1
28.695,0.00015627,1
28.695,0.00012605,1
28.696,0.00010591,1
28.696,9.2485e-05,1
28.697,7.0329e-05,1
28.697,3.743e-05,1
28.698,-1.5106e-06,1
28.698,-3.4073e-05,1
28.699,-3.4409e-05,1
28.699,-3.1891e-06,1
28.7,1.5946e-05,1
28.7,-1.4267e-05,1
28.701,-8.3085e-05,1
28.702,-0.00015677,1
28.702,-0.00020847,1
28.703,-0.00023062,1
28.703,-0.00022441,1
28.704,-0.00019907,1
28.704,-0.00016751,1
28.705,-0.00013193,1
28.705,-8.6442e-05,1
28.706,-4.448e-05,1
28.706,-1.9303e-05,1
28.707,3.8605e-06,1
28.707,3.4409e-05,1
28.708,5.5726e-05,1
28.708,5.0858e-05,1
28.709,2.9038e-05,1
28.709,1.5442e-05,1
28.71,3.743e-05,1
28.71,8.2414e-05,1
28.711,0.00010826,1
28.711,9.3996e-05,1
28.712,5.9754e-05,1
28.712,3.3066e-05,1
28.713,2.5177e-05,1
28.713,3.3066e-05,1
28.714,4.3977e-05,1
28.715,5.2201e-05,1
28.715,6.1601e-05,1
28.716,6.5629e-05,1
28.716,5.0019e-05,1
28.717,1.5274e-05,1
28.717,-2.8367e-05,1
28.718,-8.0064e-05,1
28.718,-0.0001284,1
28.719,-0.00016248,1
28.719,-0.00017372,1
28.72,-0.00015744,1
28.72,-0.00012136,1
28.721,-6.8147e-05,1
28.721,-3.5248e-06,1
28.722,4.8844e-05,1
28.722,7.4693e-05,1
28.723,7.6875e-05,1
28.723,6.5126e-05,1
28.724,5.2537e-05,1
28.724,4.918e-05,1
28.725,5.153e-05,1
28.725,6.4286e-05,1
28.726,9.7856e-05,1
28.726,0.00012992,1
28.727,0.00012438,1
28.727,7.4357e-05,1
28.728,3.0213e-06,1
28.729,-6.2776e-05,1
28.729,-0.00010356,1
28.73,-0.00011296,1
28.73,-9.6513e-05,1
28.731,-6.949e-05,1
28.731,-4.5823e-05,1
28.732,-2.417e-05,1
28.732,-8.0568e-06,1
28.733,-6.8818e-06,1
28.733,-1.2924e-05,1
28.734,-8.3925e-07,1
28.734,3.0045e-05,1
28.735,5.6901e-05,1
28.735,6.7308e-05,1
28.736,6.8818e-05,1
28.736,6.4622e-05,1
28.737,5.3208e-05,1
28.737,3.5416e-05,1
28.738,1.8128e-05,1
28.738,5.0355e-06,1
28.739,-8.7282e-06,1
28.739,-1.8296e-05,1
28.74,-1.7792e-05,1
28.74,-1.6617e-05,1
28.741,-1.6281e-05,1
28.741,-1.1582e-05,1
28.742,-8.5603e-06,1
28.743,-6.8818e-06,1
28.743,6.714e-06,1
28.744,3.508e-05,1
28.744,6.4286e-05,1
28.745,7.4357e-05,1
28.745,4.5319e-05,1
28.746,6.0426e-06,1
28.746,1.0071e-06,1
28.747,3.4745e-05,1
28.747,7.9225e-05,1
28.748,0.00010272,1
28.748,0.00010155,1
28.749,9.836e-05,1
28.749,0.00010306,1
28.75,0.00010574,1
28.75,0.00010457,1
28.751,9.9535e-05,1
28.751,9.9199e-05,1
28.752,0.0001039,1
28.752,9.5171e-05,1
28.753,6.4286e-05,1
28.753,1.9806e-05,1
28.754,-2.1653e-05,1
28.754,-3.1388e-05,1
28.755,-4.5319e-06,1
28.756,2.3667e-05,1
28.756,2.4674e-05,1
28.757,2.5177e-06,1
28.757,-2.4338e-05,1
28.758,-3.9277e-05,1
28.758,-4.2466e-05,1
28.759,-3.5584e-05,1
28.759,-1.6281e-05,1
28.76,2.0645e-05,1
28.76,7.1672e-05,1
28.761,0.00012303,1
28.761,0.00015694,1
28.762,0.00017305,1
28.762,0.00018044,1
28.763,0.00018077,1
28.763,0.00016751,1
28.764,0.00013848,1
28.764,0.00010608,1
28.765,8.4764e-05,1
28.765,6.8986e-05,1
28.766,4.918e-05,1
28.766,3.3066e-05,1
28.767,2.5177e-05,1
28.767,8.3925e-07,1
28.768,-5.0019e-05,1
28.768,-0.00010793,1
28.769,-0.00015056,1
28.77,-0.0001754,1
28.77,-0.00019303,1
28.771,-0.00021653,1
28.771,-0.00024993,1
28.772,-0.00029172,1
28.772,-0.0002934,1
28.773,-0.00022106,1
28.773,-0.00011531,1
28.774,-2.5849e-05,1
28.774,2.652e-05,1
28.775,4.2802e-05,1
28.775,4.7501e-05,1
28.776,5.0355e-05,1
28.776,5.2201e-05,1
28.777,5.4551e-05,1
28.777,6.2776e-05,1
28.778,7.6371e-05,1
28.778,8.4764e-05,1
28.779,8.5267e-05,1
28.779,9.2485e-05,1
28.78,0.00011514,1
28.78,0.00015207,1
28.781,0.00019437,1
28.781,0.00022307,1
28.782,0.00022878,1
28.783,0.00021468,1
28.783,0.00019252,1
28.784,0.0001655,1
28.784,0.00013747,1
28.785,0.00011196,1
28.785,8.1071e-05,1
28.786,4.2802e-05,1
28.786,1.1749e-05,1
28.787,-4.5319e-06,1
28.787,-7.7211e-06,1
28.788,-6.5461e-06,1
28.788,-6.3783e-06,1
28.789,-1.0575e-05,1
28.789,-2.0645e-05,1
28.79,-3.2395e-05,1
28.79,-4.3305e-05,1
28.791,-5.3544e-05,1
28.791,-5.9586e-05,1
28.792,-5.6565e-05,1
28.792,-5.1194e-05,1
28.793,-5.8076e-05,1
28.793,-8.04e-05,1
28.794,-0.00010507,1
28.794,-0.00011934,1
28.795,-0.00011733,1
28.796,-0.00010205,1
28.796,-5.5558e-05,1
28.797,2.0645e-05,1
28.797,8.8121e-05,1
28.798,0.00010994,1
28.798,8.5771e-05,1
28.799,4.0452e-05,1
28.799,5.0355e-07,1
28.8,-1.796e-05,1
28.8,-6.8818e-06,1
28.801,3.2563e-05,1
28.801,7.7714e-05,1
28.802,9.987e-05,1
28.802,9.8863e-05,1
28.803,9.5506e-05,1
28.803,9.5842e-05,1
28.804,9.8863e-05,1
28.804,0.00011078,1
28.805,0.00012186,1
28.805,0.00010793,1
28.806,5.9922e-05,1
28.806,-4.6998e-06,1
28.807,-5.4383e-05,1
28.807,-7.3182e-05,1
28.808,-7.1504e-05,1
28.808,-6.7979e-05,1
28.809,-6.865e-05,1
28.81,-7.6707e-05,1
28.81,-0.00010625,1
28.811,-0.00012975,1
28.811,-0.00010759,1
28.812,-4.4648e-05,1
28.812,2.9038e-05,1
28.813,8.8121e-05,1
28.813,0.00012538,1
28.814,0.0001509,1
28.814,0.00016567,1
28.815,0.00016466,1
28.815,0.00014754,1
28.816,0.00012169,1
28.816,9.987e-05,1
28.817,7.5532e-05,1
28.817,3.2059e-05,1
28.818,-2.1653e-05,1
28.818,-6.0258e-05,1
28.819,-7.5532e-05,1
28.819,-7.8218e-05,1
28.82,-6.9993e-05,1
28.82,-4.7837e-05,1
28.821,-2.0981e-05,1
28.821,-1.5106e-06,1
28.822,8.5603e-06,1
28.823,1.2085e-05,1
28.823,1.1917e-05,1
28.824,1.1749e-05,1
28.824,1.3092e-05,1
28.825,1.4603e-05,1
28.825,1.4435e-05,1
28.826,1.6281e-05,1
28.826,2.2995e-05,1
28.827,3.1052e-05,1
28.827,3.0716e-05,1
28.828,1.5946e-05,1
28.828,-6.0426e-06,1
28.829,-3.592e-05,1
28.829,-7.1672e-05,1
28.83,-0.00010491,1
28.83,-0.0001284,1
28.831,-0.00012924,1
28.831,-0.00011061,1
28.832,-9.2317e-05,1
28.832,-8.1407e-05,1
28.833,-7.4022e-05,1
28.833,-5.1026e-05,1
28.834,-1.1246e-05,1
28.834,1.9303e-05,1
28.835,4.1459e-05,1
28.835,6.0594e-05,1
28.836,8.2414e-05,1
28.837,0.00011447,1
28.837,0.00015341,1
28.838,0.00019135,1
28.838,0.00021837,1
28.839,0.00023247,1
28.839,0.00023717,1
28.84,0.00023851,1
28.84,0.00023197,1
28.841,0.00020931,1
28.841,0.00017473,1
28.842,0.00013881,1
28.842,0.00010625,1
28.843,7.5364e-05,1
28.843,4.918e-05,1
28.844,3.0549e-05,1
28.844,1.796e-05,1
28.845,7.0497e-06,1
28.845,-2.3499e-06,1
28.846,-9.0639e-06,1
28.846,-1.5778e-05,1
28.847,-1.4939e-05,1
28.847,1.6785e-07,1
28.848,1.4603e-05,1
28.848,6.3783e-06,1
28.849,-3.0381e-05,1
28.849,-7.3182e-05,1
28.85,-9.2485e-05,1
28.851,-7.7714e-05,1
28.851,-5.069e-05,1
28.852,-3.5752e-05,1
28.852,-3.8773e-05,1
28.853,-5.4215e-05,1
28.853,-7.0329e-05,1
28.854,-7.9393e-05,1
28.854,-7.8218e-05,1
28.855,-6.6972e-05,1
28.855,-5.1698e-05,1
28.856,-3.3738e-05,1
28.856,-1.0239e-05,1
28.857,1.6281e-05,1
28.857,3.4409e-05,1
28.858,3.9277e-05,1
28.858,3.6423e-05,1
28.859,2.501e-05,1
28.859,7.5532e-06,1
28.86,-5.539e-06,1
28.86,-1.4771e-05,1
28.861,-2.5681e-05,1
28.861,-4.0452e-05,1
28.862,-6.2608e-05,1
28.862,-9.0135e-05,1
28.863,-0.00012354,1
28.864,-0.0001707,1
28.864,-0.00020914,1
28.865,-0.00020327,1
28.865,-0.00015392,1
28.866,-8.4932e-05,1
28.866,-1.9638e-05,1
28.867,3.4073e-05,1
28.867,7.7043e-05,1
28.868,0.00012874,1
28.868,0.00019689,1
28.869,0.00026218,1
28.869,0.00030398,1
28.87,0.00032059,1
28.87,0.00030935,1
28.871,0.00026839,1
28.871,0.00021401,1
28.872,0.00016634,1
28.872,0.00012605,1
28.873,9.2317e-05,1
28.873,6.5293e-05,1
28.874,3.8102e-05,1
28.874,1.8463e-06,1
28.875,-3.7934e-05,1
28.875,-6.3111e-05,1
28.876,-6.4622e-05,1
28.877,-4.6998e-05,1
28.877,-2.266e-05,1
28.878,-3.8605e-06,1
28.878,7.2175e-06,1
28.879,6.8818e-06,1
28.879,1.1749e-06,1
28.88,1.1582e-05,1
28.88,4.6998e-05,1
28.881,8.9967e-05,1
28.881,0.00011901,1
28.882,0.00012874,1
28.882,0.00012203,1
28.883,9.6345e-05,1
28.883,5.5222e-05,1
28.884,1.9974e-05,1
28.884,1.8296e-05,1
28.885,5.2873e-05,1
28.885,8.51e-05,1
28.886,7.8553e-05,1
28.886,3.122e-05,1
28.887,-3.3234e-05,1
28.887,-8.5267e-05,1
28.888,-0.00010843,1
28.888,-0.00010625,1
28.889,-8.9632e-05,1
28.889,-6.4622e-05,1
28.89,-3.5248e-05,1
28.891,-8.3925e-06,1
28.891,1.1749e-06,1
28.892,-1.2924e-05,1
28.892,-3.0381e-05,1
28.893,-2.8199e-05,1
28.893,-2.1653e-05,1
28.894,-3.0381e-05,1
28.894,-4.6998e-05,1
28.895,-7.0665e-05,1
28.895,-0.00011498,1
28.896,-0.00015979,1
28.896,-0.00016886,1
28.897,-0.00013596,1
28.897,-7.3686e-05,1
28.898,3.357e-06,1
28.898,6.8482e-05,1
28.899,0.00010155,1
28.899,0.0001039,1
28.9,8.9296e-05,1
28.9,6.1097e-05,1
28.901,-5.0355e-07,1
28.901,-0.00010474,1
28.902,-0.00020763,1
28.902,-0.00026755,1
28.903,-0.0002699,1
28.904,-0.00021921,1
28.904,-0.00013495,1
28.905,-4.2298e-05,1
28.905,4.2802e-05,1
28.906,0.00011682,1
28.906,0.00019185,1
28.907,0.00028954,1
28.907,0.00040233,1
28.908,0.00049331,1
28.908,0.00053762,1
28.909,0.00052419,1
28.909,0.00045638,1
28.91,0.00036507,1
28.91,0.00027041,1
28.911,0.00017104,1
28.911,7.4357e-05,1
28.912,-3.0213e-06,1
28.912,-5.9922e-05,1
28.913,-0.00011548,1
28.913,-0.00018027,1
28.914,-0.00023415,1
28.914,-0.00024187,1
28.915,-0.00019689,1
28.915,-0.00011699,1
28.916,-2.0813e-05,1
28.916,7.5868e-05,1
28.917,0.0001425,1
28.918,0.00016365,1
28.918,0.00015358,1
28.919,0.00012656,1
28.919,8.4764e-05,1
28.92,4.2634e-05,1
28.92,1.2924e-05,1
28.921,-6.0426e-06,1
28.921,-1.7121e-05,1
28.922,-2.3667e-05,1
28.922,-3.508e-05,1
28.923,-4.6326e-05,1
28.923,-4.9516e-05,1
28.924,-4.9348e-05,1
28.924,-4.9851e-05,1
28.925,-5.1362e-05,1
28.925,-6.0258e-05,1
28.926,-8.0064e-05,1
28.926,-0.00010004,1
28.927,-9.8192e-05,1
28.927,-7.1e-05,1
28.928,-3.508e-05,1
28.928,-7.5532e-06,1
28.929,-2.8534e-06,1
28.929,-1.9638e-05,1
28.93,-4.1459e-05,1
28.93,-5.7404e-05,1
28.931,-6.3447e-05,1
28.932,-5.5894e-05,1
28.932,-3.4073e-05,1
28.933,-3.8605e-06,1
28.933,2.6688e-05,1
28.934,4.8844e-05,1
28.934,6.1097e-05,1
28.935,6.244e-05,1
28.935,4.918e-05,1
28.936,2.031e-05,1
28.936,-2.182e-05,1
28.937,-6.6972e-05,1
28.937,-9.9199e-05,1
28.938,-0.00010658,1
28.938,-9.1142e-05,1
28.939,-6.7308e-05,1
28.939,-4.5151e-05,1
28.94,-2.7024e-05,1
28.94,-9.5674e-06,1
28.941,8.896e-06,1
28.941,3.1724e-05,1
28.942,6.9154e-05,1
28.942,0.00011044,1
28.943,0.00013713,1
28.943,0.00014871,1
28.944,0.00014754,1
28.945,0.00013931,1
28.945,0.0001321,1
28.946,0.00013344,1
28.946,0.00013713,1
28.947,0.00013327,1
28.947,0.00012874,1
28.948,0.00012656,1
28.948,0.00010793,1
28.949,6.2608e-05,1
28.949,9.2317e-06,1
28.95,-2.6017e-05,1
28.95,-3.1556e-05,1
28.951,-1.1246e-05,1
28.951,1.4603e-05,1
28.952,2.1149e-05,1
28.952,8.2246e-06,1
28.953,-4.1962e-06,1
28.953,4.3641e-06,1
28.954,3.0549e-05,1
28.954,3.743e-05,1
28.955,2.1317e-05,1
28.955,7.5532e-06,1
28.956,6.3783e-06,1
28.956,4.3641e-06,1
28.957,-1.561e-05,1
28.957,-4.0116e-05,1
28.958,-5.1194e-05,1
28.959,-5.2705e-05,1
28.959,-3.2563e-05,1
28.96,2.2492e-05,1
28.96,8.9799e-05,1
28.961,0.00012404,1
28.961,0.00010256,1
28.962,3.2731e-05,1
28.962,-4.5487e-05,1
28.963,-8.8457e-05,1
28.963,-8.8457e-05,1
28.964,-5.7572e-05,1
28.964,-6.8818e-06,1
28.965,4.9851e-05,1
28.965,9.6178e-05,1
28.966,0.00012706,1
28.966,0.00015241,1
28.967,0.00017339,1
28.967,0.00017473,1
28.968,0.00014385,1
28.968,9.3492e-05,1
28.969,4.8005e-05,1
28.969,2.2995e-05,1
28.97,1.326e-05,1
28.97,6.5461e-06,1
28.971,-3.357e-07,1
28.972,-9.2317e-06,1
28.972,-2.1988e-05,1
28.973,-3.6255e-05,1
28.973,-4.9851e-05,1
28.974,-6.2943e-05,1
28.974,-7.4357e-05,1
28.975,-8.0232e-05,1
28.975,-7.6707e-05,1
28.976,-6.7979e-05,1
28.976,-6.0258e-05,1
28.977,-4.9516e-05,1
28.977,-3.0716e-05,1
28.978,-6.5461e-06,1
28.978,1.4939e-05,1
28.979,2.8367e-05,1
28.979,2.9206e-05,1
28.98,1.8296e-05,1
28.98,8.2246e-06,1
28.981,7.7211e-06,1
28.981,1.3931e-05,1
28.982,1.8967e-05,1
28.982,1.7624e-05,1
28.983,1.5946e-05,1
28.983,1.9638e-05,1
28.984,2.8534e-05,1
28.985,3.743e-05,1
28.985,4.5151e-05,1
28.986,5.0523e-05,1
28.986,5.0523e-05,1
28.987,4.5151e-05,1
28.987,3.4073e-05,1
28.988,1.9638e-05,1
28.988,7.5532e-06,1
28.989,-1.1749e-06,1
28.989,-3.8605e-06,1
28.99,-5.0355e-07,1
28.99,6.5461e-06,1
28.991,1.1246e-05,1
28.991,1.1917e-05,1
28.992,1.1078e-05,1
28.992,1.2589e-05,1
28.993,1.561e-05,1
28.993,1.8631e-05,1
28.994,1.9303e-05,1
28.994,1.796e-05,1
28.995,1.4939e-05,1
28.995,1.0407e-05,1
28.996,5.2033e-06,1
28.996,2.5177e-06,1
28.997,5.539e-06,1
28.997,1.2421e-05,1
28.998,1.7792e-05,1
28.999,1.8296e-05,1
28.999,1.5106e-05,1
29,1.0575e-05,1
29,4.8676e-06,1
29.001,1.5106e-06,1
29.001,3.8605e-06,1
29.002,9.9031e-06,1
29.002,2.1988e-05,1
29.003,4.2634e-05,1
29.003,6.2943e-05,1
29.004,6.7643e-05,1
29.004,5.5894e-05,1
29.005,3.743e-05,1
29.005,1.9974e-05,1
29.006,1.1582e-05,1
29.006,1.9638e-05,1
29.007,4.0116e-05,1
29.007,5.8915e-05,1
29.008,5.9586e-05,1
29.008,4.1123e-05,1
29.009,1.4099e-05,1
29.009,-8.7282e-06,1
29.01,-1.8296e-05,1
29.01,-1.4603e-05,1
29.011,-2.8534e-06,1
29.012,1.1582e-05,1
29.012,2.6688e-05,1
29.013,3.5752e-05,1
29.013,3.6088e-05,1
29.014,3.3402e-05,1
29.014,3.3906e-05,1
29.015,3.2395e-05,1
29.015,2.4506e-05,1
29.016,1.1917e-05,1
29.016,1.5106e-06,1
29.017,-5.8747e-06,1
29.017,-1.4939e-05,1
29.018,-2.1653e-05,1
29.018,-1.8296e-05,1
29.019,-7.2175e-06,1
29.019,6.5461e-06,1
29.02,2.9038e-05,1
29.02,5.7237e-05,1
29.021,7.8721e-05,1
29.021,9.0471e-05,1
29.022,8.9799e-05,1
29.022,7.7379e-05,1
29.023,6.2776e-05,1
29.023,6.0594e-05,1
29.024,7.3686e-05,1
29.024,9.0135e-05,1
29.025,8.4092e-05,1
29.026,4.062e-05,1
29.026,-2.3667e-05,1
29.027,-8.1239e-05,1
29.027,-0.00012287,1
29.028,-0.00015912,1
29.028,-0.00020914,1
29.029,-0.00027276,1
29.029,-0.00031337,1
29.03,-0.00029592,1
29.03,-0.00022727,1
29.031,-0.00014553,1
29.031,-7.6371e-05,1
29.032,-1.2253e-05,1
29.032,5.069e-05,1
29.033,0.00010356,1
29.033,0.00014586,1
29.034,0.00018447,1
29.034,0.00022542,1
29.035,0.00026571,1
29.035,0.0002939,1
29.036,0.00029793,1
29.036,0.00026537,1
29.037,0.00020394,1
29.037,0.000142,1
29.038,9.5171e-05,1
29.038,6.6636e-05,1
29.039,5.6062e-05,1
29.04,6.5461e-05,1
29.04,8.5603e-05,1
29.041,9.9702e-05,1
29.041,9.6178e-05,1
29.042,9.1646e-05,1
29.042,0.00011263,1
29.043,0.00013042,1
29.043,0.0001086,1
29.044,5.5558e-05,1
29.044,-6.8818e-06,1
29.045,-5.2537e-05,1
29.045,-6.9993e-05,1
29.046,-6.8482e-05,1
29.046,-5.7908e-05,1
29.047,-3.3234e-05,1
29.047,1.1749e-05,1
29.048,6.2104e-05,1
29.048,9.1142e-05,1
29.049,8.9799e-05,1
29.049,7.7714e-05,1
29.05,6.9657e-05,1
29.05,5.4215e-05,1
29.051,2.7359e-05,1
29.051,2.182e-06,1
29.052,-1.1246e-05,1
29.053,-9.7353e-06,1
29.053,-5.0355e-07,1
29.054,8.2246e-06,1
29.054,1.1246e-05,1
29.055,1.0575e-05,1
29.055,1.1749e-05,1
29.056,1.7288e-05,1
29.056,2.4002e-05,1
29.057,2.4674e-05,1
29.057,1.1582e-05,1
29.058,-1.9638e-05,1
29.058,-6.7308e-05,1
29.059,-0.00012152,1
29.059,-0.00015862,1
29.06,-0.00016399,1
29.06,-0.00014788,1
29.061,-0.00012287,1
29.061,-9.1981e-05,1
29.062,-5.9586e-05,1
29.062,-3.3066e-05,1
29.063,-1.4939e-05,1
29.063,1.6785e-07,1
29.064,1.8463e-05,1
29.064,3.7263e-05,1
29.065,4.7501e-05,1
29.066,4.5991e-05,1
29.066,3.743e-05,1
29.067,2.5681e-05,1
29.067,1.4939e-05,1
29.068,3.6927e-06,1
29.068,-9.9031e-06,1
29.069,-2.7359e-05,1
29.069,-4.8508e-05,1
29.07,-6.009e-05,1
29.07,-5.5055e-05,1
29.071,-4.2969e-05,1
29.071,-2.9374e-05,1
29.072,-1.1246e-05,1
29.072,8.896e-06,1
29.073,2.7024e-05,1
29.073,4.5487e-05,1
29.074,6.9993e-05,1
29.074,9.5506e-05,1
29.075,0.00010625,1
29.075,9.7017e-05,1
29.076,8.04e-05,1
29.076,6.5797e-05,1
29.077,4.918e-05,1
29.077,3.4745e-05,1
29.078,5.0858e-05,1
29.078,9.7185e-05,1
29.079,0.00013948,1
29.08,0.00013999,1
29.08,9.1142e-05,1
29.081,2.2995e-05,1
29.081,-3.4241e-05,1
29.082,-7.335e-05,1
29.082,-9.0639e-05,1
29.083,-8.2414e-05,1
29.083,-5.5055e-05,1
29.084,-3.0716e-05,1
29.084,-3.0045e-05,1
29.085,-5.7237e-05,1
29.085,-9.2317e-05,1
29.086,-0.00010826,1
29.086,-9.0471e-05,1
29.087,-4.6494e-05,1
29.087,3.1891e-06,1
29.088,4.1291e-05,1
29.088,6.0594e-05,1
29.089,7.1336e-05,1
29.089,8.8457e-05,1
29.09,0.00011783,1
29.09,0.00015526,1
29.091,0.00018917,1
29.091,0.00019957,1
29.092,0.00018564,1
29.093,0.00015828,1
29.093,0.00011766,1
29.094,7.3518e-05,1
29.094,4.1962e-05,1
29.095,2.501e-05,1
29.095,2.3835e-05,1
29.096,3.743e-05,1
29.096,5.5222e-05,1
29.097,6.7979e-05,1
29.097,7.3518e-05,1
29.098,7.0832e-05,1
29.098,6.5797e-05,1
29.099,6.5126e-05,1
29.099,6.9322e-05,1
29.1,7.0665e-05,1
29.1,6.3447e-05,1
29.101,4.8005e-05,1
29.101,2.9709e-05,1
29.102,1.5778e-05,1
29.102,3.8605e-06,1
29.103,-9.3996e-06,1
29.103,-7.0497e-06,1
29.104,3.592e-05,1
29.104,9.6345e-05,1
29.105,0.00012404,1
29.105,9.6513e-05,1
29.106,3.5752e-05,1
29.107,-3.1388e-05,1
29.107,-8.6442e-05,1
29.108,-0.00011968,1
29.108,-0.00012572,1
29.109,-0.00011162,1
29.109,-8.6107e-05,1
29.11,-6.0594e-05,1
29.11,-4.9851e-05,1
29.111,-5.539e-05,1
29.111,-6.3615e-05,1
29.112,-5.6733e-05,1
29.112,-3.4409e-05,1
29.113,-1.6617e-05,1
29.113,-1.4267e-05,1
29.114,-1.6281e-05,1
29.114,-1.2589e-05,1
29.115,-7.7211e-06,1
29.115,-4.8676e-06,1
29.116,-4.5319e-06,1
29.116,-6.2104e-06,1
29.117,-1.2421e-05,1
29.117,-2.3331e-05,1
29.118,-3.2395e-05,1
29.118,-3.9109e-05,1
29.119,-3.7263e-05,1
29.119,-1.3764e-05,1
29.12,1.5778e-05,1
29.121,3.2731e-05,1
29.121,3.2059e-05,1
29.122,2.0645e-05,1
29.122,7.0497e-06,1
29.123,1.6785e-07,1
29.123,9.3996e-06,1
29.124,4.3641e-05,1
29.124,9.2149e-05,1
29.125,0.00013143,1
29.125,0.00013931,1
29.126,0.00011196,1
29.126,6.2776e-05,1
29.127,-8.3925e-07,1
29.127,-7.9896e-05,1
29.128,-0.00015123,1
29.128,-0.00018698,1
29.129,-0.00017641,1
29.129,-0.00012673,1
29.13,-6.6972e-05,1
29.13,-2.8534e-05,1
29.131,-1.6617e-05,1
29.131,-1.796e-05,1
29.132,-1.9303e-05,1
29.132,4.0284e-06,1
29.133,6.6972e-05,1
29.134,0.00015258,1
29.134,0.00023062,1
29.135,0.00027611,1
29.135,0.00028182,1
29.136,0.00025362,1
29.136,0.0002036,1
29.137,0.00015224,1
29.137,0.00011263,1
29.138,8.7114e-05,1
29.138,7.9561e-05,1
29.139,8.5771e-05,1
29.139,9.3828e-05,1
29.14,9.4163e-05,1
29.14,8.4932e-05,1
29.141,7.0665e-05,1
29.141,5.6565e-05,1
29.142,3.6759e-05,1
29.142,1.0239e-05,1
29.143,-4.3641e-06,1
29.143,-3.5248e-06,1
29.144,3.6927e-06,1
29.144,7.2175e-06,1
29.145,-1.5106e-06,1
29.145,-2.5345e-05,1
29.146,-5.5222e-05,1
29.146,-7.335e-05,1
29.147,-7.1e-05,1
29.148,-6.4286e-05,1
29.148,-6.865e-05,1
29.149,-7.8721e-05,1
29.149,-7.57e-05,1
29.15,-5.4047e-05,1
29.15,-2.4338e-05,1
29.151,8.5603e-06,1
29.151,4.3473e-05,1
29.152,8.3085e-05,1
29.152,0.00010994,1
29.153,0.00011162,1
29.153,9.1814e-05,1
29.154,5.5222e-05,1
29.154,1.6617e-05,1
29.155,-8.896e-06,1
29.155,-1.8799e-05,1
29.156,-1.8631e-05,1
29.156,-1.3931e-05,1
29.157,-8.7282e-06,1
29.157,-4.5319e-06,1
29.158,-2.6856e-06,1
29.158,-4.1962e-06,1
29.159,-4.1962e-06,1
29.159,2.8534e-06,1
29.16,1.5946e-05,1
29.161,2.501e-05,1
29.161,2.6017e-05,1
29.162,2.7527e-05,1
29.162,3.1724e-05,1
29.163,3.9109e-05,1
29.163,5.069e-05,1
29.164,5.7237e-05,1
29.164,4.0955e-05,1
29.165,5.2033e-06,1
29.165,-2.7024e-05,1
29.166,-4.5823e-05,1
29.166,-5.9419e-05,1
29.167,-8.3421e-05,1
29.167,-0.0001227,1
29.168,-0.00016214,1
29.168,-0.00018296,1
29.169,-0.00017205,1
29.169,-0.00013411,1
29.17,-8.661e-05,1
29.17,-4.4144e-05,1
29.171,-1.1917e-05,1
29.171,1.2085e-05,1
29.172,3.0716e-05,1
29.172,5.0858e-05,1
29.173,7.3014e-05,1
29.174,9.4499e-05,1
29.174,0.00011783,1
29.175,0.00014418,1
29.175,0.00015677,1
29.176,0.00013747,1
29.176,9.2317e-05,1
29.177,3.3066e-05,1
29.177,-3.6423e-05,1
29.178,-9.8863e-05,1
29.178,-0.00012035,1
29.179,-8.6275e-05,1
29.179,-1.8296e-05,1
29.18,4.062e-05,1
29.18,7.6707e-05,1
29.181,0.00011464,1
29.181,0.00018027,1
29.182,0.00025765,1
29.182,0.00031438,1
29.183,0.0003404,1
29.183,0.00033989,1
29.184,0.00030297,1
29.184,0.00022206,1
29.185,0.00012337,1
29.185,3.592e-05,1
29.186,-3.2059e-05,1
29.186,-7.4189e-05,1
29.187,-8.3421e-05,1
29.188,-7.3518e-05,1
29.188,-6.5965e-05,1
29.189,-5.9754e-05,1
29.189,-3.9109e-05,1
29.19,5.7069e-06,1
29.19,6.3279e-05,1
29.191,0.00011263,1
29.191,0.0001321,1
29.192,0.00011095,1
29.192,6.479e-05,1
29.193,1.6281e-05,1
29.193,-1.9638e-05,1
29.194,-3.9109e-05,1
29.194,-4.7669e-05,1
29.195,-5.1362e-05,1
29.195,-5.1362e-05,1
29.196,-4.683e-05,1
29.196,-4.2634e-05,1
29.197,-6.3951e-05,1
29.197,-0.00010054,1
29.198,-0.00010826,1
29.198,-7.7043e-05,1
29.199,-3.3066e-05,1
29.199,-1.6785e-06,1
29.2,9.2317e-06,1
29.201,5.539e-06,1
29.201,5.0355e-07,1
29.202,1.326e-05,1
29.202,4.213e-05,1
29.203,6.2104e-05,1
29.203,5.3544e-05,1
29.204,2.3667e-05,1
29.204,-8.896e-06,1
29.205,-3.508e-05,1
29.205,-7.335e-05,1
29.206,-0.00012236,1
29.206,-0.00015325,1
29.207,-0.00014704,1
29.207,-0.00011162,1
29.208,-6.7475e-05,1
29.208,-3.4409e-05,1
29.209,-9.9031e-06,1
29.209,1.561e-05,1
29.21,4.3977e-05,1
29.21,7.4022e-05,1
29.211,0.00010188,1
29.211,0.00012152,1
29.212,0.0001284,1
29.212,0.00012605,1
29.213,0.00011733,1
29.213,9.4163e-05,1
29.214,5.7237e-05,1
29.215,1.6785e-05,1
29.215,-1.8296e-05,1
29.216,-4.213e-05,1
29.216,-5.9586e-05,1
29.217,-7.5868e-05,1
29.217,-8.8792e-05,1
29.218,-9.0974e-05,1
29.218,-7.7379e-05,1
29.219,-4.5823e-05,1
29.219,-3.0213e-06,1
29.22,3.2059e-05,1
29.22,5.0523e-05,1
29.221,5.2201e-05,1
29.221,4.2298e-05,1
29.222,3.1388e-05,1
29.222,2.4674e-05,1
29.223,2.4002e-05,1
29.223,3.2731e-05,1
29.224,5.1865e-05,1
29.224,6.6972e-05,1
29.225,7.2679e-05,1
29.225,8.4932e-05,1
29.226,0.00010423,1
29.226,0.00012102,1
29.227,0.0001415,1
29.227,0.00016432,1
29.228,0.00017339,1
29.229,0.00016735,1
29.229,0.00015761,1
29.23,0.00014586,1
29.23,0.0001284,1
29.231,0.00010256,1
29.231,6.9993e-05,1
29.232,3.1388e-05,1
29.232,-8.896e-06,1
29.233,-4.3137e-05,1
29.233,-6.0929e-05,1
29.234,-5.6565e-05,1
29.234,-3.6759e-05,1
29.235,-1.5106e-05,1
29.235,0,1
29.236,2.182e-06,1
29.236,-8.5603e-06,1
29.237,-1.9806e-05,1
29.237,-1.2924e-05,1
29.238,1.0575e-05,1
29.238,3.7095e-05,1
29.239,5.623e-05,1
29.239,6.9657e-05,1
29.24,8.5771e-05,1
29.24,9.836e-05,1
29.241,9.7353e-05,1
29.242,7.5532e-05,1
29.242,3.9445e-05,1
29.243,7.8889e-06,1
29.243,-8.2246e-06,1
29.244,-1.1582e-05,1
29.244,-8.2246e-06,1
29.245,1.5106e-06,1
29.245,1.5274e-05,1
29.246,3.508e-05,1
29.246,4.9516e-05,1
29.247,4.7166e-05,1
29.247,2.5177e-05,1
29.248,-8.896e-06,1
29.248,-4.8676e-05,1
29.249,-9.0806e-05,1
29.249,-0.0001185,1
29.25,-0.00012152,1
29.25,-0.00010457,1
29.251,-7.8721e-05,1
29.251,-4.5655e-05,1
29.252,-9.2317e-06,1
29.252,7.3854e-06,1
29.253,-8.3925e-07,1
29.253,-2.182e-05,1
29.254,-4.5823e-05,1
29.255,-7.1e-05,1
29.255,-0.00010222,1
29.256,-0.00012136,1
29.256,-9.9199e-05,1
29.257,-4.3809e-05,1
29.257,4.8676e-06,1
29.258,1.9974e-05,1
29.258,4.1962e-06,1
29.259,-1.9638e-05,1
29.259,-2.4002e-05,1
29.26,3.357e-07,1
29.26,3.6759e-05,1
29.261,6.6972e-05,1
29.261,8.6778e-05,1
29.262,9.987e-05,1
29.262,0.00010726,1
29.263,0.00010793,1
29.263,0.00010121,1
29.264,8.3589e-05,1
29.264,5.8076e-05,1
29.265,3.7766e-05,1
29.265,3.1388e-05,1
29.266,4.1123e-05,1
29.266,5.9586e-05,1
29.267,7.6036e-05,1
29.267,8.3085e-05,1
29.268,6.9322e-05,1
29.269,3.4409e-05,1
29.269,-4.3641e-06,1
29.27,-3.4073e-05,1
29.27,-5.1362e-05,1
29.271,-5.1865e-05,1
29.271,-3.9109e-05,1
29.272,-2.266e-05,1
29.272,-5.2033e-06,1
29.273,5.2033e-06,1
29.273,-1.1749e-06,1
29.274,-1.1582e-05,1
29.274,-6.3783e-06,1
29.275,1.4939e-05,1
29.275,3.8102e-05,1
29.276,5.7069e-05,1
29.276,7.805e-05,1
29.277,0.00010893,1
29.277,0.00014553,1
29.278,0.00017305,1
29.278,0.00017876,1
29.279,0.00016097,1
29.279,0.00013042,1
29.28,0.00010256,1
29.28,7.8386e-05,1
29.281,5.1362e-05,1
29.282,1.0575e-05,1
29.282,-3.8102e-05,1
29.283,-7.3518e-05,1
29.283,-8.9799e-05,1
29.284,-8.896e-05,1
29.284,-7.0832e-05,1
29.285,-4.1459e-05,1
29.285,-1.1749e-06,1
29.286,4.3473e-05,1
29.286,7.57e-05,1
29.287,8.7114e-05,1
29.287,8.6946e-05,1
29.288,8.5435e-05,1
29.288,8.0735e-05,1
29.289,7.0832e-05,1
29.289,5.8915e-05,1
29.29,4.0955e-05,1
29.29,1.6785e-05,1
29.291,-6.2104e-06,1
29.291,-2.5177e-05,1
29.292,-4.6494e-05,1
29.292,-6.5293e-05,1
29.293,-6.4958e-05,1
29.293,-4.683e-05,1
29.294,-3.2395e-05,1
29.294,-1.9806e-05,1
29.295,-1.8463e-06,1
29.296,1.4267e-05,1
29.296,1.8631e-05,1
29.297,6.5461e-06,1
29.297,-1.2589e-05,1
29.298,-3.3066e-05,1
29.298,-4.7837e-05,1
29.299,-4.6494e-05,1
29.299,-2.7527e-05,1
29.3,5.3712e-06,1
29.3,4.8844e-05,1
29.301,9.3156e-05,1
29.301,0.00011598,1
29.302,0.00010088,1
29.302,5.5558e-05,1
29.303,5.0355e-06,1
29.303,-2.0478e-05,1
29.304,-1.4771e-05,1
29.304,4.1962e-06,1
29.305,2.031e-05,1
29.305,3.3738e-05,1
29.306,5.623e-05,1
29.306,7.6371e-05,1
29.307,6.63e-05,1
29.307,2.3331e-05,1
29.308,-2.4002e-05,1
29.308,-5.2201e-05,1
29.309,-6.1097e-05,1
29.31,-6.4622e-05,1
29.31,-6.2943e-05,1
29.311,-5.4215e-05,1
29.311,-3.0716e-05,1
29.312,6.5461e-06,1
29.312,4.1291e-05,1
29.313,5.774e-05,1
29.313,5.3208e-05,1
29.314,3.4745e-05,1
29.314,4.448e-05,1
29.315,9.3156e-05,1
29.315,0.00013327,1
29.316,0.00014083,1
29.316,0.00012874,1
29.317,0.00010927,1
29.317,7.2679e-05,1
29.318,1.4267e-05,1
29.318,-4.3137e-05,1
29.319,-6.714e-05,1
29.319,-5.3208e-05,1
29.32,-2.3331e-05,1
29.32,1.5106e-06,1
29.321,1.3931e-05,1
29.321,1.326e-05,1
29.322,9.0639e-06,1
29.323,1.3931e-05,1
29.323,3.2059e-05,1
29.324,5.5055e-05,1
29.324,7.1e-05,1
29.325,7.8721e-05,1
29.325,7.9561e-05,1
29.326,6.3951e-05,1
29.326,3.0549e-05,1
29.327,1.1078e-05,1
29.327,2.266e-05,1
29.328,4.3137e-05,1
29.328,5.3208e-05,1
29.329,5.5894e-05,1
29.329,5.8915e-05,1
29.33,5.623e-05,1
29.33,3.5752e-05,1
29.331,4.5319e-06,1
29.331,-1.5106e-05,1
29.332,-1.5946e-05,1
29.332,-1.0575e-05,1
29.333,-1.1749e-06,1
29.333,1.7792e-05,1
29.334,3.508e-05,1
29.334,3.592e-05,1
29.335,1.7792e-05,1
29.335,-1.1246e-05,1
29.336,-3.5248e-05,1
29.337,-4.4144e-05,1
29.337,-3.9445e-05,1
29.338,-2.7359e-05,1
29.338,-1.1414e-05,1
29.339,3.1891e-06,1
29.339,1.2589e-05,1
29.34,9.7353e-06,1
29.34,-5.0355e-06,1
29.341,-2.1317e-05,1
29.341,-2.9374e-05,1
29.342,-3.1724e-05,1
29.342,-3.4577e-05,1
29.343,-3.8773e-05,1
29.343,-4.0787e-05,1
29.344,-3.3738e-05,1
29.344,-1.8967e-05,1
29.345,-8.0568e-06,1
29.345,-3.1891e-06,1
29.346,-8.3925e-07,1
29.346,4.8676e-06,1
29.347,1.0575e-05,1
29.347,5.0355e-07,1
29.348,-2.7024e-05,1
29.348,-4.5823e-05,1
29.349,-4.3641e-05,1
29.35,-2.8534e-05,1
29.35,-1.2589e-05,1
29.351,-5.539e-06,1
29.351,-2.5177e-06,1
29.352,2.182e-06,1
29.352,5.2033e-06,1
29.353,-1.8463e-06,1
29.353,-1.2589e-05,1
29.354,-1.3596e-05,1
29.354,6.3783e-06,1
29.355,3.6423e-05,1
29.355,5.3208e-05,1
29.356,5.1194e-05,1
29.356,3.4745e-05,1
29.357,1.6617e-05,1
29.357,1.9974e-05,1
29.358,5.5222e-05,1
29.358,0.00011196,1
29.359,0.00017372,1
29.359,0.0002276,1
29.36,0.00026839,1
29.36,0.00028249,1
29.361,0.00025429,1
29.361,0.00019051,1
29.362,0.00011229,1
29.363,4.2466e-05,1
29.363,-9.9031e-06,1
29.364,-4.4648e-05,1
29.364,-6.3951e-05,1
29.365,-7.1336e-05,1
29.365,-7.8386e-05,1
29.366,-9.0303e-05,1
29.366,-9.601e-05,1
29.367,-7.9225e-05,1
29.367,-4.448e-05,1
29.368,-1.2589e-05,1
29.368,4.1962e-06,1
29.369,1.4603e-05,1
29.369,2.5345e-05,1
29.37,2.8702e-05,1
29.37,1.9974e-05,1
29.371,7.8889e-06,1
29.371,3.5248e-06,1
29.372,3.5248e-06,1
29.372,3.357e-07,1
29.373,-1.561e-05,1
29.373,-3.3738e-05,1
29.374,-2.5177e-05,1
29.374,1.326e-05,1
29.375,4.683e-05,1
29.375,5.2705e-05,1
29.376,3.4409e-05,1
29.377,-1.5106e-06,1
29.377,-4.6494e-05,1
29.378,-7.3686e-05,1
29.378,-6.5629e-05,1
29.379,-3.1724e-05,1
29.379,8.7282e-06,1
29.38,4.6159e-05,1
29.38,7.9393e-05,1
29.381,9.9199e-05,1
29.381,9.1646e-05,1
29.382,6.8986e-05,1
29.382,5.9586e-05,1
29.383,6.4622e-05,1
29.383,6.9657e-05,1
29.384,6.5293e-05,1
29.384,5.0858e-05,1
29.385,5.3208e-05,1
29.385,8.3085e-05,1
29.386,0.00011598,1
29.386,0.00012639,1
29.387,0.00011162,1
29.387,8.0064e-05,1
29.388,4.3305e-05,1
29.388,1.1917e-05,1
29.389,-1.0407e-05,1
29.39,-1.9135e-05,1
29.39,-1.1917e-05,1
29.391,8.2246e-06,1
29.391,2.8534e-05,1
29.392,3.6088e-05,1
29.392,3.2731e-05,1
29.393,2.7863e-05,1
29.393,2.6352e-05,1
29.394,2.8031e-05,1
29.394,2.7695e-05,1
29.395,1.5946e-05,1
29.395,-1.1078e-05,1
29.396,-4.0955e-05,1
29.396,-5.9922e-05,1
29.397,-6.1265e-05,1
29.397,-5.8076e-05,1
29.398,-6.8986e-05,1
29.398,-9.8695e-05,1
29.399,-0.00012572,1
29.399,-0.00012505,1
29.4,-9.836e-05,1
29.4,-6.1936e-05,1
29.401,-2.0645e-05,1
29.401,2.4002e-05,1
29.402,6.2776e-05,1
29.402,8.5771e-05,1
29.403,8.8121e-05,1
29.404,7.1672e-05,1
29.404,5.6565e-05,1
29.405,6.1936e-05,1
29.405,8.0735e-05,1
29.406,9.4163e-05,1
29.406,9.1142e-05,1
29.407,7.7043e-05,1
29.407,6.1433e-05,1
29.408,4.683e-05,1
29.408,3.2563e-05,1
29.409,2.1317e-05,1
29.409,1.796e-05,1
29.41,1.9303e-05,1
29.41,1.6953e-05,1
29.411,1.2924e-05,1
29.411,7.8889e-06,1
29.412,-6.2104e-06,1
29.412,-3.2395e-05,1
29.413,-5.5222e-05,1
29.413,-6.3615e-05,1
29.414,-5.4719e-05,1
29.414,-2.1653e-05,1
29.415,3.0884e-05,1
29.415,8.0735e-05,1
29.416,0.00010692,1
29.416,0.00010961,1
29.417,0.00010323,1
29.418,9.9535e-05,1
29.418,0.00010021,1
29.419,0.00010289,1
29.419,0.00010188,1
29.42,7.8721e-05,1
29.42,2.2324e-05,1
29.421,-4.448e-05,1
29.421,-7.6371e-05,1
29.422,-7.2679e-05,1
29.422,-6.6972e-05,1
29.423,-7.5029e-05,1
29.423,-0.00010474,1
29.424,-0.00014821,1
29.424,-0.00017926,1
29.425,-0.00017826,1
29.425,-0.00013948,1
29.426,-7.0329e-05,1
29.426,1.1582e-05,1
29.427,8.9128e-05,1
29.427,0.00014821,1
29.428,0.00017708,1
29.428,0.00017943,1
29.429,0.0001744,1
29.429,0.00017137,1
29.43,0.00015761,1
29.431,0.00012941,1
29.431,8.6107e-05,1
29.432,3.8773e-05,1
29.432,2.8367e-05,1
29.433,7.2343e-05,1
29.433,0.0001321,1
29.434,0.00015761,1
29.434,0.00013512,1
29.435,8.7785e-05,1
29.435,4.4648e-05,1
29.436,1.8128e-05,1
29.436,1.6785e-06,1
29.437,-1.4603e-05,1
29.437,-3.592e-05,1
29.438,-5.3376e-05,1
29.438,-5.6901e-05,1
29.439,-6.0929e-05,1
29.439,-7.7379e-05,1
29.44,-9.5171e-05,1
29.44,-9.7185e-05,1
29.441,-7.9561e-05,1
29.441,-4.7501e-05,1
29.442,-1.3764e-05,1
29.442,9.2317e-06,1
29.443,1.561e-05,1
29.444,1.3596e-05,1
29.444,1.5274e-05,1
29.445,2.4842e-05,1
29.445,3.4073e-05,1
29.446,3.743e-05,1
29.446,3.4745e-05,1
29.447,2.8702e-05,1
29.447,1.8631e-05,1
29.448,-2.3499e-06,1
29.448,-2.8199e-05,1
29.449,-4.3977e-05,1
29.449,-4.9516e-05,1
29.45,-4.7837e-05,1
29.45,-3.978e-05,1
29.451,-2.7192e-05,1
29.451,-1.1917e-05,1
29.452,3.8605e-06,1
29.452,2.1317e-05,1
29.453,4.683e-05,1
29.453,8.6778e-05,1
29.454,0.00013747,1
29.454,0.00018379,1
29.455,0.00020864,1
29.455,0.0002083,1
29.456,0.00018648,1
29.456,0.00014737,1
29.457,9.5674e-05,1
29.458,4.4144e-05,1
29.458,-6.714e-07,1
29.459,-3.2059e-05,1
29.459,-4.9348e-05,1
29.46,-5.6901e-05,1
29.46,-5.6397e-05,1
29.461,-5.1194e-05,1
29.461,-4.1794e-05,1
29.462,-3.1052e-05,1
29.462,-2.3163e-05,1
29.463,-2.031e-05,1
29.463,-1.5946e-05,1
29.464,4.5319e-06,1
29.464,3.2059e-05,1
29.465,4.5319e-05,1
29.465,3.3738e-05,1
29.466,5.8747e-06,1
29.466,-2.0981e-05,1
29.467,-3.4241e-05,1
29.467,-3.508e-05,1
29.468,-3.4241e-05,1
29.468,-3.508e-05,1
29.469,-3.3234e-05,1
29.469,-2.6688e-05,1
29.47,-1.3596e-05,1
29.471,8.7282e-06,1
29.471,3.9445e-05,1
29.472,7.0832e-05,1
29.472,8.2414e-05,1
29.473,6.0929e-05,1
29.473,1.9135e-05,1
29.474,-1.8967e-05,1
29.474,-4.062e-05,1
29.475,-4.8173e-05,1
29.475,-4.3809e-05,1
29.476,-2.6352e-05,1
29.476,-5.539e-06,1
29.477,7.8889e-06,1
29.477,1.0575e-05,1
29.478,6.0426e-06,1
29.478,1.1246e-05,1
29.479,3.4409e-05,1
29.479,6.0929e-05,1
29.48,8.4764e-05,1
29.48,0.00011766,1
29.481,0.00014553,1
29.481,0.0001462,1
29.482,0.0001232,1
29.482,9.3156e-05,1
29.483,6.4286e-05,1
29.483,3.8102e-05,1
29.484,1.3092e-05,1
29.485,-8.5603e-06,1
29.485,-2.0645e-05,1
29.486,-1.5778e-05,1
29.486,-1.5106e-06,1
29.487,1.0575e-05,1
29.487,1.1917e-05,1
29.488,6.5461e-06,1
29.488,9.9031e-06,1
29.489,1.9638e-05,1
29.489,2.0981e-05,1
29.49,9.9031e-06,1
29.49,1.1749e-06,1
29.491,2.5177e-06,1
29.491,1.4267e-05,1
29.492,4.213e-05,1
29.492,7.2847e-05,1
29.493,8.0232e-05,1
29.493,6.2608e-05,1
29.494,3.6759e-05,1
29.494,9.3996e-06,1
29.495,-2.6184e-05,1
29.495,-6.5797e-05,1
29.496,-8.2582e-05,1
29.496,-7.0665e-05,1
29.497,-4.4312e-05,1
29.497,-1.8296e-05,1
29.498,-5.8747e-06,1
29.499,-1.4267e-05,1
29.499,-2.4674e-05,1
29.5,-1.7624e-05,1
29.5,4.3641e-06,1
29.501,3.8102e-05,1
29.501,6.7643e-05,1
29.502,7.2343e-05,1
29.502,5.539e-05,1
29.503,3.0716e-05,1
29.503,2.5177e-06,1
29.504,-1.8967e-05,1
29.504,-2.501e-05,1
29.505,-1.6281e-05,1
29.505,8.2246e-06,1
29.506,4.4144e-05,1
29.506,8.1743e-05,1
29.507,0.00011246,1
29.507,0.00012438,1
29.508,0.00010994,1
29.508,7.8889e-05,1
29.509,5.1194e-05,1
29.509,4.2802e-05,1
29.51,4.8173e-05,1
29.51,5.2705e-05,1
29.511,4.9348e-05,1
29.512,3.4073e-05,1
29.512,6.3783e-06,1
29.513,-2.4002e-05,1
29.513,-4.6494e-05,1
29.514,-5.623e-05,1
29.514,-5.4047e-05,1
29.515,-4.7501e-05,1
29.515,-4.3641e-05,1
29.516,-4.1459e-05,1
29.516,-2.8031e-05,1
29.517,2.5177e-06,1
29.517,4.7669e-05,1
29.518,9.2149e-05,1
29.518,0.00010121,1
29.519,6.6804e-05,1
29.519,1.5778e-05,1
29.52,-1.8967e-05,1
29.52,-2.3331e-05,1
29.521,-6.8818e-06,1
29.521,1.561e-05,1
29.522,3.9109e-05,1
29.522,6.0594e-05,1
29.523,7.7714e-05,1
29.523,8.9632e-05,1
29.524,9.1814e-05,1
29.524,7.9057e-05,1
29.525,6.0594e-05,1
29.526,4.448e-05,1
29.526,2.7024e-05,1
29.527,5.539e-06,1
29.527,-1.3596e-05,1
29.528,-2.5681e-05,1
29.528,-2.5345e-05,1
29.529,-1.6281e-05,1
29.529,-5.539e-06,1
29.53,6.5461e-06,1
29.53,1.561e-05,1
29.531,1.7624e-05,1
29.531,1.1917e-05,1
29.532,3.5248e-06,1
29.532,-4.1962e-06,1
29.533,-1.1582e-05,1
29.533,-1.1917e-05,1
29.534,-1.5106e-06,1
29.534,1.0239e-05,1
29.535,1.9303e-05,1
29.535,2.887e-05,1
29.536,4.0787e-05,1
29.536,5.5222e-05,1
29.537,7.2175e-05,1
29.537,9.0974e-05,1
29.538,0.00010491,1
29.539,0.00011934,1
29.539,0.0001321,1
29.54,0.00012639,1
29.54,8.5603e-05,1
29.541,1.3931e-05,1
29.541,-6.3783e-05,1
29.542,-0.00012639,1
29.542,-0.000165,1
29.543,-0.00016365,1
29.543,-0.0001279,1
29.544,-8.6275e-05,1
29.544,-5.388e-05,1
29.545,-2.8534e-05,1
29.545,-6.8818e-06,1
29.546,6.0426e-06,1
29.546,1.3092e-05,1
29.547,2.1149e-05,1
29.547,3.1724e-05,1
29.548,5.3376e-05,1
29.548,8.4596e-05,1
29.549,0.00011196,1
29.549,0.00012236,1
29.55,0.00010726,1
29.55,7.2847e-05,1
29.551,4.1962e-05,1
29.552,2.652e-05,1
29.552,1.8631e-05,1
29.553,1.0407e-05,1
29.553,4.1962e-06,1
29.554,1.4603e-05,1
29.554,3.3234e-05,1
29.555,3.6423e-05,1
29.555,1.4603e-05,1
29.556,-2.031e-05,1
29.556,-4.6159e-05,1
29.557,-5.6062e-05,1
29.557,-5.0523e-05,1
29.558,-3.5584e-05,1
29.558,-1.8967e-05,1
29.559,-5.8747e-06,1
29.559,7.8889e-06,1
29.56,3.1388e-05,1
29.56,6.2943e-05,1
29.561,9.0471e-05,1
29.561,0.00010524,1
29.562,0.00010994,1
29.562,0.00010591,1
29.563,9.3828e-05,1
29.563,7.7714e-05,1
29.564,5.8915e-05,1
29.564,3.9948e-05,1
29.565,1.9638e-05,1
29.566,-4.1962e-06,1
29.566,-3.0045e-05,1
29.567,-4.9851e-05,1
29.567,-5.7908e-05,1
29.568,-5.4551e-05,1
29.568,-3.3906e-05,1
29.569,1.326e-05,1
29.569,6.9657e-05,1
29.57,0.00010323,1
29.57,0.00010121,1
29.571,7.7714e-05,1
29.571,5.3208e-05,1
29.572,4.0452e-05,1
29.572,3.6423e-05,1
29.573,3.1052e-05,1
29.573,1.9974e-05,1
29.574,8.2246e-06,1
29.574,3.8605e-06,1
29.575,6.0426e-06,1
29.575,6.2104e-06,1
29.576,3.8605e-06,1
29.576,1.6785e-06,1
29.577,1.6785e-07,1
29.577,-5.539e-06,1
29.578,-1.7121e-05,1
29.578,-3.7934e-05,1
29.579,-6.1936e-05,1
29.58,-8.2078e-05,1
29.58,-9.7353e-05,1
29.581,-9.987e-05,1
29.581,-7.7882e-05,1
29.582,-3.5752e-05,1
29.582,7.3854e-06,1
29.583,3.4745e-05,1
29.583,4.5991e-05,1
29.584,4.8173e-05,1
29.584,4.5991e-05,1
29.585,4.5319e-05,1
29.585,5.0187e-05,1
29.586,5.8747e-05,1
29.586,7.5029e-05,1
29.587,0.00010037,1
29.587,0.00011917,1
29.588,0.00011431,1
29.588,8.4932e-05,1
29.589,5.0858e-05,1
29.589,3.3738e-05,1
29.59,3.6759e-05,1
29.59,4.2634e-05,1
29.591,3.827e-05,1
29.591,2.4002e-05,1
29.592,1.7121e-05,1
29.593,2.3331e-05,1
29.593,3.3402e-05,1
29.594,3.3402e-05,1
29.594,1.9638e-05,1
29.595,1.0239e-05,1
29.595,1.326e-05,1
29.596,2.5681e-05,1
29.596,3.7934e-05,1
29.597,4.0116e-05,1
29.597,3.8102e-05,1
29.598,4.7501e-05,1
29.598,6.1601e-05,1
29.599,5.9251e-05,1
29.599,3.7766e-05,1
29.6,1.8631e-05,1
29.6,1.6617e-05,1
29.601,2.652e-05,1
29.601,3.6088e-05,1
29.602,3.0716e-05,1
29.602,3.8605e-06,1
29.603,-4.0452e-05,1
29.603,-8.5771e-05,1
29.604,-0.00011699,1
29.604,-0.00012689,1
29.605,-0.00011867,1
29.605,-0.00010491,1
29.606,-8.4764e-05,1
29.607,-4.7837e-05,1
29.607,7.5532e-06,1
29.608,6.63e-05,1
29.608,0.00010591,1
29.609,0.00011699,1
29.609,0.00011196,1
29.61,0.00010591,1
29.61,0.00010037,1
29.611,8.8457e-05,1
29.611,6.5629e-05,1
29.612,3.6759e-05,1
29.612,1.5442e-05,1
29.613,7.2175e-06,1
29.613,4.1962e-06,1
29.614,1.0071e-06,1
29.614,-8.2246e-06,1
29.615,-2.6017e-05,1
29.615,-4.2802e-05,1
29.616,-3.8102e-05,1
29.616,-1.091e-05,1
29.617,1.8463e-05,1
29.617,3.2059e-05,1
29.618,2.9374e-05,1
29.618,1.9471e-05,1
29.619,1.2253e-05,1
29.62,1.091e-05,1
29.62,9.5674e-06,1
29.621,7.2175e-06,1
29.621,8.896e-06,1
29.622,1.8463e-05,1
29.622,3.2563e-05,1
29.623,4.1123e-05,1
29.623,4.062e-05,1
29.624,4.0116e-05,1
29.624,4.683e-05,1
29.625,5.2705e-05,1
29.625,4.8173e-05,1
29.626,3.4073e-05,1
29.626,1.7792e-05,1
29.627,8.5603e-06,1
29.627,5.2033e-06,1
29.628,4.5319e-06,1
29.628,4.8676e-06,1
29.629,-3.357e-07,1
29.629,-1.6953e-05,1
29.63,-4.213e-05,1
29.63,-7.1504e-05,1
29.631,-9.6513e-05,1
29.631,-0.00011162,1
29.632,-0.00010256,1
29.633,-6.4286e-05,1
29.633,-1.9303e-05,1
29.634,1.7288e-05,1
29.634,5.5558e-05,1
29.635,9.9535e-05,1
29.635,0.00013478,1
29.636,0.00015123,1
29.636,0.00015694,1
29.637,0.0001603,1
29.637,0.00015392,1
29.638,0.00013512,1
29.638,0.00010927,1
29.639,7.4357e-05,1
29.639,3.4745e-05,1
29.64,6.714e-06,1
29.64,-8.896e-06,1
29.641,-2.501e-05,1
29.641,-3.8773e-05,1
29.642,-3.5584e-05,1
29.642,-8.2246e-06,1
29.643,3.3402e-05,1
29.643,6.865e-05,1
29.644,8.04e-05,1
29.644,7.1e-05,1
29.645,5.5558e-05,1
29.645,4.5487e-05,1
29.646,4.3305e-05,1
29.647,5.1362e-05,1
29.647,7.5532e-05,1
29.648,9.9535e-05,1
29.648,0.00010172,1
29.649,8.04e-05,1
29.649,4.1459e-05,1
29.65,-4.6998e-06,1
29.65,-4.448e-05,1
29.651,-6.63e-05,1
29.651,-7.0665e-05,1
29.652,-6.5293e-05,1
29.652,-5.2537e-05,1
29.653,-3.3234e-05,1
29.653,-9.2317e-06,1
29.654,1.2924e-05,1
29.654,2.7024e-05,1
29.655,3.0381e-05,1
29.655,2.6017e-05,1
29.656,1.2253e-05,1
29.656,-2.0813e-05,1
29.657,-6.4958e-05,1
29.657,-0.00010289,1
29.658,-0.00013327,1
29.658,-0.0001561,1
29.659,-0.00015828,1
29.66,-0.0001274,1
29.66,-6.4958e-05,1
29.661,5.7069e-06,1
29.661,6.1601e-05,1
29.662,8.6275e-05,1
29.662,8.4092e-05,1
29.663,7.3182e-05,1
29.663,6.8818e-05,1
29.664,7.8386e-05,1
29.664,9.987e-05,1
29.665,0.00012605,1
29.665,0.00014015,1
29.666,0.00013344,1
29.666,0.00010692,1
29.667,6.4958e-05,1
29.667,1.9974e-05,1
29.668,-1.2421e-05,1
29.668,-2.266e-05,1
29.669,-1.0407e-05,1
29.669,6.8818e-06,1
29.67,3.8605e-06,1
29.67,-2.3667e-05,1
29.671,-5.8244e-05,1
29.671,-8.5435e-05,1
29.672,-0.00010021,1
29.672,-9.8192e-05,1
29.673,-8.4428e-05,1
29.674,-6.8315e-05,1
29.674,-4.7333e-05,1
29.675,-2.2492e-05,1
29.675,3.1891e-06,1
29.676,3.7263e-05,1
29.676,9.0806e-05,1
29.677,0.00015358,1
29.677,0.00019571,1
29.678,0.00019252,1
29.678,0.00014871,1
29.679,9.2317e-05,1
29.679,4.448e-05,1
29.68,1.4099e-05,1
29.68,7.0497e-06,1
29.681,1.3931e-05,1
29.681,2.0478e-05,1
29.682,2.3835e-05,1
29.682,2.182e-05,1
29.683,1.3931e-05,1
29.683,6.3783e-06,1
29.684,1.1246e-05,1
29.684,2.8031e-05,1
29.685,3.8605e-05,1
29.685,3.5752e-05,1
29.686,3.122e-05,1
29.686,3.0045e-05,1
29.687,2.7695e-05,1
29.688,2.0981e-05,1
29.688,1.7121e-05,1
29.689,1.8296e-05,1
29.689,2.6352e-05,1
29.69,4.683e-05,1
29.69,7.7714e-05,1
29.691,9.752e-05,1
29.691,0.00010306,1
29.692,0.00011044,1
29.692,0.00011699,1
29.693,0.00010323,1
29.693,7.2343e-05,1
29.694,4.3809e-05,1
29.694,2.6352e-05,1
29.695,1.326e-05,1
29.695,4.8676e-06,1
29.696,-2.8534e-06,1
29.696,-1.4939e-05,1
29.697,-2.5345e-05,1
29.697,-2.9206e-05,1
29.698,-2.501e-05,1
29.698,-1.1917e-05,1
29.699,-2.8534e-06,1
29.699,-1.1582e-05,1
29.7,-3.1891e-05,1
29.701,-4.8676e-05,1
29.701,-4.7501e-05,1
29.702,-3.0381e-05,1
29.702,-1.0239e-05,1
29.703,1.8463e-06,1
29.703,-2.0142e-06,1
29.704,-1.8296e-05,1
29.704,-3.6423e-05,1
29.705,-5.4719e-05,1
29.705,-7.6036e-05,1
29.706,-8.2078e-05,1
29.706,-5.9251e-05,1
29.707,-2.1653e-05,1
29.707,1.4435e-05,1
29.708,3.3402e-05,1
29.708,2.5681e-05,1
29.709,-9.0639e-06,1
29.709,-5.7237e-05,1
29.71,-0.00010054,1
29.71,-0.00012421,1
29.711,-0.00012018,1
29.711,-9.0806e-05,1
29.712,-4.683e-05,1
29.712,-5.0355e-07,1
29.713,4.1459e-05,1
29.713,8.2078e-05,1
29.714,0.00012337,1
29.715,0.00015593,1
29.715,0.00017406,1
29.716,0.00017809,1
29.716,0.0001754,1
29.717,0.00018346,1
29.717,0.00019689,1
29.718,0.00018749,1
29.718,0.0001425,1
29.719,8.3757e-05,1
29.719,4.5487e-05,1
29.72,3.8773e-05,1
29.72,4.2466e-05,1
29.721,3.2731e-05,1
29.721,1.6617e-05,1
29.722,1.1917e-05,1
29.722,1.8631e-05,1
29.723,2.1988e-05,1
29.723,1.3764e-05,1
29.724,1.1749e-06,1
29.724,-1.5106e-06,1
29.725,8.3925e-06,1
29.725,1.0575e-05,1
29.726,-3.1891e-06,1
29.726,-2.3667e-05,1
29.727,-3.6759e-05,1
29.728,-3.1891e-05,1
29.728,-2.8534e-06,1
29.729,2.8702e-05,1
29.729,3.3738e-05,1
29.73,1.561e-05,1
29.73,-4.1962e-06,1
29.731,-1.2421e-05,1
29.731,-1.5946e-05,1
29.732,-2.6352e-05,1
29.732,-4.448e-05,1
29.733,-5.8579e-05,1
29.733,-5.7404e-05,1
29.734,-4.4144e-05,1
29.734,-3.6759e-05,1
29.735,-4.8341e-05,1
29.735,-6.6636e-05,1
29.736,-6.865e-05,1
29.736,-5.1865e-05,1
29.737,-3.0716e-05,1
29.737,-1.9303e-05,1
29.738,-1.326e-05,1
29.738,1.6785e-07,1
29.739,1.3931e-05,1
29.739,6.8818e-06,1
29.74,-1.5274e-05,1
29.741,-3.3402e-05,1
29.741,-3.7095e-05,1
29.742,-2.0478e-05,1
29.742,1.4267e-05,1
29.743,5.4047e-05,1
29.743,8.4932e-05,1
29.744,0.00010004,1
29.744,0.00010843,1
29.745,0.00012303,1
29.745,0.00014334,1
29.746,0.00016063,1
29.746,0.00017104,1
29.747,0.00017372,1
29.747,0.00016466,1
29.748,0.00014334,1
29.748,0.0001133,1
29.749,7.7882e-05,1
29.749,4.1627e-05,1
29.75,9.0639e-06,1
29.75,-1.4939e-05,1
29.751,-2.501e-05,1
29.751,-2.1485e-05,1
29.752,-1.1749e-05,1
29.752,-2.0142e-06,1
29.753,9.9031e-06,1
29.753,1.796e-05,1
29.754,1.4435e-05,1
29.755,2.182e-06,1
29.755,-8.3925e-06,1
29.756,-8.896e-06,1
29.756,-8.3925e-07,1
29.757,6.8818e-06,1
29.757,9.9031e-06,1
29.758,8.7282e-06,1
29.758,6.5461e-06,1
29.759,6.5461e-06,1
29.759,5.8747e-06,1
29.76,5.2033e-06,1
29.76,6.5461e-06,1
29.761,1.1246e-05,1
29.761,1.2085e-05,1
29.762,7.2175e-06,1
29.762,-6.714e-07,1
29.763,-8.5603e-06,1
29.763,-1.5106e-05,1
29.764,-1.6449e-05,1
29.764,-1.091e-05,1
29.765,-3.357e-07,1
29.765,6.2104e-06,1
29.766,8.3925e-06,1
29.766,1.3428e-05,1
29.767,1.9638e-05,1
29.767,1.6281e-05,1
29.768,5.0355e-07,1
29.769,-1.4603e-05,1
29.769,-1.3764e-05,1
29.77,0,1
29.77,1.9135e-05,1
29.771,5.2201e-05,1
29.771,9.7688e-05,1
29.772,0.0001331,1
29.772,0.00014855,1
29.773,0.0001331,1
29.773,7.4861e-05,1
29.774,3.8605e-06,1
29.774,-3.978e-05,1
29.775,-5.4215e-05,1
29.775,-5.0523e-05,1
29.776,-3.3906e-05,1
29.776,-7.8889e-06,1
29.777,1.7624e-05,1
29.777,1.9974e-05,1
29.778,-9.9031e-06,1
29.778,-5.069e-05,1
29.779,-7.8721e-05,1
29.779,-7.3518e-05,1
29.78,-2.2324e-05,1
29.78,5.6397e-05,1
29.781,0.00012136,1
29.782,0.00013948,1
29.782,0.00011531,1
29.783,7.7379e-05,1
29.783,5.9586e-05,1
29.784,6.63e-05,1
29.784,8.1071e-05,1
29.785,8.4428e-05,1
29.785,6.7811e-05,1
29.786,3.9445e-05,1
29.786,1.2589e-05,1
29.787,-1.2757e-05,1
29.787,-3.9277e-05,1
29.788,-6.1433e-05,1
29.788,-6.8482e-05,1
29.789,-6.3951e-05,1
29.789,-6.9657e-05,1
29.79,-8.9799e-05,1
29.79,-0.00010994,1
29.791,-0.00011766,1
29.791,-0.00010759,1
29.792,-7.805e-05,1
29.792,-3.7263e-05,1
29.793,3.1891e-06,1
29.793,4.0116e-05,1
29.794,7.9728e-05,1
29.794,0.00012404,1
29.795,0.00016902,1
29.796,0.00020662,1
29.796,0.00022727,1
29.797,0.00022542,1
29.797,0.00019588,1
29.798,0.00014217,1
29.798,8.04e-05,1
29.799,3.2395e-05,1
29.799,5.8747e-06,1
29.8,-1.2085e-05,1
29.8,-3.8773e-05,1
29.801,-7.7211e-05,1
29.801,-0.00011397,1
29.802,-0.00014284,1
29.802,-0.00016315,1
29.803,-0.00017288,1
29.803,-0.00016818,1
29.804,-0.00014485,1
29.804,-0.00010524,1
29.805,-5.8579e-05,1
29.805,-1.3596e-05,1
29.806,3.3738e-05,1
29.806,0.00010155,1
29.807,0.00017775,1
29.807,0.00022274,1
29.808,0.00022509,1
29.809,0.0002031,1
29.809,0.00016886,1
29.81,0.00012337,1
29.81,6.949e-05,1
29.811,2.1317e-05,1
29.811,-5.2033e-06,1
29.812,-1.5106e-06,1
29.812,2.8199e-05,1
29.813,6.7643e-05,1
29.813,9.6849e-05,1
29.814,0.00010172,1
29.814,8.426e-05,1
29.815,6.2608e-05,1
29.815,5.388e-05,1
29.816,5.4719e-05,1
29.816,5.0523e-05,1
29.817,3.743e-05,1
29.817,2.1988e-05,1
29.818,3.8605e-06,1
29.818,-2.031e-05,1
29.819,-4.3137e-05,1
29.819,-5.1865e-05,1
29.82,-4.918e-05,1
29.82,-5.5894e-05,1
29.821,-6.9322e-05,1
29.822,-6.7643e-05,1
29.822,-5.1194e-05,1
29.823,-3.5752e-05,1
29.823,-2.4674e-05,1
29.824,-1.2253e-05,1
29.824,-5.0355e-07,1
29.825,1.1749e-06,1
29.825,1.6785e-07,1
29.826,5.8747e-06,1
29.826,1.4939e-05,1
29.827,1.9806e-05,1
29.827,2.5177e-05,1
29.828,3.9109e-05,1
29.828,5.9586e-05,1
29.829,7.335e-05,1
29.829,6.9657e-05,1
29.83,5.2705e-05,1
29.83,3.2059e-05,1
29.831,1.4939e-05,1
29.831,-2.5177e-06,1
29.832,-2.1988e-05,1
29.832,-4.0116e-05,1
29.833,-4.918e-05,1
29.833,-5.0858e-05,1
29.834,-5.0523e-05,1
29.834,-4.6494e-05,1
29.835,-3.508e-05,1
29.836,-2.7024e-05,1
29.836,-2.9709e-05,1
29.837,-3.122e-05,1
29.837,-1.6953e-05,1
29.838,1.2924e-05,1
29.838,4.3305e-05,1
29.839,5.153e-05,1
29.839,3.2059e-05,1
29.84,4.5319e-06,1
29.84,-1.8967e-05,1
29.841,-5.5558e-05,1
29.841,-9.5842e-05,1
29.842,-0.00010306,1
29.842,-7.1672e-05,1
29.843,-1.7288e-05,1
29.843,4.1459e-05,1
29.844,7.9728e-05,1
29.844,9.5506e-05,1
29.845,0.00010507,1
29.845,0.00011162,1
29.846,0.00010961,1
29.846,0.00010524,1
29.847,0.00010423,1
29.847,0.00010524,1
29.848,0.00010188,1
29.849,8.661e-05,1
29.849,5.6565e-05,1
29.85,1.3931e-05,1
29.85,-2.9038e-05,1
29.851,-4.6662e-05,1
29.851,-3.0213e-05,1
29.852,5.8747e-06,1
29.852,4.1123e-05,1
29.853,6.6972e-05,1
29.853,8.3253e-05,1
29.854,9.4163e-05,1
29.854,0.00010155,1
29.855,0.00010457,1
29.855,9.8527e-05,1
29.856,8.3589e-05,1
29.856,6.8315e-05,1
29.857,5.0858e-05,1
29.857,3.3402e-05,1
29.858,2.1653e-05,1
29.858,1.5946e-05,1
29.859,9.7353e-06,1
29.859,4.8676e-06,1
29.86,3.1891e-06,1
29.86,7.8889e-06,1
29.861,1.796e-05,1
29.861,2.7527e-05,1
29.862,3.8102e-05,1
29.863,5.6565e-05,1
29.863,9.2485e-05,1
29.864,0.00013747,1
29.864,0.00017221,1
29.865,0.00018346,1
29.865,0.00015895,1
29.866,9.5842e-05,1
29.866,1.2253e-05,1
29.867,-7.6371e-05,1
29.867,-0.00015308,1
29.868,-0.00019135,1
29.868,-0.00018447,1
29.869,-0.00015291,1
29.869,-0.00013042,1
29.87,-0.00012992,1
29.87,-0.00012572,1
29.871,-9.4835e-05,1
29.871,-3.8102e-05,1
29.872,2.5849e-05,1
29.872,6.865e-05,1
29.873,8.04e-05,1
29.873,6.479e-05,1
29.874,2.4002e-05,1
29.874,-2.8702e-05,1
29.875,-4.5823e-05,1
29.875,-1.2253e-05,1
29.876,3.0213e-05,1
29.877,3.9948e-05,1
29.877,1.5274e-05,1
29.878,-2.5345e-05,1
29.878,-5.6901e-05,1
29.879,-6.7308e-05,1
29.879,-5.8579e-05,1
29.88,-3.2059e-05,1
29.88,1.2253e-05,1
29.881,6.0929e-05,1
29.881,9.7688e-05,1
29.882,0.00011128,1
29.882,0.00010625,1
29.883,0.00010172,1
29.883,0.00010675,1
29.884,0.00010793,1
29.884,9.3492e-05,1
29.885,7.2847e-05,1
29.885,6.6972e-05,1
29.886,8.5435e-05,1
29.886,0.00011934,1
29.887,0.00015996,1
29.887,0.00019152,1
29.888,0.00019789,1
29.888,0.00016617,1
29.889,9.836e-05,1
29.89,1.5274e-05,1
29.89,-5.388e-05,1
29.891,-9.2821e-05,1
29.891,-0.00010105,1
29.892,-8.8624e-05,1
29.892,-6.9154e-05,1
29.893,-5.4383e-05,1
29.893,-4.5487e-05,1
29.894,-3.6423e-05,1
29.894,-2.1149e-05,1
29.895,4.6998e-06,1
29.895,4.1794e-05,1
29.896,8.4428e-05,1
29.896,0.000118,1
29.897,0.00012874,1
29.897,0.00011498,1
29.898,8.5435e-05,1
29.898,5.2873e-05,1
29.899,2.5177e-05,1
29.899,1.3931e-05,1
29.9,2.0981e-05,1
29.9,2.4002e-05,1
29.901,-1.8463e-06,1
29.901,-5.4551e-05,1
29.902,-0.00011666,1
29.902,-0.0001613,1
29.903,-0.00017557,1
29.904,-0.00016382,1
29.904,-0.00013294,1
29.905,-8.9464e-05,1
29.905,-3.9612e-05,1
29.906,1.7792e-05,1
29.906,7.4525e-05,1
29.907,0.00010558,1
29.907,9.8863e-05,1
29.908,6.949e-05,1
29.908,2.4842e-05,1
29.909,-3.9612e-05,1
29.909,-0.00012572,1
29.91,-0.00020545,1
29.91,-0.00023616,1
29.911,-0.00020629,1
29.911,-0.00013915,1
29.912,-5.8915e-05,1
29.912,2.031e-05,1
29.913,8.3085e-05,1
29.913,0.000118,1
29.914,0.00012941,1
29.914,0.0001232,1
29.915,8.9128e-05,1
29.915,1.3596e-05,1
29.916,-6.2776e-05,1
29.917,-7.5029e-05,1
29.917,-3.9109e-05,1
29.918,-6.2104e-06,1
29.918,9.2317e-06,1
29.919,1.9974e-05,1
29.919,4.1123e-05,1
29.92,7.4525e-05,1
29.92,0.00011464,1
29.921,0.00016869,1
29.921,0.00023885,1
29.922,0.00030398,1
29.922,0.00033956,1
29.923,0.0003315,1
29.923,0.00027343,1
29.924,0.00018782,1
29.924,0.00011867,1
29.925,8.4092e-05,1
29.925,6.6804e-05,1
29.926,4.9851e-05,1
29.926,2.9541e-05,1
29.927,1.4603e-05,1
29.927,9.2317e-06,1
29.928,4.6998e-06,1
29.928,-7.0497e-06,1
29.929,-2.3835e-05,1
29.93,-3.7263e-05,1
29.93,-4.3473e-05,1
29.931,-4.3641e-05,1
29.931,-3.9445e-05,1
29.932,-3.3738e-05,1
29.932,-2.9374e-05,1
29.933,-2.4338e-05,1
29.933,-2.1988e-05,1
29.934,-3.9445e-05,1
29.934,-6.9657e-05,1
29.935,-8.6946e-05,1
29.935,-8.6442e-05,1
29.936,-8.1407e-05,1
29.936,-7.4022e-05,1
29.937,-6.0426e-05,1
29.937,-5.2705e-05,1
29.938,-5.6901e-05,1
29.938,-5.7908e-05,1
29.939,-4.8676e-05,1
29.939,-1.9806e-05,1
29.94,3.8773e-05,1
29.94,0.00011464,1
29.941,0.00017305,1
29.941,0.00018614,1
29.942,0.00015962,1
29.942,0.00012236,1
29.943,8.7114e-05,1
29.944,4.5319e-05,1
29.944,-5.8747e-06,1
29.945,-5.5222e-05,1
29.945,-9.2988e-05,1
29.946,-0.00011431,1
29.946,-0.00012035,1
29.947,-0.0001185,1
29.947,-0.00011615,1
29.948,-0.00011565,1
29.948,-0.00011044,1
29.949,-9.0806e-05,1
29.949,-5.0523e-05,1
29.95,1.5106e-06,1
29.95,4.9683e-05,1
29.951,8.6946e-05,1
29.951,0.00010977,1
29.952,0.00011934,1
29.952,0.00012656,1
29.953,0.00012975,1
29.953,0.0001227,1
29.954,0.00010188,1
29.954,7.1e-05,1
29.955,3.6423e-05,1
29.955,1.1917e-05,1
29.956,-3.8605e-06,1
29.956,-2.1317e-05,1
29.957,-3.9445e-05,1
29.958,-4.448e-05,1
29.958,-2.9038e-05,1
29.959,-1.3764e-05,1
29.959,-1.1078e-05,1
29.96,-7.0497e-06,1
29.96,9.9031e-06,1
29.961,3.4577e-05,1
29.961,5.8579e-05,1
29.962,8.1239e-05,1
29.962,0.00011112,1
29.963,0.00015291,1
29.963,0.00019286,1
29.964,0.00021535,1
29.964,0.00021955,1
29.965,0.00021015,1
29.965,0.00018816,1
29.966,0.00014687,1
29.966,9.0471e-05,1
29.967,3.4073e-05,1
29.967,-1.1582e-05,1
29.968,-4.2634e-05,1
29.968,-6.3783e-05,1
29.969,-8.3421e-05,1
29.969,-0.00010037,1
29.97,-0.00010726,1
29.971,-0.00010239,1
29.971,-8.7449e-05,1
29.972,-6.4622e-05,1
29.972,-4.213e-05,1
29.973,-2.7024e-05,1
29.973,-1.1917e-05,1
29.974,9.2317e-06,1
29.974,2.7695e-05,1
29.975,4.0116e-05,1
29.975,4.9516e-05,1
29.976,5.4887e-05,1
29.976,4.6159e-05,1
29.977,2.182e-05,1
29.977,-3.5248e-06,1
29.978,-1.561e-05,1
29.978,-1.3931e-05,1
29.979,-9.3996e-06,1
29.979,-5.7069e-06,1
29.98,-4.5319e-06,1
29.98,-5.0355e-06,1
29.981,-5.539e-06,1
29.981,-1.8463e-06,1
29.982,9.5674e-06,1
29.982,2.5177e-05,1
29.983,4.0452e-05,1
29.983,5.153e-05,1
29.984,5.9251e-05,1
29.985,6.1265e-05,1
29.985,5.5558e-05,1
29.986,4.3137e-05,1
29.986,2.0981e-05,1
29.987,-2.182e-06,1
29.987,-1.4267e-05,1
29.988,-1.4267e-05,1
29.988,-6.2104e-06,1
29.989,3.1891e-06,1
29.989,9.0639e-06,1
29.99,9.2317e-06,1
29.99,3.1891e-06,1
29.991,-5.0355e-06,1
29.991,-1.4267e-05,1
29.992,-2.3163e-05,1
29.992,-2.7024e-05,1
29.993,-2.3163e-05,1
29.993,-2.3499e-05,1
29.994,-3.4745e-05,1
29.994,-4.1291e-05,1
29.995,-2.2995e-05,1
29.995,1.0407e-05,1
29.996,3.3066e-05,1
29.996,4.4984e-05,1
29.997,5.7572e-05,1
29.998,7.4357e-05,1
29.998,9.0135e-05,1
29.999,9.987e-05,1
29.999,0.00010306,1
30,0.00010306,1
30,0.00011095,1
30.001,0.0001373,1
30.001,0.00016231,1
30.002,0.0001556,1
30.002,0.00011128,1
30.003,4.9851e-05,1
30.003,-1.0742e-05,1
30.004,-6.2104e-05,1
30.004,-9.4163e-05,1
30.005,-0.00010188,1
30.005,-9.1646e-05,1
30.006,-7.4357e-05,1
30.006,-5.8412e-05,1
30.007,-4.7333e-05,1
30.007,-4.2802e-05,1
30.008,-4.2634e-05,1
30.008,-3.978e-05,1
30.009,-3.2563e-05,1
30.009,-4.2298e-05,1
30.01,-7.7714e-05,1
30.011,-0.00010961,1
30.011,-0.00011833,1
30.012,-0.00010272,1
30.012,-7.6204e-05,1
30.013,-4.7501e-05,1
30.013,-1.561e-05,1
30.014,2.1317e-05,1
30.014,5.3376e-05,1
30.015,6.6133e-05,1
30.015,5.8915e-05,1
30.016,4.6662e-05,1
30.016,4.1794e-05,1
30.017,5.2201e-05,1
30.017,7.9393e-05,1
30.018,0.00010944,1
30.018,0.00012471,1
30.019,0.00012136,1
30.019,0.00011128,1
30.02,0.00010961,1
30.02,0.00012605,1
30.021,0.00016231,1
30.021,0.00019756,1
30.022,0.00020394,1
30.022,0.00018178,1
30.023,0.00014687,1
30.023,0.0001044,1
30.024,5.2873e-05,1
30.025,-1.0071e-06,1
30.025,-3.8773e-05,1
30.026,-4.6159e-05,1
30.026,-2.5177e-05,1
30.027,4.3641e-06,1
30.027,1.8631e-05,1
30.028,7.3854e-06,1
30.028,-1.5442e-05,1
30.029,-3.1724e-05,1
30.029,-2.6688e-05,1
30.03,-6.0426e-06,1
30.03,1.4939e-05,1
30.031,2.8534e-05,1
30.031,4.1794e-05,1
30.032,6.3447e-05,1
30.032,8.426e-05,1
30.033,9.0471e-05,1
30.033,8.275e-05,1
30.034,6.5629e-05,1
30.034,4.3473e-05,1
30.035,2.7359e-05,1
30.035,2.1317e-05,1
30.036,1.7624e-05,1
30.036,1.6953e-05,1
30.037,1.7288e-05,1
30.038,1.1414e-05,1
30.038,-4.5319e-06,1
30.039,-2.0645e-05,1
30.039,-2.7695e-05,1
30.04,-2.9877e-05,1
30.04,-3.743e-05,1
30.041,-5.539e-05,1
30.041,-8.7282e-05,1
30.042,-0.00012454,1
30.042,-0.00015274,1
30.043,-0.00015962,1
30.043,-0.00014217,1
30.044,-0.00011095,1
30.044,-8.2918e-05,1
30.045,-6.1936e-05,1
30.045,-4.0787e-05,1
30.046,-1.9303e-05,1
30.046,1.6785e-07,1
30.047,1.7792e-05,1
30.047,3.6423e-05,1
30.048,5.5726e-05,1
30.048,7.8553e-05,1
30.049,0.00011531,1
30.049,0.0001509,1
30.05,0.00015593,1
30.05,0.000118,1
30.051,5.5558e-05,1
30.052,6.714e-07,1
30.052,-3.1556e-05,1
30.053,-4.3809e-05,1
30.053,-4.4312e-05,1
30.054,-3.9948e-05,1
30.054,-3.0716e-05,1
30.055,-1.4267e-05,1
30.055,2.8534e-06,1
30.056,1.2253e-05,1
30.056,1.8631e-05,1
30.057,3.5416e-05,1
30.057,6.1601e-05,1
30.058,8.4932e-05,1
30.058,9.8695e-05,1
30.059,0.00010323,1
30.059,9.987e-05,1
30.06,8.9799e-05,1
30.06,7.6371e-05,1
30.061,6.9657e-05,1
30.061,8.1239e-05,1
30.062,0.00010021,1
30.062,0.00010809,1
30.063,9.7185e-05,1
30.063,6.6972e-05,1
30.064,3.1388e-05,1
30.064,4.5319e-06,1
30.065,-1.1246e-05,1
30.066,-1.5778e-05,1
30.066,-1.3596e-05,1
30.067,-7.5532e-06,1
30.067,1.8463e-06,1
30.068,8.2246e-06,1
30.068,3.1891e-06,1
30.069,-8.7282e-06,1
30.069,-1.5946e-05,1
30.07,-1.326e-05,1
30.07,-3.357e-06,1
30.071,7.0497e-06,1
30.071,1.4939e-05,1
30.072,2.0478e-05,1
30.072,2.3499e-05,1
30.073,2.417e-05,1
30.073,2.4338e-05,1
30.074,2.5177e-05,1
30.074,2.4338e-05,1
30.075,1.8296e-05,1
30.075,5.0355e-07,1
30.076,-2.0478e-05,1
30.076,-3.3066e-05,1
30.077,-3.2731e-05,1
30.077,-1.5274e-05,1
30.078,1.5946e-05,1
30.079,4.062e-05,1
30.079,4.7166e-05,1
30.08,3.8773e-05,1
30.08,2.3667e-05,1
30.081,1.561e-05,1
30.081,2.4506e-05,1
30.082,4.448e-05,1
30.082,5.0187e-05,1
30.083,3.5416e-05,1
30.083,2.501e-05,1
30.084,2.9374e-05,1
30.084,3.0213e-05,1
30.085,1.6617e-05,1
30.085,-2.5177e-06,1
30.086,-1.6281e-05,1
30.086,-2.5345e-05,1
30.087,-3.0549e-05,1
30.087,-2.8367e-05,1
30.088,-2.1485e-05,1
30.088,-1.6785e-05,1
30.089,-1.3764e-05,1
30.089,5.0355e-07,1
30.09,2.5177e-05,1
30.09,4.8173e-05,1
30.091,5.6565e-05,1
30.091,4.918e-05,1
30.092,3.7095e-05,1
30.093,3.6591e-05,1
30.093,4.0787e-05,1
30.094,1.7792e-05,1
30.094,-3.0045e-05,1
30.095,-6.8147e-05,1
30.095,-8.2246e-05,1
30.096,-8.896e-05,1
30.096,-9.8024e-05,1
30.097,-9.5842e-05,1
30.097,-7.6875e-05,1
30.098,-5.539e-05,1
30.098,-3.4745e-05,1
30.099,-2.3667e-05,1
30.099,-1.9135e-05,1
30.1,6.714e-07,1
30.1,3.3738e-05,1
30.101,6.7308e-05,1
30.101,9.0471e-05,1
30.102,0.00010323,1
30.102,0.00011582,1
30.103,0.00015023,1
30.103,0.00020595,1
30.104,0.00024405,1
30.104,0.00023348,1
30.105,0.00017842,1
30.106,0.0001039,1
30.106,3.9612e-05,1
30.107,7.3854e-06,1
30.107,4.6998e-06,1
30.108,1.4099e-05,1
30.108,1.9135e-05,1
30.109,2.1317e-05,1
30.109,3.0716e-05,1
30.11,4.2802e-05,1
30.11,5.4887e-05,1
30.111,7.5029e-05,1
30.111,0.00010121,1
30.112,0.0001274,1
30.112,0.00015241,1
30.113,0.00018379,1
30.113,0.00020981,1
30.114,0.00020175,1
30.114,0.00015157,1
30.115,8.04e-05,1
30.115,1.091e-05,1
30.116,-4.3305e-05,1
30.116,-7.57e-05,1
30.117,-9.2149e-05,1
30.117,-0.00010121,1
30.118,-9.5003e-05,1
30.119,-6.7475e-05,1
30.119,-3.1556e-05,1
30.12,-6.5461e-06,1
30.12,6.5461e-06,1
30.121,1.561e-05,1
30.121,1.4267e-05,1
30.122,-8.2246e-06,1
30.122,-4.7669e-05,1
30.123,-9.0974e-05,1
30.123,-0.00012454,1
30.124,-0.00014955,1
30.124,-0.00016953,1
30.125,-0.00017758,1
30.125,-0.00016818,1
30.126,-0.00014788,1
30.126,-0.00011901,1
30.127,-8.8624e-05,1
30.127,-6.3279e-05,1
30.128,-4.4144e-05,1
30.128,-2.2828e-05,1
30.129,7.2175e-06,1
30.129,4.2298e-05,1
30.13,7.6204e-05,1
30.13,0.00010256,1
30.131,0.00011431,1
30.131,0.00010961,1
30.132,8.896e-05,1
30.133,6.63e-05,1
30.133,5.6901e-05,1
30.134,5.6901e-05,1
30.134,5.5222e-05,1
30.135,4.7501e-05,1
30.135,3.4577e-05,1
30.136,2.1988e-05,1
30.136,1.1582e-05,1
30.137,3.5248e-06,1
30.137,-2.8534e-06,1
30.138,-1.0239e-05,1
30.138,-1.5778e-05,1
30.139,-1.7121e-05,1
30.139,-1.2924e-05,1
30.14,-7.5532e-06,1
30.14,-5.0355e-07,1
30.141,1.0575e-05,1
30.141,2.5681e-05,1
30.142,4.3809e-05,1
30.142,6.1601e-05,1
30.143,7.0665e-05,1
30.143,6.865e-05,1
30.144,6.3783e-05,1
30.144,6.4286e-05,1
30.145,6.7643e-05,1
30.145,5.9251e-05,1
30.146,3.6088e-05,1
30.147,1.6281e-05,1
30.147,1.2924e-05,1
30.148,1.9303e-05,1
30.148,1.8463e-05,1
30.149,6.3783e-06,1
30.149,-3.5248e-06,1
30.15,-5.539e-06,1
30.15,-4.1962e-06,1
30.151,-3.0213e-06,1
30.151,2.182e-06,1
30.152,6.5461e-06,1
30.152,6.3783e-06,1
30.153,-4.5319e-06,1
30.153,-2.4674e-05,1
30.154,-3.1052e-05,1
30.154,-1.3931e-05,1
30.155,1.4771e-05,1
30.155,4.3473e-05,1
30.156,6.6636e-05,1
30.156,8.4932e-05,1
30.157,9.6513e-05,1
30.157,0.00010272,1
30.158,0.00010155,1
30.158,9.0135e-05,1
30.159,7.1672e-05,1
30.16,4.918e-05,1
30.16,4.1459e-05,1
30.161,6.1936e-05,1
30.161,0.00011095,1
30.162,0.00018782,1
30.162,0.00025429,1
30.163,0.00025698,1
30.163,0.00018312,1
30.164,7.4693e-05,1
30.164,-1.8967e-05,1
30.165,-6.9993e-05,1
30.165,-7.8889e-05,1
30.166,-7.1168e-05,1
30.166,-6.949e-05,1
30.167,-7.8386e-05,1
30.167,-9.5003e-05,1
30.168,-0.00011498,1
30.168,-0.00012438,1
30.169,-0.00011112,1
30.169,-6.949e-05,1
30.17,-1.3931e-05,1
30.17,2.9374e-05,1
30.171,4.8844e-05,1
30.171,4.5991e-05,1
30.172,3.508e-05,1
30.172,3.0045e-05,1
30.173,3.3738e-05,1
30.174,4.2298e-05,1
30.174,5.1194e-05,1
30.175,4.7501e-05,1
30.175,2.8031e-05,1
30.176,1.5106e-06,1
30.176,-2.1149e-05,1
30.177,-3.743e-05,1
30.177,-4.5823e-05,1
30.178,-4.7166e-05,1
30.178,-4.3473e-05,1
30.179,-3.2731e-05,1
30.179,-4.8676e-06,1
30.18,3.8437e-05,1
30.18,7.6707e-05,1
30.181,0.00010037,1
30.181,0.00011128,1
30.182,0.0001138,1
30.182,0.00011313,1
30.183,0.00010961,1
30.183,0.00010172,1
30.184,8.6778e-05,1
30.184,6.4118e-05,1
30.185,4.3473e-05,1
30.185,3.0716e-05,1
30.186,1.8631e-05,1
30.187,2.5177e-06,1
30.187,-1.8128e-05,1
30.188,-2.9709e-05,1
30.188,-2.8534e-05,1
30.189,-2.2492e-05,1
30.189,-2.1317e-05,1
30.19,-3.3066e-05,1
30.19,-5.2537e-05,1
30.191,-6.5293e-05,1
30.191,-6.6468e-05,1
30.192,-5.623e-05,1
30.192,-4.0116e-05,1
30.193,-3.0045e-05,1
30.193,-3.592e-05,1
30.194,-5.388e-05,1
30.194,-6.5293e-05,1
30.195,-6.1433e-05,1
30.195,-5.0523e-05,1
30.196,-3.8773e-05,1
30.196,-2.0478e-05,1
30.197,6.3783e-06,1
30.197,3.1388e-05,1
30.198,4.4984e-05,1
30.198,5.0187e-05,1
30.199,5.069e-05,1
30.2,5.623e-05,1
30.2,7.5364e-05,1
30.201,0.00010524,1
30.201,0.00012421,1
30.202,0.00011363,1
30.202,8.2414e-05,1
30.203,5.5558e-05,1
30.203,4.7166e-05,1
30.204,4.3641e-05,1
30.204,3.7095e-05,1
30.205,3.122e-05,1
30.205,2.9374e-05,1
30.206,2.2995e-05,1
30.206,5.2033e-06,1
30.207,-1.6785e-05,1
30.207,-3.2059e-05,1
30.208,-3.8605e-05,1
30.208,-3.1556e-05,1
30.209,-1.3596e-05,1
30.209,-3.5248e-06,1
30.21,-1.6785e-06,1
30.21,3.0213e-06,1
30.211,1.2253e-05,1
30.211,1.5946e-05,1
30.212,5.8747e-06,1
30.212,-8.2246e-06,1
30.213,-1.9806e-05,1
30.214,-1.5778e-05,1
30.214,1.2589e-05,1
30.215,5.3544e-05,1
30.215,8.9128e-05,1
30.216,0.00011061,1
30.216,0.00012186,1
30.217,0.00011951,1
30.217,9.5171e-05,1
30.218,5.2705e-05,1
30.218,1.8631e-05,1
30.219,2.2995e-05,1
30.219,5.0355e-05,1
30.22,6.2943e-05,1
30.22,4.9516e-05,1
30.221,2.0981e-05,1
30.221,-2.5177e-06,1
30.222,-6.0426e-06,1
30.222,4.3641e-06,1
30.223,1.9806e-05,1
30.223,3.5416e-05,1
30.224,3.6591e-05,1
30.224,2.4002e-05,1
30.225,2.5345e-05,1
30.225,4.6494e-05,1
30.226,6.3951e-05,1
30.227,6.1265e-05,1
30.227,3.9948e-05,1
30.228,8.3925e-06,1
30.228,-2.1317e-05,1
30.229,-5.0523e-05,1
30.229,-8.0064e-05,1
30.23,-0.0001034,1
30.23,-0.00010961,1
30.231,-9.752e-05,1
30.231,-7.2007e-05,1
30.232,-4.2802e-05,1
30.232,-1.6785e-05,1
30.233,6.5461e-06,1
30.233,3.1388e-05,1
30.234,5.153e-05,1
30.234,6.5293e-05,1
30.235,7.6371e-05,1
30.235,8.5435e-05,1
30.236,9.0806e-05,1
30.236,9.6178e-05,1
30.237,0.00010457,1
30.237,0.00010893,1
30.238,0.00010306,1
30.238,8.7785e-05,1
30.239,7.3686e-05,1
30.239,6.4958e-05,1
30.24,5.3208e-05,1
30.241,2.9374e-05,1
30.241,-8.896e-06,1
30.242,-4.9851e-05,1
30.242,-7.1504e-05,1
30.243,-6.3783e-05,1
30.243,-4.213e-05,1
30.244,-3.9109e-05,1
30.244,-7.6371e-05,1
30.245,-0.00012488,1
30.245,-0.00014267,1
30.246,-0.00011884,1
30.246,-7.0329e-05,1
30.247,-1.6281e-05,1
30.247,2.652e-05,1
30.248,5.388e-05,1
30.248,7.6371e-05,1
30.249,9.8527e-05,1
30.249,0.00010994,1
30.25,0.00010658,1
30.25,0.00010591,1
30.251,0.00011531,1
30.251,0.00011699,1
30.252,9.5842e-05,1
30.252,6.4958e-05,1
30.253,5.5222e-05,1
30.253,6.7643e-05,1
30.254,6.9657e-05,1
30.255,2.8702e-05,1
30.255,-3.8605e-05,1
30.256,-9.1646e-05,1
30.256,-0.00010642,1
30.257,-8.426e-05,1
30.257,-4.4648e-05,1
30.258,-6.3783e-06,1
30.258,2.9374e-05,1
30.259,7.0665e-05,1
30.259,0.00011263,1
30.26,0.00014015,1
30.26,0.00014989,1
30.261,0.00015006,1
30.261,0.00015023,1
30.262,0.00014871,1
30.262,0.0001284,1
30.263,8.7114e-05,1
30.263,4.1627e-05,1
30.264,-8.7282e-06,1
30.264,-7.335e-05,1
30.265,-0.00012555,1
30.265,-0.00012001,1
30.266,-6.6804e-05,1
30.266,-2.031e-05,1
30.267,-1.0071e-05,1
30.268,-2.6352e-05,1
30.268,-4.8508e-05,1
30.269,-5.8579e-05,1
30.269,-5.0523e-05,1
30.27,-1.8967e-05,1
30.27,3.5416e-05,1
30.271,9.3828e-05,1
30.271,0.0001326,1
30.272,0.00013613,1
30.272,9.2821e-05,1
30.273,1.0575e-05,1
30.273,-6.4286e-05,1
30.274,-8.6442e-05,1
30.274,-6.6804e-05,1
30.275,-4.5655e-05,1
30.275,-4.4312e-05,1
30.276,-5.4887e-05,1
30.276,-6.5126e-05,1
30.277,-6.5461e-05,1
30.277,-4.8508e-05,1
30.278,-1.7456e-05,1
30.278,1.8463e-05,1
30.279,4.8844e-05,1
30.279,6.7979e-05,1
30.28,7.6707e-05,1
30.28,8.04e-05,1
30.281,8.3421e-05,1
30.282,8.3421e-05,1
30.282,7.805e-05,1
30.283,6.1433e-05,1
30.283,3.6088e-05,1
30.284,1.4603e-05,1
30.284,-2.182e-06,1
30.285,-1.1917e-05,1
30.285,-6.8818e-06,1
30.286,9.5674e-06,1
30.286,2.6688e-05,1
30.287,3.357e-05,1
30.287,9.0639e-06,1
30.288,-4.0787e-05,1
30.288,-8.1575e-05,1
30.289,-9.0806e-05,1
30.289,-7.2679e-05,1
30.29,-4.2802e-05,1
30.29,-8.5603e-06,1
30.291,3.4745e-05,1
30.291,9.6178e-05,1
30.292,0.00015476,1
30.292,0.00018178,1
30.293,0.0001744,1
30.293,0.00015325,1
30.294,0.00013344,1
30.295,0.000118,1
30.295,9.1814e-05,1
30.296,4.5823e-05,1
30.296,-5.2033e-06,1
30.297,-4.8844e-05,1
30.297,-7.9728e-05,1
30.298,-9.9367e-05,1
30.298,-0.00010759,1
30.299,-9.6178e-05,1
30.299,-6.2776e-05,1
30.3,-2.1988e-05,1
30.3,4.1962e-06,1
30.301,1.5778e-05,1
30.301,3.0549e-05,1
30.302,5.539e-05,1
30.302,8.1743e-05,1
30.303,9.6178e-05,1
30.303,9.4499e-05,1
30.304,7.8721e-05,1
30.304,5.623e-05,1
30.305,3.3402e-05,1
30.305,1.6449e-05,1
30.306,1.8463e-06,1
30.306,-2.031e-05,1
30.307,-4.1794e-05,1
30.308,-3.7766e-05,1
30.308,-1.1749e-06,1
30.309,5.1865e-05,1
30.309,8.7449e-05,1
30.31,8.4932e-05,1
30.31,5.0858e-05,1
30.311,1.091e-05,1
30.311,-1.5442e-05,1
30.312,-2.9541e-05,1
30.312,-4.0452e-05,1
30.313,-3.978e-05,1
30.313,-1.5778e-05,1
30.314,2.3163e-05,1
30.314,5.8076e-05,1
30.315,6.9322e-05,1
30.315,5.7069e-05,1
30.316,3.4745e-05,1
30.316,2.3163e-05,1
30.317,3.0045e-05,1
30.317,4.2466e-05,1
30.318,4.6494e-05,1
30.318,4.4816e-05,1
30.319,4.213e-05,1
30.319,4.0116e-05,1
30.32,2.3835e-05,1
30.32,-1.1917e-05,1
30.321,-3.4745e-05,1
30.322,-3.6088e-05,1
30.322,-3.2563e-05,1
30.323,-3.3066e-05,1
30.323,-3.2898e-05,1
30.324,-3.1052e-05,1
30.324,-2.9038e-05,1
30.325,-3.0045e-05,1
30.325,-3.2059e-05,1
30.326,-2.3667e-05,1
30.326,5.0355e-07,1
30.327,3.0045e-05,1
30.327,5.4551e-05,1
30.328,7.6539e-05,1
30.328,0.00010188,1
30.329,0.0001331,1
30.329,0.00016231,1
30.33,0.00018111,1
30.33,0.00019084,1
30.331,0.00019236,1
30.331,0.00018077,1
30.332,0.00015526,1
30.332,0.00011632,1
30.333,7.2343e-05,1
30.333,3.592e-05,1
30.334,9.5674e-06,1
30.334,-1.0071e-05,1
30.335,-2.7695e-05,1
30.336,-4.3809e-05,1
30.336,-4.2466e-05,1
30.337,-1.8967e-05,1
30.337,1.8463e-06,1
30.338,-2.6856e-06,1
30.338,-2.7695e-05,1
30.339,-5.9419e-05,1
30.339,-9.1142e-05,1
30.34,-0.00012337,1
30.34,-0.00014318,1
30.341,-0.00014737,1
30.341,-0.00014704,1
30.342,-0.00014939,1
30.342,-0.00013814,1
30.343,-0.0001091,1
30.343,-8.4596e-05,1
30.344,-7.9225e-05,1
30.344,-7.9728e-05,1
30.345,-6.9322e-05,1
30.345,-4.2466e-05,1
30.346,1.6785e-07,1
30.346,5.1698e-05,1
30.347,8.8121e-05,1
30.347,9.9702e-05,1
30.348,0.00010994,1
30.349,0.00013462,1
30.349,0.00015341,1
30.35,0.00013999,1
30.35,9.0471e-05,1
30.351,3.1724e-05,1
30.351,-1.561e-05,1
30.352,-3.9277e-05,1
30.352,-2.9038e-05,1
30.353,-4.1962e-06,1
30.353,6.5461e-06,1
30.354,2.0142e-06,1
30.354,-7.8889e-06,1
30.355,-2.1149e-05,1
30.355,-3.1052e-05,1
30.356,-1.7792e-05,1
30.356,2.8367e-05,1
30.357,9.1142e-05,1
30.357,0.00015627,1
30.358,0.00020461,1
30.358,0.00021434,1
30.359,0.00018346,1
30.359,0.0001368,1
30.36,0.00010558,1
30.36,8.9128e-05,1
30.361,6.8315e-05,1
30.361,4.0787e-05,1
30.362,2.5177e-05,1
30.363,2.8031e-05,1
30.363,4.213e-05,1
30.364,5.4719e-05,1
30.364,5.623e-05,1
30.365,4.4144e-05,1
30.365,2.7192e-05,1
30.366,9.7353e-06,1
30.366,-7.2175e-06,1
30.367,-1.796e-05,1
30.367,-1.7121e-05,1
30.368,-3.8605e-06,1
30.368,1.9303e-05,1
30.369,4.1794e-05,1
30.369,4.4816e-05,1
30.37,2.6352e-05,1
30.37,-4.6998e-06,1
30.371,-3.2059e-05,1
30.371,-4.6494e-05,1
30.372,-4.0787e-05,1
30.372,-6.5461e-06,1
30.373,4.9348e-05,1
30.373,0.0001034,1
30.374,0.00013512,1
30.374,0.00013394,1
30.375,0.00010121,1
30.376,5.4719e-05,1
30.376,1.4603e-05,1
30.377,-1.2253e-05,1
30.377,-2.501e-05,1
30.378,-3.2395e-05,1
30.378,-4.062e-05,1
30.379,-5.069e-05,1
30.379,-6.0426e-05,1
30.38,-6.9993e-05,1
30.38,-8.1071e-05,1
30.381,-9.7185e-05,1
30.381,-0.00011112,1
30.382,-0.00010809,1
30.382,-7.7379e-05,1
30.383,-2.1317e-05,1
30.383,3.7598e-05,1
30.384,7.5364e-05,1
30.384,8.04e-05,1
30.385,5.9586e-05,1
30.385,3.743e-05,1
30.386,3.1724e-05,1
30.386,3.2059e-05,1
30.387,2.9038e-05,1
30.387,1.8128e-05,1
30.388,8.3925e-07,1
30.389,-1.5946e-05,1
30.389,-3.7095e-05,1
30.39,-6.9657e-05,1
30.39,-0.00010021,1
30.391,-0.00010524,1
30.391,-7.6707e-05,1
30.392,-2.1653e-05,1
30.392,3.978e-05,1
30.393,8.0064e-05,1
30.393,8.1575e-05,1
30.394,4.5151e-05,1
30.394,-3.357e-07,1
30.395,-2.501e-05,1
30.395,-1.3428e-05,1
30.396,1.6953e-05,1
30.396,4.0116e-05,1
30.397,4.918e-05,1
30.397,4.683e-05,1
30.398,3.1052e-05,1
30.398,3.8605e-06,1
30.399,-1.9303e-05,1
30.399,-2.9877e-05,1
30.4,-3.1052e-05,1
30.4,-2.3499e-05,1
30.401,-9.3996e-06,1
30.401,5.539e-06,1
30.402,1.7456e-05,1
30.403,2.1988e-05,1
30.403,2.887e-05,1
30.404,5.4215e-05,1
30.404,8.2918e-05,1
30.405,9.8192e-05,1
30.405,0.00010843,1
30.406,0.00011968,1
30.406,0.00012673,1
30.407,0.00012706,1
30.407,0.00012689,1
30.408,0.00013176,1
30.408,0.00013713,1
30.409,0.00013814,1
30.409,0.00012639,1
30.41,9.7856e-05,1
30.41,5.7908e-05,1
30.411,1.7288e-05,1
30.411,-9.2317e-06,1
30.412,-1.4099e-05,1
30.412,-6.8818e-06,1
30.413,-4.8676e-06,1
30.413,-1.091e-05,1
30.414,-3.2395e-05,1
30.414,-8.9967e-05,1
30.415,-0.00015224,1
30.416,-0.00017977,1
30.416,-0.00017003,1
30.417,-0.00013193,1
30.417,-8.1575e-05,1
30.418,-3.6759e-05,1
30.418,3.1891e-06,1
30.419,3.8773e-05,1
30.419,6.9657e-05,1
30.42,0.00010658,1
30.42,0.00015409,1
30.421,0.00019991,1
30.421,0.00023214,1
30.422,0.00025396,1
30.422,0.00027376,1
30.423,0.00027829,1
30.423,0.00024758,1
30.424,0.00018447,1
30.424,0.00011061,1
30.425,4.7669e-05,1
30.425,-5.0355e-07,1
30.426,-3.7095e-05,1
30.426,-6.5293e-05,1
30.427,-9.1478e-05,1
30.427,-0.00010642,1
30.428,-9.2485e-05,1
30.428,-6.0258e-05,1
30.429,-4.3137e-05,1
30.43,-5.7908e-05,1
30.43,-9.0135e-05,1
30.431,-0.00011431,1
30.431,-0.00011363,1
30.432,-9.2485e-05,1
30.432,-6.63e-05,1
30.433,-4.3137e-05,1
30.433,-2.501e-05,1
30.434,-1.3764e-05,1
30.434,-1.5946e-05,1
30.435,-3.1724e-05,1
30.435,-4.1794e-05,1
30.436,-2.7695e-05,1
30.436,-2.182e-06,1
30.437,1.0407e-05,1
30.437,7.5532e-06,1
30.438,-1.6785e-07,1
30.438,-6.8818e-06,1
30.439,-3.6927e-06,1
30.439,1.3931e-05,1
30.44,3.7766e-05,1
30.44,6.009e-05,1
30.441,7.1e-05,1
30.441,6.865e-05,1
30.442,6.3447e-05,1
30.442,5.9586e-05,1
30.443,7.0329e-05,1
30.444,0.0001086,1
30.444,0.00015325,1
30.445,0.00015929,1
30.445,0.00011128,1
30.446,2.6184e-05,1
30.446,-6.5797e-05,1
30.447,-0.00013411,1
30.447,-0.0001566,1
30.448,-0.00013713,1
30.448,-9.752e-05,1
30.449,-4.918e-05,1
30.449,5.0355e-06,1
30.45,5.4551e-05,1
30.45,8.4428e-05,1
30.451,0.00010121,1
30.451,0.00012035,1
30.452,0.00014066,1
30.452,0.00014485,1
30.453,0.00012287,1
30.453,8.4932e-05,1
30.454,5.4719e-05,1
30.454,4.4144e-05,1
30.455,4.5151e-05,1
30.455,4.2802e-05,1
30.456,2.9038e-05,1
30.457,9.9031e-06,1
30.457,-3.8605e-06,1
30.458,-8.7282e-06,1
30.458,-1.1078e-05,1
30.459,-9.5674e-06,1
30.459,-2.8534e-06,1
30.46,3.1891e-06,1
30.46,1.0239e-05,1
30.461,2.6352e-05,1
30.461,3.743e-05,1
30.462,3.0716e-05,1
30.462,1.6617e-05,1
30.463,1.0575e-05,1
30.463,9.7353e-06,1
30.464,1.1749e-06,1
30.464,-1.091e-05,1
30.465,-2.0142e-05,1
30.465,-3.1891e-05,1
30.466,-4.1123e-05,1
30.466,-3.4409e-05,1
30.467,-1.4603e-05,1
30.467,-2.0142e-06,1
30.468,-5.2033e-06,1
30.468,-7.5532e-06,1
30.469,6.5461e-06,1
30.47,2.6184e-05,1
30.47,3.0381e-05,1
30.471,1.8296e-05,1
30.471,2.0142e-06,1
30.472,-5.2033e-06,1
30.472,-2.0142e-06,1
30.473,1.2253e-05,1
30.473,4.0116e-05,1
30.474,5.9922e-05,1
30.474,4.8844e-05,1
30.475,1.4099e-05,1
30.475,-2.6184e-05,1
30.476,-5.7908e-05,1
30.476,-7.2847e-05,1
30.477,-6.865e-05,1
30.477,-5.2873e-05,1
30.478,-3.6423e-05,1
30.478,-2.266e-05,1
30.479,-1.1246e-05,1
30.479,1.6785e-07,1
30.48,1.6281e-05,1
30.48,4.4144e-05,1
30.481,8.7114e-05,1
30.481,0.00011498,1
30.482,9.9199e-05,1
30.482,4.1123e-05,1
30.483,-3.1052e-05,1
30.484,-8.8624e-05,1
30.484,-0.00011363,1
30.485,-0.00011095,1
30.485,-9.9702e-05,1
30.486,-8.4092e-05,1
30.486,-4.918e-05,1
30.487,1.6281e-05,1
30.487,9.2821e-05,1
30.488,0.00014418,1
30.488,0.00015929,1
30.489,0.00015946,1
30.489,0.000165,1
30.49,0.00017137,1
30.49,0.00016365,1
30.491,0.00014754,1
30.491,0.00013529,1
30.492,0.00013277,1
30.492,0.00013059,1
30.493,0.00011397,1
30.493,8.5771e-05,1
30.494,6.1265e-05,1
30.494,4.3809e-05,1
30.495,3.2059e-05,1
30.495,3.0549e-05,1
30.496,3.9612e-05,1
30.497,5.9586e-05,1
30.497,8.2918e-05,1
30.498,9.0135e-05,1
30.498,6.5629e-05,1
30.499,1.8967e-05,1
30.499,-2.3667e-05,1
30.5,-4.7669e-05,1
30.5,-5.9922e-05,1
30.501,-6.6468e-05,1
30.501,-6.009e-05,1
30.502,-4.3641e-05,1
30.502,-2.9206e-05,1
30.503,-2.3835e-05,1
30.503,-2.2156e-05,1
30.504,-2.4506e-05,1
30.504,-2.6352e-05,1
30.505,-2.4842e-05,1
30.505,-3.5416e-05,1
30.506,-4.3809e-05,1
30.506,-2.7863e-05,1
30.507,5.0355e-07,1
30.507,1.7288e-05,1
30.508,4.8676e-06,1
30.508,-2.9877e-05,1
30.509,-5.3544e-05,1
30.509,-4.6662e-05,1
30.51,-2.5849e-05,1
30.511,-8.896e-06,1
30.511,-3.1891e-06,1
30.512,-4.3641e-06,1
30.512,1.8463e-06,1
30.513,1.6617e-05,1
30.513,2.7359e-05,1
30.514,2.6352e-05,1
30.514,1.8631e-05,1
30.515,1.0239e-05,1
30.515,2.5177e-06,1
30.516,4.8676e-06,1
30.516,2.7192e-05,1
30.517,7.2343e-05,1
30.517,0.00011783,1
30.518,0.0001321,1
30.518,0.00010222,1
30.519,4.6998e-05,1
30.519,1.5106e-06,1
30.52,-1.8631e-05,1
30.52,-1.2253e-05,1
30.521,1.9974e-05,1
30.521,6.63e-05,1
30.522,0.00010272,1
30.522,0.00011212,1
30.523,9.366e-05,1
30.523,5.8244e-05,1
30.524,1.9806e-05,1
30.525,-8.7282e-06,1
30.525,-1.8463e-05,1
30.526,-1.326e-05,1
30.526,-2.3499e-06,1
30.527,5.2033e-06,1
30.527,9.5674e-06,1
30.528,1.3931e-05,1
30.528,9.9031e-06,1
30.529,-7.3854e-06,1
30.529,-2.5513e-05,1
30.53,-2.8199e-05,1
30.53,-1.5946e-05,1
30.531,-3.1891e-06,1
30.531,6.714e-07,1
30.532,2.5177e-06,1
30.532,1.9974e-05,1
30.533,5.2033e-05,1
30.533,7.8386e-05,1
30.534,6.4622e-05,1
30.534,3.0213e-06,1
30.535,-4.9851e-05,1
30.535,-5.8579e-05,1
30.536,-4.1459e-05,1
30.536,-1.1582e-05,1
30.537,3.0549e-05,1
30.538,7.5868e-05,1
30.538,0.00010726,1
30.539,0.00011246,1
30.539,9.752e-05,1
30.54,8.0903e-05,1
30.54,7.3854e-05,1
30.541,7.5029e-05,1
30.541,6.9154e-05,1
30.542,4.5487e-05,1
30.542,1.2924e-05,1
30.543,-1.3428e-05,1
30.543,-2.6352e-05,1
30.544,-3.5416e-05,1
30.544,-2.4674e-05,1
30.545,1.8463e-05,1
30.545,7.1336e-05,1
30.546,9.752e-05,1
30.546,9.4835e-05,1
30.547,9.0471e-05,1
30.547,9.7856e-05,1
30.548,0.00011095,1
30.548,0.00012236,1
30.549,0.00012203,1
30.549,0.00010373,1
30.55,7.1839e-05,1
30.55,3.6255e-05,1
30.551,3.0213e-06,1
30.552,-2.2324e-05,1
30.552,-3.7095e-05,1
30.553,-4.3473e-05,1
30.553,-4.5487e-05,1
30.554,-4.6159e-05,1
30.554,-4.918e-05,1
30.555,-5.1865e-05,1
30.555,-5.2201e-05,1
30.556,-5.0523e-05,1
30.556,-5.0187e-05,1
30.557,-4.7837e-05,1
30.557,-4.0955e-05,1
30.558,-3.5248e-05,1
30.558,-3.6591e-05,1
30.559,-4.4144e-05,1
30.559,-5.4551e-05,1
30.56,-5.3376e-05,1
30.56,-3.0381e-05,1
30.561,1.0575e-05,1
30.561,6.3783e-05,1
30.562,9.1478e-05,1
30.562,6.63e-05,1
30.563,9.7353e-06,1
30.563,-4.0955e-05,1
30.564,-7.2847e-05,1
30.565,-8.6107e-05,1
30.565,-7.5029e-05,1
30.566,-4.1459e-05,1
30.566,3.1891e-06,1
30.567,4.0284e-05,1
30.567,6.2272e-05,1
30.568,7.7211e-05,1
30.568,8.9128e-05,1
30.569,8.9128e-05,1
30.569,7.3518e-05,1
30.57,3.9277e-05,1
30.57,-1.2924e-05,1
30.571,-7.1e-05,1
30.571,-0.0001227,1
30.572,-0.00015879,1
30.572,-0.00017591,1
30.573,-0.00016483,1
30.573,-0.00012203,1
30.574,-6.3447e-05,1
30.574,-1.4267e-05,1
30.575,2.5177e-06,1
30.575,-1.6281e-05,1
30.576,-3.743e-05,1
30.576,-2.3667e-05,1
30.577,2.8702e-05,1
30.578,9.6178e-05,1
30.578,0.00015492,1
30.579,0.00018984,1
30.579,0.00018648,1
30.58,0.00015123,1
30.58,0.00012052,1
30.581,0.00012102,1
30.581,0.00013948,1
30.582,0.00015392,1
30.582,0.00014955,1
30.583,0.00012941,1
30.583,0.00010088,1
30.584,5.2873e-05,1
30.584,-1.8463e-06,1
30.585,-3.8605e-05,1
30.585,-5.5894e-05,1
30.586,-5.5222e-05,1
30.586,-3.8773e-05,1
30.587,-2.0142e-06,1
30.587,4.3137e-05,1
30.588,8.0232e-05,1
30.588,0.00010289,1
30.589,0.00012605,1
30.589,0.00015644,1
30.59,0.00017423,1
30.59,0.00017272,1
30.591,0.0001556,1
30.592,0.00012471,1
30.592,9.0135e-05,1
30.593,7.5029e-05,1
30.593,8.8457e-05,1
30.594,0.00011061,1
30.594,0.00011598,1
30.595,0.00010692,1
30.595,9.1814e-05,1
30.596,6.5629e-05,1
30.596,2.5345e-05,1
30.597,-2.4506e-05,1
30.597,-6.5293e-05,1
30.598,-9.2149e-05,1
30.598,-0.00012253,1
30.599,-0.00014166,1
30.599,-0.00013495,1
30.6,-0.00010826,1
30.6,-7.3686e-05,1
30.601,-4.1962e-05,1
30.601,-1.6953e-05,1
30.602,-6.0426e-06,1
30.602,-1.3931e-05,1
30.603,-1.6449e-05,1
30.603,-9.7353e-06,1
30.604,-1.4603e-05,1
30.605,-3.3234e-05,1
30.605,-5.7237e-05,1
30.606,-9.0135e-05,1
30.606,-0.00015543,1
30.607,-0.00024825,1
30.607,-0.00030498,1
30.608,-0.00028551,1
30.608,-0.00019957,1
30.609,-9.4163e-05,1
30.609,-5.539e-06,1
30.61,6.0594e-05,1
30.61,0.00011095,1
30.611,0.00014955,1
30.611,0.0001848,1
30.612,0.00021753,1
30.612,0.00024775,1
30.613,0.00027108,1
30.613,0.00026772,1
30.614,0.00021334,1
30.614,0.00012807,1
30.615,6.7308e-05,1
30.615,4.5487e-05,1
30.616,2.0478e-05,1
30.616,-3.827e-05,1
30.617,-8.9632e-05,1
30.617,-9.7353e-05,1
30.618,-7.5364e-05,1
30.619,-5.0019e-05,1
30.619,-2.652e-05,1
30.62,6.5461e-06,1
30.62,4.1123e-05,1
30.621,6.9657e-05,1
30.621,9.3156e-05,1
30.622,0.00011313,1
30.622,0.00012941,1
30.623,0.00014217,1
30.623,0.00014284,1
30.624,0.0001274,1
30.624,0.00010172,1
30.625,7.0665e-05,1
30.625,3.978e-05,1
30.626,1.3931e-05,1
30.626,-1.0071e-06,1
30.627,1.8463e-06,1
30.627,2.1149e-05,1
30.628,3.978e-05,1
30.628,4.1123e-05,1
30.629,2.4674e-05,1
30.629,2.182e-06,1
30.63,-1.4267e-05,1
30.63,-2.5345e-05,1
30.631,-3.7766e-05,1
30.631,-5.2369e-05,1
30.632,-6.3279e-05,1
30.633,-6.3279e-05,1
30.633,-5.6062e-05,1
30.634,-5.4047e-05,1
30.634,-6.1936e-05,1
30.635,-6.8482e-05,1
30.635,-6.2943e-05,1
30.636,-5.153e-05,1
30.636,-3.9109e-05,1
30.637,-2.501e-05,1
30.637,-1.1414e-05,1
30.638,-5.0355e-07,1
30.638,7.5532e-06,1
30.639,1.2085e-05,1
30.639,1.7288e-05,1
30.64,2.2156e-05,1
30.64,2.2995e-05,1
30.641,2.6688e-05,1
30.641,4.4984e-05,1
30.642,7.3854e-05,1
30.642,9.1814e-05,1
30.643,8.9128e-05,1
30.643,7.4693e-05,1
30.644,5.4887e-05,1
30.644,2.9374e-05,1
30.645,-8.3925e-07,1
30.646,-2.9038e-05,1
30.646,-5.4887e-05,1
30.647,-7.7882e-05,1
30.647,-9.2317e-05,1
30.648,-9.6178e-05,1
30.648,-9.2821e-05,1
30.649,-8.4764e-05,1
30.649,-7.2679e-05,1
30.65,-5.623e-05,1
30.65,-3.8773e-05,1
30.651,-2.2828e-05,1
30.651,-1.0239e-05,1
30.652,-3.8605e-06,1
30.652,2.5177e-06,1
30.653,1.8631e-05,1
30.653,4.0787e-05,1
30.654,6.0594e-05,1
30.654,7.3686e-05,1
30.655,8.4428e-05,1
30.655,9.6513e-05,1
30.656,0.00010642,1
30.656,0.00011246,1
30.657,0.00012908,1
30.657,0.00015929,1
30.658,0.00018447,1
30.659,0.00018245,1
30.659,0.00015123,1
30.66,9.6513e-05,1
30.66,3.2395e-05,1
30.661,-1.7121e-05,1
30.661,-3.9277e-05,1
30.662,-3.9109e-05,1
30.662,-2.266e-05,1
30.663,3.5248e-06,1
30.663,2.6184e-05,1
30.664,3.9445e-05,1
30.664,5.4047e-05,1
30.665,8.8121e-05,1
30.665,0.00013059,1
30.666,0.00015895,1
30.666,0.00016298,1
30.667,0.00015593,1
30.667,0.00014083,1
30.668,0.00011128,1
30.668,7.2343e-05,1
30.669,4.4312e-05,1
30.669,4.2466e-05,1
30.67,5.623e-05,1
30.67,5.2873e-05,1
30.671,2.2492e-05,1
30.671,-2.7527e-05,1
30.672,-7.8889e-05,1
30.673,-0.0001138,1
30.673,-0.00012723,1
30.674,-0.00012454,1
30.674,-0.00011313,1
30.675,-8.6778e-05,1
30.675,-4.7837e-05,1
30.676,-1.5946e-05,1
30.676,-9.2317e-06,1
30.677,-2.2324e-05,1
30.677,-3.6423e-05,1
30.678,-3.4577e-05,1
30.678,-1.5106e-05,1
30.679,1.3931e-05,1
30.679,4.4144e-05,1
30.68,7.1e-05,1
30.68,9.2988e-05,1
30.681,0.00010188,1
30.681,9.8695e-05,1
30.682,9.1142e-05,1
30.682,5.3544e-05,1
30.683,-6.9993e-05,1
30.683,-0.00024858,1
30.684,-0.00036272,1
30.684,-0.00035752,1
30.685,-0.0002741,1
30.686,-0.00017322,1
30.686,-8.8121e-05,1
30.687,-1.9303e-05,1
30.687,3.8437e-05,1
30.688,8.661e-05,1
30.688,0.0001373,1
30.689,0.00019471,1
30.689,0.00025261,1
30.69,0.00031237,1
30.69,0.00036574,1
30.691,0.00038119,1
30.691,0.00033553,1
30.692,0.00024858,1
30.692,0.00015778,1
30.693,8.51e-05,1
30.693,3.6423e-05,1
30.694,1.091e-05,1
30.694,3.357e-06,1
30.695,-1.0071e-06,1
30.695,-6.3783e-06,1
30.696,-1.2924e-05,1
30.696,-2.031e-05,1
30.697,-2.5345e-05,1
30.697,-3.122e-05,1
30.698,-4.0787e-05,1
30.698,-4.5151e-05,1
30.699,-3.6088e-05,1
30.7,-1.9303e-05,1
30.7,-6.714e-07,1
30.701,1.8463e-05,1
30.701,3.4577e-05,1
30.702,4.1291e-05,1
30.702,4.0116e-05,1
30.703,3.357e-05,1
30.703,1.9303e-05,1
30.704,-8.3925e-07,1
30.704,-2.1317e-05,1
30.705,-3.7766e-05,1
30.705,-4.4984e-05,1
30.706,-4.7501e-05,1
30.706,-4.213e-05,1
30.707,-2.652e-05,1
30.707,-1.2924e-05,1
30.708,-5.0355e-07,1
30.708,6.3783e-06,1
30.709,-7.5532e-06,1
30.709,-5.388e-05,1
30.71,-0.00011565,1
30.71,-0.00016533,1
30.711,-0.00018547,1
30.711,-0.00017372,1
30.712,-0.00014284,1
30.712,-0.00010591,1
30.713,-7.2847e-05,1
30.714,-4.3305e-05,1
30.714,-6.8818e-06,1
30.715,3.1724e-05,1
30.715,5.069e-05,1
30.716,5.4551e-05,1
30.716,5.304e-05,1
30.717,4.8844e-05,1
30.717,5.9754e-05,1
30.718,8.426e-05,1
30.718,9.1814e-05,1
30.719,7.8721e-05,1
30.719,6.6972e-05,1
30.72,7.0329e-05,1
30.72,8.0903e-05,1
30.721,9.2149e-05,1
30.721,0.00011095,1
30.722,0.00013579,1
30.722,0.00014485,1
30.723,0.00011917,1
30.723,6.9657e-05,1
30.724,2.266e-05,1
30.724,-5.539e-06,1
30.725,-2.5345e-05,1
30.725,-4.4816e-05,1
30.726,-5.304e-05,1
30.727,-4.062e-05,1
30.727,-1.4603e-05,1
30.728,1.091e-05,1
30.728,3.1724e-05,1
30.729,6.4118e-05,1
30.729,0.00011397,1
30.73,0.00016365,1
30.73,0.00019554,1
30.731,0.0002036,1
30.731,0.000189,1
30.732,0.00016265,1
30.732,0.00012136,1
30.733,5.9922e-05,1
30.733,-3.8605e-06,1
30.734,-4.8676e-05,1
30.734,-6.6468e-05,1
30.735,-5.9754e-05,1
30.735,-3.8773e-05,1
30.736,-2.2324e-05,1
30.736,-1.561e-05,1
30.737,-5.0355e-06,1
30.737,1.5778e-05,1
30.738,3.6927e-05,1
30.738,4.6494e-05,1
30.739,3.743e-05,1
30.739,1.6449e-05,1
30.74,-3.5248e-06,1
30.741,-1.7456e-05,1
30.741,-2.7359e-05,1
30.742,-3.1891e-05,1
30.742,-1.6785e-05,1
30.743,1.796e-05,1
30.743,5.0523e-05,1
30.744,6.5629e-05,1
30.744,6.3615e-05,1
30.745,4.9348e-05,1
30.745,3.3738e-05,1
30.746,2.3331e-05,1
30.746,1.796e-05,1
30.747,1.7288e-05,1
30.747,1.5946e-05,1
30.748,1.7121e-05,1
30.748,3.1891e-05,1
30.749,6.1097e-05,1
30.749,9.6513e-05,1
30.75,0.00011095,1
30.75,8.5771e-05,1
30.751,3.7766e-05,1
30.751,-1.6281e-05,1
30.752,-8.7449e-05,1
30.752,-0.00017725,1
30.753,-0.00024422,1
30.754,-0.00025144,1
30.754,-0.00019991,1
30.755,-0.00012589,1
30.755,-7.9896e-05,1
30.756,-5.623e-05,1
30.756,-2.887e-05,1
30.757,6.8818e-06,1
30.757,4.5991e-05,1
30.758,7.2343e-05,1
30.758,8.51e-05,1
30.759,9.5506e-05,1
30.759,0.00011649,1
30.76,0.0001425,1
30.76,0.00015392,1
30.761,0.00012992,1
30.761,7.3686e-05,1
30.762,8.3925e-06,1
30.762,-4.4144e-05,1
30.763,-8.04e-05,1
30.763,-9.9031e-05,1
30.764,-9.6178e-05,1
30.764,-7.9728e-05,1
30.765,-6.5629e-05,1
30.765,-6.6636e-05,1
30.766,-8.7617e-05,1
30.767,-0.00010323,1
30.767,-7.7211e-05,1
30.768,-2.2828e-05,1
30.768,3.122e-05,1
30.769,7.335e-05,1
30.769,0.00010222,1
30.77,0.00012085,1
30.77,0.00012757,1
30.771,0.00012102,1
30.771,0.00011229,1
30.772,0.00011766,1
30.772,0.00014452,1
30.773,0.00018178,1
30.773,0.00020864,1
30.774,0.00020662,1
30.774,0.00018044,1
30.775,0.00014922,1
30.775,0.0001274,1
30.776,0.00010927,1
30.776,8.5771e-05,1
30.777,6.479e-05,1
30.777,5.4551e-05,1
30.778,4.918e-05,1
30.778,3.7095e-05,1
30.779,2.6688e-05,1
30.779,2.6352e-05,1
30.78,2.6688e-05,1
30.781,1.1749e-05,1
30.781,-1.9974e-05,1
30.782,-5.3208e-05,1
30.782,-7.9896e-05,1
30.783,-9.3828e-05,1
30.783,-8.8289e-05,1
30.784,-6.3951e-05,1
30.784,-4.5151e-05,1
30.785,-3.6423e-05,1
30.785,-3.592e-05,1
30.786,-3.7766e-05,1
30.786,-3.2731e-05,1
30.787,-2.7192e-05,1
30.787,-3.3738e-05,1
30.788,-4.5151e-05,1
30.788,-4.3641e-05,1
30.789,-2.8367e-05,1
30.789,-1.6785e-07,1
30.79,3.5584e-05,1
30.79,5.2201e-05,1
30.791,2.7359e-05,1
30.791,-1.5274e-05,1
30.792,-2.5681e-05,1
30.792,-3.0213e-06,1
30.793,1.326e-05,1
30.794,9.3996e-06,1
30.794,-4.8676e-06,1
30.795,-2.7359e-05,1
30.795,-7.3854e-05,1
30.796,-0.00013478,1
30.796,-0.00015459,1
30.797,-8.9632e-05,1
30.797,3.4073e-05,1
30.798,0.00014284,1
30.798,0.00019219,1
30.799,0.00018766,1
30.799,0.00015157,1
30.8,0.00010491,1
30.8,6.1936e-05,1
30.801,3.3738e-05,1
30.801,1.8296e-05,1
30.802,6.2104e-06,1
30.802,-1.5106e-06,1
30.803,4.6998e-06,1
30.803,1.7624e-05,1
30.804,2.182e-05,1
30.804,2.4506e-05,1
30.805,3.7095e-05,1
30.805,5.5558e-05,1
30.806,7.4861e-05,1
30.806,9.4163e-05,1
30.807,0.00011565,1
30.808,0.00014066,1
30.808,0.00015727,1
30.809,0.00015023,1
30.809,0.00012337,1
30.81,8.4764e-05,1
30.81,1.7288e-05,1
30.811,-7.7882e-05,1
30.811,-0.00014099,1
30.812,-0.00013999,1
30.812,-9.987e-05,1
30.813,-5.6733e-05,1
30.813,-2.4674e-05,1
30.814,-3.357e-06,1
30.814,5.8747e-06,1
30.815,3.8605e-06,1
30.815,5.2033e-06,1
30.816,2.4002e-05,1
30.816,5.2537e-05,1
30.817,5.7908e-05,1
30.817,4.2802e-05,1
30.818,2.652e-05,1
30.818,2.0981e-05,1
30.819,4.2634e-05,1
30.819,7.9393e-05,1
30.82,0.00010222,1
30.82,0.00010256,1
30.821,8.4596e-05,1
30.822,6.5293e-05,1
30.822,6.3111e-05,1
30.823,7.5029e-05,1
30.823,8.6778e-05,1
30.824,8.7785e-05,1
30.824,5.8579e-05,1
30.825,-4.5319e-06,1
30.825,-8.2078e-05,1
30.826,-0.00015123,1
30.826,-0.00018883,1
30.827,-0.00018581,1
30.827,-0.00015576,1
30.828,-0.0001279,1
30.828,-0.00011464,1
30.829,-0.00011196,1
30.829,-0.00011196,1
30.83,-0.00010507,1
30.83,-8.0735e-05,1
30.831,-4.2802e-05,1
30.831,1.8463e-06,1
30.832,4.9683e-05,1
30.832,9.4499e-05,1
30.833,0.00012673,1
30.833,0.00014083,1
30.834,0.0001415,1
30.835,0.00013143,1
30.835,0.00011666,1
30.836,8.4764e-05,1
30.836,1.0575e-05,1
30.837,-7.6707e-05,1
30.837,-0.0001279,1
30.838,-0.00013646,1
30.838,-0.00012136,1
30.839,-9.2653e-05,1
30.839,-4.3809e-05,1
30.84,1.9303e-05,1
30.84,6.0426e-05,1
30.841,5.8412e-05,1
30.841,4.1459e-05,1
30.842,4.5319e-05,1
30.842,7.5029e-05,1
30.843,0.0001133,1
30.843,0.0001472,1
30.844,0.00017708,1
30.844,0.00019588,1
30.845,0.00019789,1
30.845,0.0001796,1
30.846,0.0001415,1
30.846,9.7856e-05,1
30.847,6.5293e-05,1
30.848,4.1291e-05,1
30.848,1.5274e-05,1
30.849,-4.8676e-06,1
30.849,-1.3092e-05,1
30.85,-1.6281e-05,1
30.85,-1.2253e-05,1
30.851,4.1962e-06,1
30.851,2.9374e-05,1
30.852,5.0019e-05,1
30.852,6.2608e-05,1
30.853,7.8218e-05,1
30.853,0.00010994,1
30.854,0.00014553,1
30.854,0.00016164,1
30.855,0.00015291,1
30.855,0.00013512,1
30.856,0.00013814,1
30.856,0.00016265,1
30.857,0.00016735,1
30.857,0.00012589,1
30.858,4.7669e-05,1
30.858,-3.5752e-05,1
30.859,-0.00011011,1
30.859,-0.00018128,1
30.86,-0.00024355,1
30.86,-0.00027729,1
30.861,-0.00027695,1
30.862,-0.00025463,1
30.862,-0.00022173,1
30.863,-0.00018296,1
30.863,-0.00014687,1
30.864,-0.00010809,1
30.864,-4.5487e-05,1
30.865,4.6326e-05,1
30.865,0.00013747,1
30.866,0.00018782,1
30.866,0.00017473,1
30.867,7.9728e-05,1
30.867,-5.0523e-05,1
30.868,-0.00012773,1
30.868,-0.0001237,1
30.869,-7.4022e-05,1
30.869,-2.2828e-05,1
30.87,1.1246e-05,1
30.87,2.8199e-05,1
30.871,3.7095e-05,1
30.871,4.7501e-05,1
30.872,6.0258e-05,1
30.872,7.4693e-05,1
30.873,0.00010457,1
30.873,0.00014754,1
30.874,0.0001707,1
30.875,0.00015023,1
30.875,0.00010188,1
30.876,5.623e-05,1
30.876,3.0716e-05,1
30.877,2.1988e-05,1
30.877,1.6617e-05,1
30.878,8.7282e-06,1
30.878,-2.5177e-06,1
30.879,-1.4267e-05,1
30.879,-2.1653e-05,1
30.88,-1.8296e-05,1
30.88,4.6998e-06,1
30.881,3.978e-05,1
30.881,6.9154e-05,1
30.882,7.2175e-05,1
30.882,3.8102e-05,1
30.883,-2.3667e-05,1
30.883,-8.8624e-05,1
30.884,-0.00012454,1
30.884,-0.00011196,1
30.885,-6.9993e-05,1
30.885,-2.7024e-05,1
30.886,2.8534e-06,1
30.886,1.6785e-05,1
30.887,2.3835e-05,1
30.887,2.9038e-05,1
30.888,4.2466e-05,1
30.889,6.9657e-05,1
30.889,0.0001039,1
30.89,0.00011514,1
30.89,9.3324e-05,1
30.891,7.7714e-05,1
30.891,8.3757e-05,1
30.892,9.4499e-05,1
30.892,9.5171e-05,1
30.893,8.4764e-05,1
30.893,7.1336e-05,1
30.894,5.623e-05,1
30.894,3.8605e-05,1
30.895,2.6017e-05,1
30.895,1.796e-05,1
30.896,9.9031e-06,1
30.896,3.357e-07,1
30.897,-1.9303e-05,1
30.897,-4.8508e-05,1
30.898,-7.805e-05,1
30.898,-9.3324e-05,1
30.899,-7.4022e-05,1
30.899,-2.6184e-05,1
30.9,3.2731e-05,1
30.9,8.0735e-05,1
30.901,9.0303e-05,1
30.901,6.4958e-05,1
30.902,3.4577e-05,1
30.903,2.4674e-05,1
30.903,4.0116e-05,1
30.904,7.335e-05,1
30.904,0.00011934,1
30.905,0.00016097,1
30.905,0.00017641,1
30.906,0.00015996,1
30.906,0.00012471,1
30.907,9.4499e-05,1
30.907,7.8386e-05,1
30.908,7.0497e-05,1
30.908,6.9322e-05,1
30.909,5.9754e-05,1
30.909,2.8031e-05,1
30.91,-1.4267e-05,1
30.91,-4.6494e-05,1
30.911,-6.4118e-05,1
30.911,-7.5364e-05,1
30.912,-8.04e-05,1
30.912,-8.2918e-05,1
30.913,-9.1814e-05,1
30.913,-0.0001039,1
30.914,-0.00010692,1
30.914,-9.6345e-05,1
30.915,-7.5532e-05,1
30.916,-4.9012e-05,1
30.916,-2.4506e-05,1
30.917,-4.8676e-06,1
30.917,1.4603e-05,1
30.918,3.7095e-05,1
30.918,6.1601e-05,1
30.919,7.7211e-05,1
30.919,8.0064e-05,1
30.92,8.1743e-05,1
30.92,8.9296e-05,1
30.921,9.9702e-05,1
30.921,0.00010054,1
30.922,7.4693e-05,1
30.922,2.3331e-05,1
30.923,-3.122e-05,1
30.923,-6.9657e-05,1
30.924,-8.3925e-05,1
30.924,-7.4861e-05,1
30.925,-5.4047e-05,1
30.925,-3.9445e-05,1
30.926,-3.4073e-05,1
30.926,-1.9303e-05,1
30.927,4.5319e-06,1
30.927,2.8031e-05,1
30.928,4.7166e-05,1
30.928,5.623e-05,1
30.929,5.7572e-05,1
30.93,5.4887e-05,1
30.93,4.8005e-05,1
30.931,3.7598e-05,1
30.931,2.7695e-05,1
30.932,3.0549e-05,1
30.932,5.4719e-05,1
30.933,7.9728e-05,1
30.933,8.04e-05,1
30.934,5.1865e-05,1
30.934,4.1962e-06,1
30.935,-5.6565e-05,1
30.935,-0.00012085,1
30.936,-0.00015593,1
30.936,-0.00014385,1
30.937,-0.00010306,1
30.937,-6.5293e-05,1
30.938,-4.3137e-05,1
30.938,-3.5752e-05,1
30.939,-3.978e-05,1
30.939,-3.978e-05,1
30.94,-2.7695e-05,1
30.94,-3.122e-05,1
30.941,-4.8508e-05,1
30.941,-4.9516e-05,1
30.942,-2.7863e-05,1
30.943,-8.3925e-07,1
30.943,2.3163e-05,1
30.944,4.8844e-05,1
30.944,7.8386e-05,1
30.945,0.00010809,1
30.945,0.00013814,1
30.946,0.00017137,1
30.946,0.00020511,1
30.947,0.00023516,1
30.947,0.00024942,1
30.948,0.00022945,1
30.948,0.00017926,1
30.949,0.0001321,1
30.949,0.00011397,1
30.95,9.2317e-05,1
30.95,3.2731e-05,1
30.951,-1.4939e-05,1
30.951,-7.8889e-06,1
30.952,2.8534e-05,1
30.952,4.3473e-05,1
30.953,1.7792e-05,1
30.953,-2.8534e-05,1
30.954,-6.3615e-05,1
30.954,-8.4092e-05,1
30.955,-8.7449e-05,1
30.956,-6.1601e-05,1
30.956,-2.3331e-05,1
30.957,6.8818e-06,1
30.957,9.7353e-06,1
30.958,-2.3835e-05,1
30.958,-6.3279e-05,1
30.959,-7.2343e-05,1
30.959,-4.8005e-05,1
30.96,-2.1988e-05,1
30.96,-1.9638e-05,1
30.961,-2.3667e-05,1
30.961,-1.326e-05,1
30.962,1.6785e-05,1
30.962,4.5991e-05,1
30.963,6.1601e-05,1
30.963,8.4428e-05,1
30.964,0.0001237,1
30.964,0.00015593,1
30.965,0.00014485,1
30.965,9.2149e-05,1
30.966,4.6998e-05,1
30.966,4.2802e-05,1
30.967,4.8844e-05,1
30.967,2.652e-05,1
30.968,-5.8747e-06,1
30.968,-1.3092e-05,1
30.969,-3.8605e-06,1
30.97,3.6927e-06,1
30.97,6.2104e-06,1
30.971,9.9031e-06,1
30.971,1.7288e-05,1
30.972,2.7359e-05,1
30.972,3.8773e-05,1
30.973,4.6494e-05,1
30.973,4.4648e-05,1
30.974,3.3066e-05,1
30.974,1.8128e-05,1
30.975,7.5532e-06,1
30.975,4.1962e-06,1
30.976,6.3783e-06,1
30.976,6.8818e-06,1
30.977,6.0426e-06,1
30.977,1.0575e-05,1
30.978,1.9806e-05,1
30.978,2.6688e-05,1
30.979,2.7024e-05,1
30.979,2.1317e-05,1
30.98,1.4603e-05,1
30.98,9.9031e-06,1
30.981,4.0284e-06,1
30.981,-5.539e-06,1
30.982,-1.2924e-05,1
30.983,-1.3931e-05,1
30.983,-1.091e-05,1
30.984,-3.6927e-06,1
30.984,5.0355e-06,1
30.985,1.5274e-05,1
30.985,2.9877e-05,1
30.986,3.9948e-05,1
30.986,3.4073e-05,1
30.987,1.8463e-05,1
30.987,4.8676e-06,1
30.988,-1.8463e-06,1
30.988,-4.6998e-06,1
30.989,-4.3641e-06,1
30.989,-1.1749e-06,1
30.99,3.357e-07,1
30.99,1.8463e-06,1
30.991,5.2033e-06,1
30.991,9.5674e-06,1
30.992,1.1917e-05,1
30.992,1.6617e-05,1
30.993,1.8967e-05,1
30.993,1.1414e-05,1
30.994,1.0071e-06,1
30.994,5.0355e-07,1
30.995,5.8747e-06,1
30.995,7.2175e-06,1
30.996,4.5319e-06,1
30.997,-8.3925e-07,1
30.997,-9.3996e-06,1
30.998,-1.561e-05,1
30.998,-6.2104e-06,1
30.999,1.326e-05,1
30.999,2.5345e-05,1
31,2.6688e-05,1
31,2.9374e-05,1
31.001,3.4409e-05,1
31.001,3.5752e-05,1
31.002,2.5177e-05,1
31.002,5.8747e-06,1
31.003,-1.2589e-05,1
31.003,-2.4002e-05,1
31.004,-3.1724e-05,1
31.004,-3.8102e-05,1
31.005,-4.3809e-05,1
31.005,-4.1794e-05,1
31.006,-2.6352e-05,1
31.006,-1.0071e-05,1
31.007,1.0071e-06,1
31.007,1.5778e-05,1
31.008,3.7263e-05,1
31.008,6.1601e-05,1
31.009,9.7017e-05,1
31.009,0.00013143,1
31.01,0.00014183,1
31.011,0.00012605,1
31.011,9.8192e-05,1
31.012,6.9322e-05,1
31.012,4.4312e-05,1
31.013,2.501e-05,1
31.013,1.8296e-05,1
31.014,2.2324e-05,1
31.014,3.2563e-05,1
31.015,4.4648e-05,1
31.015,5.8579e-05,1
31.016,7.3518e-05,1
31.016,8.3085e-05,1
31.017,8.4596e-05,1
31.017,8.0735e-05,1
31.018,8.6275e-05,1
31.018,0.00010793,1
31.019,0.00012639,1
31.019,0.00011666,1
31.02,7.3182e-05,1
31.02,1.5778e-05,1
31.021,-2.7695e-05,1
31.021,-4.7501e-05,1
31.022,-3.2395e-05,1
31.022,1.7288e-05,1
31.023,7.2007e-05,1
31.024,9.7856e-05,1
31.024,8.1071e-05,1
31.025,2.652e-05,1
31.025,-3.3402e-05,1
31.026,-6.6972e-05,1
31.026,-7.6707e-05,1
31.027,-7.9896e-05,1
31.027,-7.7211e-05,1
31.028,-6.7308e-05,1
31.028,-6.1601e-05,1
31.029,-6.9993e-05,1
31.029,-7.8889e-05,1
31.03,-7.2343e-05,1
31.03,-5.4047e-05,1
31.031,-3.5752e-05,1
31.031,-1.6281e-05,1
31.032,1.1582e-05,1
31.032,3.7766e-05,1
31.033,5.0523e-05,1
31.033,4.5991e-05,1
31.034,2.7695e-05,1
31.034,1.0575e-05,1
31.035,7.3854e-06,1
31.035,1.6617e-05,1
31.036,2.7359e-05,1
31.037,3.5248e-05,1
31.037,4.0116e-05,1
31.038,4.3473e-05,1
31.038,4.3977e-05,1
31.039,3.7766e-05,1
31.039,2.5345e-05,1
31.04,1.3596e-05,1
31.04,5.0355e-06,1
31.041,-6.2104e-06,1
31.041,-1.8128e-05,1
31.042,-2.1317e-05,1
31.042,-1.8296e-05,1
31.043,-1.6281e-05,1
31.043,-1.3596e-05,1
31.044,-1.326e-05,1
31.044,-1.796e-05,1
31.045,-2.3331e-05,1
31.045,-2.3331e-05,1
31.046,-2.5345e-05,1
31.046,-3.2563e-05,1
31.047,-4.0452e-05,1
31.047,-4.3137e-05,1
31.048,-3.978e-05,1
31.048,-2.3163e-05,1
31.049,6.2104e-06,1
31.049,3.1052e-05,1
31.05,4.3305e-05,1
31.051,4.5319e-05,1
31.051,4.1291e-05,1
31.052,3.8605e-05,1
31.052,4.2802e-05,1
31.053,3.7934e-05,1
31.053,1.2924e-05,1
31.054,-1.0407e-05,1
31.054,-9.0639e-06,1
31.055,1.8631e-05,1
31.055,5.539e-05,1
31.056,8.2414e-05,1
31.056,9.9031e-05,1
31.057,0.00010642,1
31.057,0.00011095,1
31.058,0.00012656,1
31.058,0.00015476,1
31.059,0.00017406,1
31.059,0.00016902,1
31.06,0.00014284,1
31.06,0.00010541,1
31.061,8.7785e-05,1
31.061,0.0001086,1
31.062,0.0001274,1
31.062,0.00010574,1
31.063,5.153e-05,1
31.064,-7.0497e-06,1
31.064,-4.4984e-05,1
31.065,-6.1601e-05,1
31.065,-6.5965e-05,1
31.066,-4.9012e-05,1
31.066,-9.9031e-06,1
31.067,3.8773e-05,1
31.067,8.4428e-05,1
31.068,0.00010021,1
31.068,7.8721e-05,1
31.069,5.0355e-05,1
31.069,3.4745e-05,1
31.07,4.5319e-06,1
31.07,-3.2731e-05,1
31.071,-4.7166e-05,1
31.071,-3.6088e-05,1
31.072,-1.5274e-05,1
31.072,5.0355e-07,1
31.073,-5.0355e-07,1
31.073,-1.5778e-05,1
31.074,-2.8702e-05,1
31.074,-1.9974e-05,1
31.075,8.2246e-06,1
31.075,3.6088e-05,1
31.076,5.6062e-05,1
31.076,7.3518e-05,1
31.077,8.9799e-05,1
31.078,9.4667e-05,1
31.078,8.2078e-05,1
31.079,5.3208e-05,1
31.079,1.6953e-05,1
31.08,-1.8967e-05,1
31.08,-4.9516e-05,1
31.081,-6.9825e-05,1
31.081,-7.5364e-05,1
31.082,-6.7308e-05,1
31.082,-5.4551e-05,1
31.083,-4.4648e-05,1
31.083,-3.4913e-05,1
31.084,-1.9471e-05,1
31.084,-2.8534e-06,1
31.085,1.1917e-05,1
31.085,2.2995e-05,1
31.086,2.5345e-05,1
31.086,1.9471e-05,1
31.087,1.5946e-05,1
31.087,1.8296e-05,1
31.088,2.1653e-05,1
31.088,7.5532e-06,1
31.089,-3.1052e-05,1
31.089,-7.6875e-05,1
31.09,-0.0001279,1
31.09,-0.00018111,1
31.091,-0.00021804,1
31.092,-0.00022089,1
31.092,-0.00019017,1
31.093,-0.0001415,1
31.093,-9.2988e-05,1
31.094,-5.8412e-05,1
31.094,-5.153e-05,1
31.095,-6.0594e-05,1
31.095,-3.0381e-05,1
31.096,7.8721e-05,1
31.096,0.00022408,1
31.097,0.00033217,1
31.097,0.00036104,1
31.098,0.00032412,1
31.098,0.00026973,1
31.099,0.00023314,1
31.099,0.00021971,1
31.1,0.00023079,1
31.1,0.00025093,1
31.101,0.00025077,1
31.101,0.00021669,1
31.102,0.00016097,1
31.102,0.00010239,1
31.103,5.2873e-05,1
31.103,1.1078e-05,1
31.104,-3.7766e-05,1
31.105,-9.6681e-05,1
31.105,-0.00014183,1
31.106,-0.00014469,1
31.106,-0.00011666,1
31.107,-0.00010088,1
31.107,-0.00011649,1
31.108,-0.0001425,1
31.108,-0.00016365,1
31.109,-0.00018933,1
31.109,-0.00021099,1
31.11,-0.00020813,1
31.11,-0.00016869,1
31.111,-0.00011145,1
31.111,-6.4286e-05,1
31.112,-3.5248e-05,1
31.112,-8.7282e-06,1
31.113,3.0716e-05,1
31.113,8.4764e-05,1
31.114,0.00015224,1
31.114,0.00022676,1
31.115,0.0002788,1
31.115,0.00025765,1
31.116,0.00017876,1
31.116,0.0001185,1
31.117,0.00010457,1
31.117,0.00010457,1
31.118,9.0806e-05,1
31.119,7.1672e-05,1
31.119,5.5894e-05,1
31.12,3.827e-05,1
31.12,1.7288e-05,1
31.121,-6.5461e-06,1
31.121,-3.5584e-05,1
31.122,-6.5293e-05,1
31.122,-6.9322e-05,1
31.123,-5.2537e-05,1
31.123,-5.1194e-05,1
31.124,-5.6565e-05,1
31.124,-5.7908e-05,1
31.125,-5.539e-05,1
31.125,-4.2634e-05,1
31.126,-1.6953e-05,1
31.126,1.7288e-05,1
31.127,5.0858e-05,1
31.127,8.0903e-05,1
31.128,0.00011632,1
31.128,0.00016567,1
31.129,0.00021585,1
31.129,0.00022341,1
31.13,0.0001707,1
31.13,9.9535e-05,1
31.131,5.2537e-05,1
31.132,2.8031e-05,1
31.132,9.9031e-06,1
31.133,-2.8534e-06,1
31.133,6.5461e-06,1
31.134,3.0716e-05,1
31.134,3.8102e-05,1
31.135,1.561e-05,1
31.135,-2.182e-05,1
31.136,-5.623e-05,1
31.136,-7.6204e-05,1
31.137,-8.3253e-05,1
31.137,-8.3757e-05,1
31.138,-8.3421e-05,1
31.138,-7.9728e-05,1
31.139,-7.2679e-05,1
31.139,-5.7237e-05,1
31.14,-3.4409e-05,1
31.14,-1.9471e-05,1
31.141,-1.7624e-05,1
31.141,-1.5946e-05,1
31.142,-9.3996e-06,1
31.142,-2.182e-06,1
31.143,6.714e-06,1
31.143,7.3854e-06,1
31.144,-9.0639e-06,1
31.145,-4.1291e-05,1
31.145,-6.9993e-05,1
31.146,-7.0329e-05,1
31.146,-5.304e-05,1
31.147,-4.3809e-05,1
31.147,-6.009e-05,1
31.148,-9.131e-05,1
31.148,-0.00010776,1
31.149,-9.0471e-05,1
31.149,-4.4816e-05,1
31.15,7.8889e-06,1
31.15,5.0019e-05,1
31.151,8.4932e-05,1
31.151,0.00012052,1
31.152,0.00015023,1
31.152,0.00015761,1
31.153,0.00013361,1
31.153,9.6513e-05,1
31.154,5.6565e-05,1
31.154,1.2253e-05,1
31.155,-4.0284e-05,1
31.155,-8.7953e-05,1
31.156,-0.00011464,1
31.156,-0.00011716,1
31.157,-0.00010692,1
31.157,-0.00010155,1
31.158,-9.6849e-05,1
31.159,-8.1407e-05,1
31.159,-4.2969e-05,1
31.16,2.4842e-05,1
31.16,0.00011179,1
31.161,0.00019857,1
31.161,0.00027175,1
31.162,0.00033989,1
31.162,0.00040938,1
31.163,0.00044833,1
31.163,0.00043523,1
31.164,0.0003879,1
31.164,0.00033402,1
31.165,0.00028585,1
31.165,0.00023214,1
31.166,0.00017574,1
31.166,0.00013008,1
31.167,8.0735e-05,1
31.167,2.4842e-05,1
31.168,-2.8367e-05,1
31.168,-7.3182e-05,1
31.169,-0.00011666,1
31.169,-0.00015862,1
31.17,-0.00018984,1
31.17,-0.00020713,1
31.171,-0.00021602,1
31.172,-0.00021015,1
31.172,-0.0001749,1
31.173,-0.00012186,1
31.173,-7.3686e-05,1
31.174,-4.6494e-05,1
31.174,-4.2466e-05,1
31.175,-4.5319e-05,1
31.175,-3.5752e-05,1
31.176,-7.5532e-06,1
31.176,3.592e-05,1
31.177,7.6707e-05,1
31.177,9.0806e-05,1
31.178,8.2918e-05,1
31.178,7.2679e-05,1
31.179,6.7643e-05,1
31.179,5.6565e-05,1
31.18,2.8702e-05,1
31.18,-1.4771e-05,1
31.181,-5.7572e-05,1
31.181,-7.7211e-05,1
31.182,-6.3279e-05,1
31.182,-3.9109e-05,1
31.183,-4.6494e-05,1
31.183,-0.00010893,1
31.184,-0.00023684,1
31.184,-0.00037044,1
31.185,-0.00042281,1
31.186,-0.00037145,1
31.186,-0.00025127,1
31.187,-0.00012337,1
31.187,-3.3738e-05,1
31.188,1.1582e-05,1
31.188,1.1246e-05,1
31.189,-1.2924e-05,1
31.189,-3.1891e-06,1
31.19,9.2821e-05,1
31.19,0.00025832,1
31.191,0.00042684,1
31.191,0.00054702,1
31.192,0.0006051,1
31.192,0.00055642,1
31.193,0.000402,1
31.193,0.00022475,1
31.194,0.00013075,1
31.194,0.00014788,1
31.195,0.00020192,1
31.195,0.00022609,1
31.196,0.00020847,1
31.196,0.00015627,1
31.197,8.0232e-05,1
31.197,-5.8747e-06,1
31.198,-0.00010558,1
31.198,-0.00020041,1
31.199,-0.00023684,1
31.2,-0.0002177,1
31.2,-0.00018917,1
31.201,-0.0001707,1
31.201,-0.0001561,1
31.202,-0.00012773,1
31.202,-8.7785e-05,1
31.203,-5.3208e-05,1
31.203,-2.5177e-05,1
31.204,1.326e-05,1
31.204,5.8915e-05,1
31.205,9.1814e-05,1
31.205,0.00010121,1
31.206,9.1478e-05,1
31.206,6.2776e-05,1
31.207,1.7624e-05,1
31.207,-2.031e-05,1
31.208,-2.8031e-05,1
31.208,-2.5513e-05,1
31.209,-4.5823e-05,1
31.209,-0.00010105,1
31.21,-0.00018396,1
31.21,-0.00027662,1
31.211,-0.00035013,1
31.211,-0.00035198,1
31.212,-0.0002746,1
31.213,-0.00016684,1
31.213,-6.4286e-05,1
31.214,1.9303e-05,1
31.214,7.5532e-05,1
31.215,0.00010574,1
31.215,0.00010188,1
31.216,8.8289e-05,1
31.216,9.6178e-05,1
31.217,0.00012673,1
31.217,0.00016432,1
31.218,0.00018917,1
31.218,0.00018849,1
31.219,0.0001702,1
31.219,0.0001519,1
31.22,0.00013545,1
31.22,0.00011984,1
31.221,0.00011347,1
31.221,0.00012505,1
31.222,0.00015224,1
31.222,0.00018379,1
31.223,0.00019689,1
31.223,0.00018648,1
31.224,0.00016634,1
31.224,0.00014569,1
31.225,0.00011649,1
31.226,7.9561e-05,1
31.226,4.4816e-05,1
31.227,1.561e-05,1
31.227,-1.1246e-05,1
31.228,-4.0452e-05,1
31.228,-7.6371e-05,1
31.229,-0.00010306,1
31.229,-3.9277e-05,1
31.23,8.7114e-05,1
31.23,0.00014553,1
31.231,7.57e-05,1
31.231,-6.7643e-05,1
31.232,-0.00019185,1
31.232,-0.00025513,1
31.233,-0.00026403,1
31.233,-0.00022408,1
31.234,-0.00013478,1
31.234,-2.266e-05,1
31.235,6.3615e-05,1
31.235,8.8457e-05,1
31.236,6.8986e-05,1
31.236,4.0787e-05,1
31.237,3.743e-05,1
31.237,5.2873e-05,1
31.238,5.0858e-05,1
31.238,2.4506e-05,1
31.239,-1.2924e-05,1
31.24,-4.7333e-05,1
31.24,-6.1265e-05,1
31.241,-4.3809e-05,1
31.241,2.5177e-06,1
31.242,5.3376e-05,1
31.242,7.8889e-05,1
31.243,7.5364e-05,1
31.243,6.244e-05,1
31.244,5.7572e-05,1
31.244,6.5965e-05,1
31.245,8.3757e-05,1
31.245,0.00011565,1
31.246,0.00015023,1
31.246,0.00014888,1
31.247,9.0471e-05,1
31.247,4.1962e-06,1
31.248,-7.0665e-05,1
31.248,-0.0001138,1
31.249,-0.00011498,1
31.249,-7.805e-05,1
31.25,-2.6017e-05,1
31.25,2.0645e-05,1
31.251,4.6494e-05,1
31.251,5.0187e-05,1
31.252,4.4816e-05,1
31.253,3.5416e-05,1
31.253,-1.1246e-05,1
31.254,-8.0064e-05,1
31.254,-0.00014015,1
31.255,-0.00019554,1
31.255,-0.00022911,1
31.256,-0.00021585,1
31.256,-0.00016617,1
31.257,-0.00010944,1
31.257,-6.0929e-05,1
31.258,-1.4939e-05,1
31.258,4.2634e-05,1
31.259,0.00010726,1
31.259,0.0001566,1
31.26,0.00016617,1
31.26,0.00013948,1
31.261,0.00012757,1
31.261,0.00014871,1
31.262,0.000166,1
31.262,0.00014284,1
31.263,8.9464e-05,1
31.263,4.6998e-05,1
31.264,2.3331e-05,1
31.264,6.3783e-06,1
31.265,8.896e-06,1
31.265,5.0523e-05,1
31.266,0.00013109,1
31.267,0.00022811,1
31.267,0.00030263,1
31.268,0.00031875,1
31.268,0.00028115,1
31.269,0.00024993,1
31.269,0.00028048,1
31.27,0.0003127,1
31.27,0.00025966,1
31.271,0.00013344,1
31.271,-1.0071e-06,1
31.272,-9.6513e-05,1
31.272,-0.00014687,1
31.273,-0.00016214,1
31.273,-0.00015358,1
31.274,-0.0001321,1
31.274,-0.00010843,1
31.275,-9.5506e-05,1
31.275,-9.987e-05,1
31.276,-0.00011296,1
31.276,-0.00012219,1
31.277,-0.00012236,1
31.277,-0.00010809,1
31.278,-4.3137e-05,1
31.278,9.5171e-05,1
31.279,0.00021669,1
31.279,0.00023549,1
31.28,0.00016349,1
31.281,8.8457e-05,1
31.281,6.3951e-05,1
31.282,6.009e-05,1
31.282,3.5248e-05,1
31.283,-1.796e-05,1
31.283,-7.4693e-05,1
31.284,-0.0001227,1
31.284,-0.00016298,1
31.285,-0.00016701,1
31.285,-0.00014015,1
31.286,-0.00012908,1
31.286,-0.0001415,1
31.287,-0.0001415,1
31.287,-0.0001237,1
31.288,-0.00011179,1
31.288,-0.00010272,1
31.289,-0.00010692,1
31.289,-0.00015023,1
31.29,-0.0002083,1
31.29,-0.00024086,1
31.291,-0.00022391,1
31.291,-0.00016046,1
31.292,-7.6875e-05,1
31.292,4.0284e-06,1
31.293,7.3686e-05,1
31.294,0.0001237,1
31.294,0.00014754,1
31.295,0.00015828,1
31.295,0.00017154,1
31.296,0.00018111,1
31.296,0.00017876,1
31.297,0.00017322,1
31.297,0.00015862,1
31.298,0.0001227,1
31.298,7.8721e-05,1
31.299,4.3473e-05,1
31.299,1.561e-05,1
31.3,-8.2246e-06,1
31.3,-2.7024e-05,1
31.301,-2.4506e-05,1
31.301,1.6785e-06,1
31.302,1.8631e-05,1
31.302,1.326e-05,1
31.303,7.5532e-06,1
31.303,2.4002e-05,1
31.304,6.5965e-05,1
31.304,0.0001227,1
31.305,0.00018766,1
31.305,0.0002548,1
31.306,0.0003033,1
31.306,0.00031019,1
31.307,0.00026268,1
31.308,0.00016835,1
31.308,5.8579e-05,1
31.309,-5.0523e-05,1
31.309,-0.00015258,1
31.31,-0.0002083,1
31.31,-0.00020713,1
31.311,-0.00017238,1
31.311,-0.00011951,1
31.312,-5.2537e-05,1
31.312,2.266e-05,1
31.313,8.9128e-05,1
31.313,0.00013227,1
31.314,0.00015828,1
31.314,0.00017708,1
31.315,0.00018967,1
31.315,0.00019387,1
31.316,0.00018195,1
31.316,0.00014687,1
31.317,9.6849e-05,1
31.317,4.918e-05,1
31.318,1.8128e-05,1
31.318,1.0071e-06,1
31.319,-6.5461e-06,1
31.319,1.3092e-05,1
31.32,5.623e-05,1
31.321,7.7546e-05,1
31.321,4.683e-05,1
31.322,-2.6856e-05,1
31.322,-0.00010323,1
31.323,-0.0001368,1
31.323,-0.0001232,1
31.324,-9.2988e-05,1
31.324,-5.2705e-05,1
31.325,8.3925e-06,1
31.325,5.7572e-05,1
31.326,5.8412e-05,1
31.326,2.031e-05,1
31.327,-3.8605e-05,1
31.327,-8.9967e-05,1
31.328,-0.00010709,1
31.328,-0.00010407,1
31.329,-6.1601e-05,1
31.329,3.3402e-05,1
31.33,9.7185e-05,1
31.33,7.0665e-05,1
31.331,-1.6617e-05,1
31.331,-9.8192e-05,1
31.332,-0.00013982,1
31.332,-0.00014217,1
31.333,-0.00011498,1
31.334,-7.4022e-05,1
31.334,-2.7359e-05,1
31.335,1.1246e-05,1
31.335,2.7695e-05,1
31.336,3.6423e-05,1
31.336,3.1388e-05,1
31.337,2.8534e-06,1
31.337,-2.2324e-05,1
31.338,-1.6785e-05,1
31.338,8.5603e-06,1
31.339,2.3835e-05,1
31.339,1.6953e-05,1
31.34,0,1
31.34,-1.0742e-05,1
31.341,-7.0497e-06,1
31.341,1.1917e-05,1
31.342,4.7166e-05,1
31.342,9.1142e-05,1
31.343,0.00013478,1
31.343,0.00015996,1
31.344,0.0001519,1
31.344,0.00012706,1
31.345,0.00010658,1
31.345,9.3156e-05,1
31.346,8.5603e-05,1
31.346,8.3589e-05,1
31.347,8.191e-05,1
31.348,7.5029e-05,1
31.348,5.9586e-05,1
31.349,3.3234e-05,1
31.349,5.2033e-06,1
31.35,-9.7353e-06,1
31.35,-2.3667e-05,1
31.351,-5.6901e-05,1
31.351,-9.8527e-05,1
31.352,-0.00012454,1
31.352,-0.00013193,1
31.353,-0.00012421,1
31.353,-8.275e-05,1
31.354,-4.3641e-06,1
31.354,7.4022e-05,1
31.355,0.00013008,1
31.355,0.0001514,1
31.356,0.00013512,1
31.356,0.00010155,1
31.357,5.7237e-05,1
31.357,6.5461e-06,1
31.358,-2.182e-05,1
31.358,-1.9638e-05,1
31.359,9.3996e-06,1
31.359,4.8508e-05,1
31.36,6.7643e-05,1
31.36,6.8315e-05,1
31.361,7.6707e-05,1
31.362,0.00010524,1
31.362,0.00015291,1
31.363,0.00020108,1
31.363,0.00023381,1
31.364,0.00023079,1
31.364,0.0001848,1
31.365,0.00012723,1
31.365,7.805e-05,1
31.366,2.9374e-05,1
31.366,-1.6449e-05,1
31.367,-4.1794e-05,1
31.367,-3.7095e-05,1
31.368,-2.1653e-05,1
31.368,-2.9709e-05,1
31.369,-5.8747e-05,1
31.369,-7.1672e-05,1
31.37,-6.7979e-05,1
31.37,-7.1839e-05,1
31.371,-8.896e-05,1
31.371,-0.00010524,1
31.372,-0.00010272,1
31.372,-8.4932e-05,1
31.373,-7.335e-05,1
31.373,-7.6707e-05,1
31.374,-5.3544e-05,1
31.375,3.9948e-05,1
31.375,0.00013327,1
31.376,0.00014083,1
31.376,7.8386e-05,1
31.377,2.6688e-05,1
31.377,2.3667e-05,1
31.378,4.9516e-05,1
31.378,6.7308e-05,1
31.379,3.3738e-05,1
31.379,-5.2537e-05,1
31.38,-0.00012656,1
31.38,-0.00014989,1
31.381,-0.00014032,1
31.381,-0.0001415,1
31.382,-0.00018212,1
31.382,-0.00025194,1
31.383,-0.0002892,1
31.383,-0.00025228,1
31.384,-0.00015929,1
31.384,-4.9851e-05,1
31.385,5.0019e-05,1
31.385,0.00012538,1
31.386,0.0001702,1
31.386,0.00019554,1
31.387,0.00024154,1
31.387,0.00031388,1
31.388,0.00037581,1
31.389,0.00040603,1
31.389,0.00038354,1
31.39,0.00032193,1
31.39,0.00026033,1
31.391,0.00019051,1
31.391,9.2988e-05,1
31.392,-1.8967e-05,1
31.392,-0.00011112,1
31.393,-0.00016382,1
31.393,-0.00018698,1
31.394,-0.0001937,1
31.394,-0.00017003,1
31.395,-0.00011128,1
31.395,-4.8508e-05,1
31.396,-5.0355e-06,1
31.396,2.4338e-05,1
31.397,4.6159e-05,1
31.397,5.5726e-05,1
31.398,4.5487e-05,1
31.398,-1.0071e-06,1
31.399,-7.4357e-05,1
31.399,-0.00013109,1
31.4,-0.00015392,1
31.4,-0.0001519,1
31.401,-0.00015358,1
31.402,-0.00016466,1
31.402,-0.0001613,1
31.403,-0.0001279,1
31.403,-7.7546e-05,1
31.404,-4.6494e-05,1
31.404,-3.7766e-05,1
31.405,-2.8534e-06,1
31.405,7.6371e-05,1
31.406,0.00017809,1
31.406,0.00026889,1
31.407,0.00032747,1
31.407,0.00034073,1
31.408,0.00032026,1
31.408,0.00028383,1
31.409,0.00023012,1
31.409,0.00017339,1
31.41,0.00014015,1
31.41,0.00013277,1
31.411,0.00011598,1
31.411,7.4357e-05,1
31.412,2.9877e-05,1
31.412,-3.8605e-06,1
31.413,-3.5248e-05,1
31.413,-6.3615e-05,1
31.414,-3.1388e-05,1
31.415,0.00010088,1
31.415,0.00020243,1
31.416,0.00012052,1
31.416,-9.8024e-05,1
31.417,-0.00028316,1
31.417,-0.00032966,1
31.418,-0.00027041,1
31.418,-0.00019353,1
31.419,-0.00013512,1
31.419,-7.8218e-05,1
31.42,-1.1582e-05,1
31.42,4.8173e-05,1
31.421,9.2485e-05,1
31.421,0.00011598,1
31.422,0.00012119,1
31.422,0.00011565,1
31.423,9.5842e-05,1
31.423,5.1194e-05,1
31.424,-1.2253e-05,1
31.424,-4.448e-05,1
31.425,-8.896e-06,1
31.425,4.918e-05,1
31.426,7.8721e-05,1
31.426,7.0665e-05,1
31.427,3.9109e-05,1
31.427,1.091e-05,1
31.428,-5.539e-06,1
31.429,-6.8818e-06,1
31.429,6.0426e-06,1
31.43,3.2059e-05,1
31.43,6.3783e-05,1
31.431,8.5771e-05,1
31.431,6.8315e-05,1
31.432,5.2033e-06,1
31.432,-5.2705e-05,1
31.433,-6.6972e-05,1
31.433,-5.069e-05,1
31.434,-3.4073e-05,1
31.434,-2.1988e-05,1
31.435,-6.5461e-06,1
31.435,9.7353e-06,1
31.436,2.4674e-05,1
31.436,3.743e-05,1
31.437,4.1962e-05,1
31.437,3.743e-05,1
31.438,3.3066e-05,1
31.438,2.1317e-05,1
31.439,-2.031e-05,1
31.439,-6.3279e-05,1
31.44,-6.8315e-05,1
31.44,-4.0452e-05,1
31.441,-4.0284e-06,1
31.442,2.6184e-05,1
31.442,5.7572e-05,1
31.443,7.9393e-05,1
31.443,8.04e-05,1
31.444,6.9993e-05,1
31.444,5.3544e-05,1
31.445,3.2059e-05,1
31.445,1.0071e-05,1
31.446,-5.0355e-06,1
31.446,-7.2175e-06,1
31.447,1.1749e-06,1
31.447,1.6953e-05,1
31.448,3.4577e-05,1
31.448,4.1291e-05,1
31.449,2.3163e-05,1
31.449,-1.1749e-05,1
31.45,-2.6184e-05,1
31.45,2.0645e-05,1
31.451,8.2246e-05,1
31.451,8.1575e-05,1
31.452,3.8605e-06,1
31.452,-9.9702e-05,1
31.453,-0.0001613,1
31.453,-0.00016936,1
31.454,-0.00015207,1
31.454,-0.0001279,1
31.455,-9.6345e-05,1
31.456,-6.5126e-05,1
31.456,-5.069e-05,1
31.457,-3.978e-05,1
31.457,5.0355e-07,1
31.458,4.3641e-05,1
31.458,4.4816e-05,1
31.459,2.8534e-05,1
31.459,4.3809e-05,1
31.46,0.00010373,1
31.46,0.00016533,1
31.461,0.00017272,1
31.461,0.00014687,1
31.462,0.00014888,1
31.462,0.00018346,1
31.463,0.00021518,1
31.463,0.00022609,1
31.464,0.00023415,1
31.464,0.00025077,1
31.465,0.00024355,1
31.465,0.00020108,1
31.466,0.00015593,1
31.466,0.00012958,1
31.467,0.00011598,1
31.467,9.8695e-05,1
31.468,7.0832e-05,1
31.468,3.0381e-05,1
31.469,-1.5778e-05,1
31.47,-4.3305e-05,1
31.47,-2.2492e-05,1
31.471,8.3925e-05,1
31.471,0.00019319,1
31.472,0.00019017,1
31.472,6.8315e-05,1
31.473,-8.7785e-05,1
31.473,-0.00019252,1
31.474,-0.00023784,1
31.474,-0.00026017,1
31.475,-0.0002741,1
31.475,-0.00028098,1
31.476,-0.00028484,1
31.476,-0.00029793,1
31.477,-0.00029189,1
31.477,-0.00025463,1
31.478,-0.00022492,1
31.478,-0.00020964,1
31.479,-0.00016533,1
31.479,-8.4932e-05,1
31.48,1.2253e-05,1
31.48,0.00011716,1
31.481,0.00021703,1
31.481,0.00030062,1
31.482,0.0003503,1
31.483,0.00034308,1
31.483,0.00028837,1
31.484,0.00021787,1
31.484,0.00013646,1
31.485,5.3544e-05,1
31.485,-2.4506e-05,1
31.486,-9.4499e-05,1
31.486,-0.00013059,1
31.487,-0.00010709,1
31.487,-2.7695e-05,1
31.488,5.6733e-05,1
31.488,0.00010054,1
31.489,0.00011984,1
31.489,0.00015207,1
31.49,0.00019722,1
31.49,0.00022945,1
31.491,0.00023415,1
31.491,0.00020662,1
31.492,0.0001566,1
31.492,0.00011666,1
31.493,0.00010541,1
31.493,0.00010323,1
31.494,8.9464e-05,1
31.494,5.8915e-05,1
31.495,1.7288e-05,1
31.495,-3.1556e-05,1
31.496,-7.4189e-05,1
31.497,-9.9199e-05,1
31.497,-0.00010709,1
31.498,-0.0001039,1
31.498,-9.7856e-05,1
31.499,-9.4163e-05,1
31.499,-9.0974e-05,1
31.5,-8.661e-05,1
31.5,-7.8386e-05,1
31.501,-7.1e-05,1
31.501,-6.5965e-05,1
31.502,-6.1097e-05,1
31.502,-5.8076e-05,1
31.503,-5.9251e-05,1
31.503,-5.9586e-05,1
31.504,-5.6901e-05,1
31.504,-5.0858e-05,1
31.505,-3.9109e-05,1
31.505,-2.4338e-05,1
31.506,-3.8102e-05,1
31.506,-0.00014586,1
31.507,-0.00033251,1
31.507,-0.00045017,1
31.508,-0.00041425,1
31.508,-0.0002741,1
31.509,-0.00011833,1
31.51,5.8747e-06,1
31.51,0.00011867,1
31.511,0.00027846,1
31.511,0.00042013,1
31.512,0.00044161,1
31.512,0.00040368,1
31.513,0.00039109,1
31.513,0.00037649,1
31.514,0.00028148,1
31.514,9.4331e-05,1
31.515,-6.244e-05,1
31.515,-0.00010558,1
31.516,-9.1142e-05,1
31.516,-6.9657e-05,1
31.517,-5.9251e-05,1
31.517,-6.0929e-05,1
31.518,-4.4144e-05,1
31.518,-2.3499e-06,1
31.519,2.9877e-05,1
31.519,5.0187e-05,1
31.52,0.00010793,1
31.52,0.00018581,1
31.521,0.00023079,1
31.521,0.00024808,1
31.522,0.00024691,1
31.523,0.00022593,1
31.523,0.00021367,1
31.524,0.00022643,1
31.524,0.00024019,1
31.525,0.00022676,1
31.525,0.00018749,1
31.526,0.00014066,1
31.526,0.0001086,1
31.527,9.3492e-05,1
31.527,7.6707e-05,1
31.528,3.743e-05,1
31.528,-4.8005e-05,1
31.529,-0.00015023,1
31.529,-0.00021501,1
31.53,-0.00022794,1
31.53,-0.00020931,1
31.531,-0.00017121,1
31.531,-0.0001279,1
31.532,-0.00011128,1
31.532,-0.00013008,1
31.533,-0.00015023,1
31.533,-0.00015006,1
31.534,-0.0001472,1
31.534,-0.00016667,1
31.535,-0.00019588,1
31.535,-0.00020125,1
31.536,-0.00017288,1
31.537,-0.00012538,1
31.537,-7.5532e-05,1
31.538,-3.6927e-05,1
31.538,-1.8296e-05,1
31.539,-1.8128e-05,1
31.539,-2.1988e-05,1
31.54,-1.9806e-05,1
31.54,-1.2253e-05,1
31.541,2.5177e-06,1
31.541,2.1988e-05,1
31.542,3.6088e-05,1
31.542,3.1052e-05,1
31.543,1.2253e-05,1
31.543,-1.8463e-06,1
31.544,3.357e-07,1
31.544,2.031e-05,1
31.545,4.8844e-05,1
31.545,6.7643e-05,1
31.546,6.9657e-05,1
31.546,6.1601e-05,1
31.547,5.9586e-05,1
31.547,6.9657e-05,1
31.548,8.3757e-05,1
31.548,9.2821e-05,1
31.549,9.2485e-05,1
31.549,7.8386e-05,1
31.55,5.4887e-05,1
31.551,3.0381e-05,1
31.551,6.5461e-06,1
31.552,-1.4267e-05,1
31.552,-1.8631e-05,1
31.553,5.539e-06,1
31.553,4.683e-05,1
31.554,8.8792e-05,1
31.554,0.00011901,1
31.555,0.00012236,1
31.555,0.00010021,1
31.556,6.8986e-05,1
31.556,2.8031e-05,1
31.557,-1.3596e-05,1
31.557,-2.9877e-05,1
31.558,-1.4939e-05,1
31.558,2.2995e-05,1
31.559,5.774e-05,1
31.559,6.1097e-05,1
31.56,3.4745e-05,1
31.56,3.1556e-05,1
31.561,8.3757e-05,1
31.561,0.00012589,1
31.562,0.00010188,1
31.562,3.7598e-05,1
31.563,2.182e-06,1
31.564,2.1317e-05,1
31.564,5.6062e-05,1
31.565,4.6326e-05,1
31.565,1.796e-05,1
31.566,2.9374e-05,1
31.566,6.865e-05,1
31.567,0.00011229,1
31.567,0.00013764,1
31.568,0.00012639,1
31.568,9.3156e-05,1
31.569,5.4047e-05,1
31.569,1.4603e-05,1
31.57,-1.4603e-05,1
31.57,9.3996e-06,1
31.571,9.1142e-05,1
31.571,0.00017406,1
31.572,0.00018363,1
31.572,9.836e-05,1
31.573,-2.3667e-05,1
31.573,-0.00011229,1
31.574,-0.00015106,1
31.574,-0.00014133,1
31.575,-8.4428e-05,1
31.575,5.0355e-06,1
31.576,8.51e-05,1
31.576,0.00012337,1
31.577,0.00012975,1
31.578,0.00012287,1
31.578,9.366e-05,1
31.579,4.2802e-05,1
31.579,-4.6998e-06,1
31.58,-4.0452e-05,1
31.58,-7.7546e-05,1
31.581,-0.00010776,1
31.581,-0.00012169,1
31.582,-0.00013092,1
31.582,-0.00014284,1
31.583,-0.00014989,1
31.583,-0.00014553,1
31.584,-0.00012337,1
31.584,-9.0135e-05,1
31.585,-5.9586e-05,1
31.585,-2.1653e-05,1
31.586,3.6591e-05,1
31.586,0.00011582,1
31.587,0.00018984,1
31.587,0.00022844,1
31.588,0.00023415,1
31.588,0.00022811,1
31.589,0.00020394,1
31.589,0.00014603,1
31.59,7.3014e-05,1
31.591,1.8967e-05,1
31.591,3.5248e-06,1
31.592,1.4267e-05,1
31.592,3.0716e-05,1
31.593,4.7501e-05,1
31.593,6.1936e-05,1
31.594,7.3014e-05,1
31.594,0.00010256,1
31.595,0.00013495,1
31.595,0.00012102,1
31.596,5.3544e-05,1
31.596,-3.592e-05,1
31.597,-0.00010927,1
31.597,-0.00015929,1
31.598,-0.00018329,1
31.598,-0.00018178,1
31.599,-0.00017708,1
31.599,-0.00015929,1
31.6,-9.0135e-05,1
31.6,-1.6785e-05,1
31.601,-4.6998e-06,1
31.601,-5.5726e-05,1
31.602,-0.00011682,1
31.602,-0.00015341,1
31.603,-0.00016349,1
31.604,-0.00015862,1
31.604,-0.00013713,1
31.605,-9.4667e-05,1
31.605,-3.2731e-05,1
31.606,4.7837e-05,1
31.606,0.00012975,1
31.607,0.00017641,1
31.607,0.00017406,1
31.608,0.00013814,1
31.608,0.00011246,1
31.609,0.00010893,1
31.609,0.00010491,1
31.61,9.0974e-05,1
31.61,6.63e-05,1
31.611,3.7095e-05,1
31.611,1.2757e-05,1
31.612,5.0355e-06,1
31.612,1.1078e-05,1
31.613,1.7288e-05,1
31.613,1.4435e-05,1
31.614,2.5177e-06,1
31.614,-9.9031e-06,1
31.615,-9.5674e-06,1
31.615,7.8889e-06,1
31.616,2.9206e-05,1
31.616,4.3305e-05,1
31.617,6.0258e-05,1
31.618,0.00010222,1
31.618,0.00015358,1
31.619,0.00016768,1
31.619,0.0001133,1
31.62,2.4674e-05,1
31.62,-3.9948e-05,1
31.621,-5.9586e-05,1
31.621,-4.1794e-05,1
31.622,-2.8534e-06,1
31.622,3.8773e-05,1
31.623,7.1839e-05,1
31.623,8.4764e-05,1
31.624,7.3014e-05,1
31.624,5.2873e-05,1
31.625,4.8844e-05,1
31.625,6.7979e-05,1
31.626,0.00010726,1
31.626,0.00015627,1
31.627,0.00018379,1
31.627,0.0001744,1
31.628,0.00012874,1
31.628,5.5558e-05,1
31.629,-1.1749e-06,1
31.629,-1.9806e-05,1
31.63,-4.0116e-05,1
31.631,-9.2317e-05,1
31.631,-0.0001603,1
31.632,-0.00021518,1
31.632,-0.00022979,1
31.633,-0.00021485,1
31.633,-0.00020897,1
31.634,-0.00020612,1
31.634,-0.00015795,1
31.635,-5.9922e-05,1
31.635,2.182e-05,1
31.636,3.3402e-05,1
31.636,4.5991e-05,1
31.637,0.00012236,1
31.637,0.00021267,1
31.638,0.0002558,1
31.638,0.00025765,1
31.639,0.00021971,1
31.639,0.00012203,1
31.64,2.0142e-06,1
31.64,-8.3085e-05,1
31.641,-0.00010726,1
31.641,-8.4092e-05,1
31.642,-4.7501e-05,1
31.642,-1.9638e-05,1
31.643,-1.7624e-05,1
31.643,-3.1891e-06,1
31.644,0.00010289,1
31.645,0.00024187,1
31.645,0.0002939,1
31.646,0.00022542,1
31.646,0.00013948,1
31.647,0.00011128,1
31.647,0.00011699,1
31.648,9.7185e-05,1
31.648,2.2995e-05,1
31.649,-8.191e-05,1
31.649,-0.00016533,1
31.65,-0.00018413,1
31.65,-0.00014318,1
31.651,-6.8482e-05,1
31.651,3.2059e-05,1
31.652,0.00014955,1
31.652,0.00023046,1
31.653,0.00022408,1
31.653,0.00015811,1
31.654,8.3085e-05,1
31.654,2.9877e-05,1
31.655,1.3596e-05,1
31.655,2.4002e-05,1
31.656,2.9541e-05,1
31.656,7.2175e-06,1
31.657,-2.652e-05,1
31.657,-4.7333e-05,1
31.658,-4.3137e-05,1
31.659,-1.2589e-05,1
31.659,1.796e-05,1
31.66,2.7695e-05,1
31.66,1.9135e-05,1
31.661,1.1749e-06,1
31.661,-1.1917e-05,1
31.662,-1.3596e-05,1
31.662,-7.5532e-06,1
31.663,2.0142e-06,1
31.663,3.6927e-06,1
31.664,-7.5532e-06,1
31.664,-2.1988e-05,1
31.665,-3.9612e-05,1
31.665,-6.1433e-05,1
31.666,-7.2343e-05,1
31.666,-6.5797e-05,1
31.667,-5.4047e-05,1
31.667,-4.8508e-05,1
31.668,-4.5823e-05,1
31.668,-3.9109e-05,1
31.669,-2.8031e-05,1
31.669,-2.266e-05,1
31.67,-2.9709e-05,1
31.67,-4.4144e-05,1
31.671,-6.0594e-05,1
31.672,-7.8218e-05,1
31.672,-9.1142e-05,1
31.673,-8.6107e-05,1
31.673,-6.63e-05,1
31.674,-4.9348e-05,1
31.674,-3.3738e-05,1
31.675,-5.8747e-06,1
31.675,2.1988e-05,1
31.676,3.0213e-05,1
31.676,1.5946e-05,1
31.677,-9.0639e-06,1
31.677,-3.6423e-05,1
31.678,-5.623e-05,1
31.678,-4.2969e-05,1
31.679,2.5177e-06,1
31.679,4.6159e-05,1
31.68,5.6565e-05,1
31.68,3.4241e-05,1
31.681,6.8818e-06,1
31.681,-1.7624e-05,1
31.682,-2.5681e-05,1
31.682,1.6449e-05,1
31.683,8.6442e-05,1
31.683,0.00013579,1
31.684,0.00015023,1
31.684,0.000142,1
31.685,0.0001227,1
31.686,0.00010927,1
31.686,0.00012706,1
31.687,0.00017221,1
31.687,0.00021451,1
31.688,0.00022441,1
31.688,0.00019319,1
31.689,0.00013596,1
31.689,6.949e-05,1
31.69,7.3854e-06,1
31.69,-3.2395e-05,1
31.691,-4.1794e-05,1
31.691,-3.0549e-05,1
31.692,-9.5674e-06,1
31.692,2.6688e-05,1
31.693,9.6178e-05,1
31.693,0.00017356,1
31.694,0.00022005,1
31.694,0.00022307,1
31.695,0.00019403,1
31.695,0.00016164,1
31.696,0.00013797,1
31.696,0.00010088,1
31.697,4.5991e-05,1
31.697,9.9031e-06,1
31.698,4.6998e-06,1
31.699,-7.4357e-05,1
31.699,-0.00023986,1
31.7,-0.00036457,1
31.7,-0.00034913,1
31.701,-0.00021804,1
31.701,-7.6204e-05,1
31.702,1.2253e-05,1
31.702,5.3544e-05,1
31.703,6.9322e-05,1
31.703,7.4189e-05,1
31.704,0.00010323,1
31.704,0.00016097,1
31.705,0.00022206,1
31.705,0.00025983,1
31.706,0.00025631,1
31.706,0.00021669,1
31.707,0.00015593,1
31.707,7.6707e-05,1
31.708,-2.5177e-06,1
31.708,-5.5726e-05,1
31.709,-7.8721e-05,1
31.709,-8.0735e-05,1
31.71,-6.9993e-05,1
31.71,-6.3111e-05,1
31.711,-6.6636e-05,1
31.712,-7.4022e-05,1
31.712,-8.9128e-05,1
31.713,-9.1646e-05,1
31.713,-3.2731e-05,1
31.714,4.0452e-05,1
31.714,4.0787e-05,1
31.715,-3.8773e-05,1
31.715,-0.00012941,1
31.716,-0.00017675,1
31.716,-0.00018564,1
31.717,-0.00017356,1
31.717,-0.00015895,1
31.718,-0.00017826,1
31.718,-0.00022895,1
31.719,-0.00026957,1
31.719,-0.00026638,1
31.72,-0.00022895,1
31.72,-0.00017658,1
31.721,-9.8527e-05,1
31.721,6.0426e-06,1
31.722,0.000118,1
31.722,0.00020259,1
31.723,0.00024657,1
31.723,0.00027091,1
31.724,0.00027611,1
31.724,0.00025496,1
31.725,0.00021703,1
31.726,0.00017205,1
31.726,0.00014569,1
31.727,0.00017574,1
31.727,0.00022744,1
31.728,0.00023281,1
31.728,0.00017104,1
31.729,6.6636e-05,1
31.729,-3.8605e-06,1
31.73,-1.8967e-05,1
31.73,-1.8631e-05,1
31.731,-1.2589e-05,1
31.731,9.2317e-06,1
31.732,2.4002e-05,1
31.732,1.2589e-05,1
31.733,-1.326e-05,1
31.733,-3.9109e-05,1
31.734,-5.5222e-05,1
31.734,-5.1194e-05,1
31.735,-3.6423e-05,1
31.735,-3.1891e-05,1
31.736,-4.9851e-05,1
31.736,-7.3854e-05,1
31.737,-8.0735e-05,1
31.737,-5.623e-05,1
31.738,-1.5106e-06,1
31.738,6.5461e-05,1
31.739,0.00011565,1
31.74,0.00013478,1
31.74,0.00012975,1
31.741,0.00010893,1
31.741,7.7714e-05,1
31.742,3.3906e-05,1
31.742,-3.0716e-05,1
31.743,-8.6778e-05,1
31.743,-0.00011028,1
31.744,-0.00010222,1
31.744,-6.9993e-05,1
31.745,-1.8967e-05,1
31.745,3.508e-05,1
31.746,6.7475e-05,1
31.746,6.9154e-05,1
31.747,5.3376e-05,1
31.747,4.4144e-05,1
31.748,5.0523e-05,1
31.748,6.4958e-05,1
31.749,7.6707e-05,1
31.749,7.8889e-05,1
31.75,7.7043e-05,1
31.75,7.9057e-05,1
31.751,7.5029e-05,1
31.751,5.4551e-05,1
31.752,2.8534e-05,1
31.753,1.1246e-05,1
31.753,7.2175e-06,1
31.754,1.1917e-05,1
31.754,1.5442e-05,1
31.755,1.8967e-05,1
31.755,2.4002e-05,1
31.756,2.8534e-05,1
31.756,3.3234e-05,1
31.757,5.069e-05,1
31.757,8.1743e-05,1
31.758,0.00010759,1
31.758,0.0001086,1
31.759,8.2078e-05,1
31.759,3.978e-05,1
31.76,-4.5319e-06,1
31.76,-2.6856e-05,1
31.761,1.2253e-05,1
31.761,6.8986e-05,1
31.762,5.0858e-05,1
31.762,-4.1794e-05,1
31.763,-0.00014116,1
31.763,-0.00019974,1
31.764,-0.00021904,1
31.764,-0.00023482,1
31.765,-0.00027561,1
31.765,-0.0003023,1
31.766,-0.00027443,1
31.767,-0.00019705,1
31.767,-9.6849e-05,1
31.768,-3.0381e-05,1
31.768,-3.6591e-05,1
31.769,-9.8527e-05,1
31.769,-0.00012706,1
31.77,-7.9728e-05,1
31.77,2.2492e-05,1
31.771,0.00017037,1
31.771,0.00032412,1
31.772,0.00041878,1
31.772,0.00043691,1
31.773,0.00041207,1
31.773,0.0003879,1
31.774,0.00038219,1
31.774,0.0003691,1
31.775,0.00032747,1
31.775,0.00028048,1
31.776,0.00023885,1
31.776,0.0001895,1
31.777,0.00012689,1
31.777,6.479e-05,1
31.778,2.031e-05,1
31.778,5.0355e-07,1
31.779,-6.2104e-06,1
31.78,-8.2246e-06,1
31.78,-1.1749e-05,1
31.781,-2.7024e-05,1
31.781,-4.8005e-05,1
31.782,-6.2776e-05,1
31.782,-7.5364e-05,1
31.783,-8.7449e-05,1
31.783,-8.8792e-05,1
31.784,-8.2078e-05,1
31.784,-7.9393e-05,1
31.785,-7.9393e-05,1
31.785,-7.57e-05,1
31.786,-6.7643e-05,1
31.786,-6.1936e-05,1
31.787,-6.0761e-05,1
31.787,-5.9251e-05,1
31.788,-5.5222e-05,1
31.788,-5.5222e-05,1
31.789,-6.7811e-05,1
31.789,-8.6107e-05,1
31.79,-9.4163e-05,1
31.79,-8.5771e-05,1
31.791,-6.8147e-05,1
31.791,-4.8844e-05,1
31.792,-2.182e-05,1
31.793,1.7624e-05,1
31.793,5.3544e-05,1
31.794,6.7643e-05,1
31.794,5.9251e-05,1
31.795,3.1556e-05,1
31.795,-1.2253e-05,1
31.796,-4.9348e-05,1
31.796,-5.623e-05,1
31.797,-3.5416e-05,1
31.797,-2.0142e-06,1
31.798,3.0045e-05,1
31.798,5.2201e-05,1
31.799,6.6972e-05,1
31.799,6.4286e-05,1
31.8,3.4073e-05,1
31.8,-2.0981e-05,1
31.801,-7.9728e-05,1
31.801,-0.00012152,1
31.802,-0.00013713,1
31.802,-0.00011968,1
31.803,-7.4861e-05,1
31.803,-1.6617e-05,1
31.804,4.2802e-05,1
31.804,8.8792e-05,1
31.805,0.00010994,1
31.805,0.00010726,1
31.806,9.987e-05,1
31.807,0.0001044,1
31.807,0.000118,1
31.808,0.00012387,1
31.808,0.00011901,1
31.809,0.00010977,1
31.809,9.3156e-05,1
31.81,6.5965e-05,1
31.81,3.6759e-05,1
31.811,1.8296e-05,1
31.811,9.2317e-06,1
31.812,-1.3596e-05,1
31.812,-3.978e-05,1
31.813,-4.3137e-05,1
31.813,-3.4409e-05,1
31.814,-2.6017e-05,1
31.814,-1.0239e-05,1
31.815,9.9031e-06,1
31.815,1.5274e-05,1
31.816,7.5532e-06,1
31.816,-1.5106e-06,1
31.817,-2.4674e-05,1
31.817,-4.4648e-05,1
31.818,-3.2731e-05,1
31.818,-8.5603e-06,1
31.819,2.9038e-05,1
31.82,8.0232e-05,1
31.82,0.00012874,1
31.821,0.00015929,1
31.821,0.00020377,1
31.822,0.00028685,1
31.822,0.00034191,1
31.823,0.00031405,1
31.823,0.00022878,1
31.824,0.00014788,1
31.824,0.00010961,1
31.825,8.7282e-05,1
31.825,4.1627e-05,1
31.826,-2.0645e-05,1
31.826,-7.0497e-05,1
31.827,-9.1646e-05,1
31.827,-8.0064e-05,1
31.828,-6.8315e-05,1
31.828,-8.6275e-05,1
31.829,-0.00010893,1
31.829,-0.0001044,1
31.83,-8.51e-05,1
31.83,-8.7953e-05,1
31.831,-0.00012001,1
31.831,-0.0001462,1
31.832,-0.00014452,1
31.832,-0.00012555,1
31.833,-0.00010625,1
31.834,-9.5506e-05,1
31.834,-9.1814e-05,1
31.835,-9.2149e-05,1
31.835,-9.3492e-05,1
31.836,-8.7114e-05,1
31.836,-6.5629e-05,1
31.837,-2.9206e-05,1
31.837,-3.357e-07,1
31.838,6.3783e-06,1
31.838,3.8605e-06,1
31.839,6.714e-06,1
31.839,2.0142e-05,1
31.84,4.3641e-05,1
31.84,7.4022e-05,1
31.841,0.00010021,1
31.841,9.8527e-05,1
31.842,4.3809e-05,1
31.842,-7.6036e-05,1
31.843,-0.0001942,1
31.843,-0.00022828,1
31.844,-0.00017943,1
31.844,-9.752e-05,1
31.845,-2.3163e-05,1
31.845,4.2802e-05,1
31.846,0.00011196,1
31.846,0.00018379,1
31.847,0.00025597,1
31.848,0.0003174,1
31.848,0.00035366,1
31.849,0.00036944,1
31.849,0.00037581,1
31.85,0.00034359,1
31.85,0.00026705,1
31.851,0.00019084,1
31.851,0.00010457,1
31.852,1.5946e-05,1
31.852,-5.3376e-05,1
31.853,-0.00012421,1
31.853,-0.00020327,1
31.854,-0.00026638,1
31.854,-0.00027427,1
31.855,-0.00020931,1
31.855,-8.7449e-05,1
31.856,6.6636e-05,1
31.856,0.00022676,1
31.857,0.00038656,1
31.857,0.00054098,1
31.858,0.0006239,1
31.858,0.00057253,1
31.859,0.00042416,1
31.859,0.00026906,1
31.86,0.00015895,1
31.861,9.1142e-05,1
31.861,3.6423e-05,1
31.862,-1.4435e-05,1
31.862,-5.9251e-05,1
31.863,-9.3492e-05,1
31.863,-0.00015711,1
31.864,-0.00026151,1
31.864,-0.00033016,1
31.865,-0.00032311,1
31.865,-0.00026218,1
31.866,-0.00019017,1
31.866,-0.00013025,1
31.867,-8.7953e-05,1
31.867,-9.1814e-05,1
31.868,-0.0001509,1
31.868,-0.00020444,1
31.869,-0.00019705,1
31.869,-0.00011766,1
31.87,-1.0239e-05,1
31.87,4.5487e-05,1
31.871,3.743e-05,1
31.871,2.3667e-05,1
31.872,4.3305e-05,1
31.872,0.00012538,1
31.873,0.0002271,1
31.873,0.00025496,1
31.874,0.00017708,1
31.875,4.918e-05,1
31.875,-5.0187e-05,1
31.876,-9.3492e-05,1
31.876,-0.0001086,1
31.877,-0.00012102,1
31.877,-0.0001373,1
31.878,-0.0001791,1
31.878,-0.00023214,1
31.879,-0.00022928,1
31.879,-0.00018346,1
31.88,-0.00015862,1
31.88,-0.00016986,1
31.881,-0.00017272,1
31.881,-0.00012136,1
31.882,-1.561e-05,1
31.882,9.1814e-05,1
31.883,0.00013378,1
31.883,0.00010658,1
31.884,6.9657e-05,1
31.884,5.8915e-05,1
31.885,5.5558e-05,1
31.885,4.3473e-05,1
31.886,5.1362e-05,1
31.886,0.0001133,1
31.887,0.00021401,1
31.888,0.00031707,1
31.888,0.00036574,1
31.889,0.00032143,1
31.889,0.00020797,1
31.89,7.7714e-05,1
31.89,-2.6688e-05,1
31.891,-7.6204e-05,1
31.891,-6.8147e-05,1
31.892,-3.3738e-05,1
31.892,8.3925e-07,1
31.893,3.0045e-05,1
31.893,5.153e-05,1
31.894,6.4118e-05,1
31.894,7.6036e-05,1
31.895,0.00010491,1
31.895,0.00014032,1
31.896,0.00015023,1
31.896,0.00012639,1
31.897,8.6946e-05,1
31.897,4.7333e-05,1
31.898,8.2246e-06,1
31.898,-2.5345e-05,1
31.899,-4.5151e-05,1
31.899,-5.1194e-05,1
31.9,-4.448e-05,1
31.901,-1.9974e-05,1
31.901,1.7121e-05,1
31.902,4.6662e-05,1
31.902,5.2033e-05,1
31.903,3.4241e-05,1
31.903,6.5461e-06,1
31.904,-2.4338e-05,1
31.904,-4.9516e-05,1
31.905,-5.5726e-05,1
31.905,-4.8173e-05,1
31.906,-4.8844e-05,1
31.906,-6.8818e-05,1
31.907,-9.4331e-05,1
31.907,-0.00010977,1
31.908,-0.00010658,1
31.908,-8.3421e-05,1
31.909,-4.918e-05,1
31.909,-1.8631e-05,1
31.91,-3.357e-07,1
31.91,-3.5248e-06,1
31.911,-2.8367e-05,1
31.911,-4.918e-05,1
31.912,-4.918e-05,1
31.912,-3.3066e-05,1
31.913,-1.5778e-05,1
31.913,-1.2085e-05,1
31.914,-2.3499e-05,1
31.915,-3.9445e-05,1
31.915,-4.3137e-05,1
31.916,-3.357e-05,1
31.916,-2.266e-05,1
31.917,-1.6281e-05,1
31.917,-2.266e-05,1
31.918,-4.2466e-05,1
31.918,-5.9922e-05,1
31.919,-5.6901e-05,1
31.919,-3.0381e-05,1
31.92,9.9031e-06,1
31.92,5.1865e-05,1
31.921,8.9799e-05,1
31.921,0.00012857,1
31.922,0.00017607,1
31.922,0.00023062,1
31.923,0.00028484,1
31.923,0.00031002,1
31.924,0.00024909,1
31.924,0.00012236,1
31.925,1.6617e-05,1
31.925,1.8463e-06,1
31.926,0.00011632,1
31.926,0.00025345,1
31.927,0.00027326,1
31.927,0.00017372,1
31.928,5.0858e-05,1
31.929,-1.7456e-05,1
31.929,-1.6449e-05,1
31.93,1.5778e-05,1
31.93,4.3641e-05,1
31.931,5.1362e-05,1
31.931,2.8702e-05,1
31.932,5.0355e-07,1
31.932,-2.8534e-06,1
31.933,2.2995e-05,1
31.933,6.63e-05,1
31.934,0.00011028,1
31.934,0.00013629,1
31.935,0.00013613,1
31.935,0.00011061,1
31.936,7.4022e-05,1
31.936,4.5151e-05,1
31.937,2.4506e-05,1
31.937,-6.5461e-06,1
31.938,-4.6494e-05,1
31.938,-7.8889e-05,1
31.939,-0.00010121,1
31.939,-0.00011984,1
31.94,-0.00012924,1
31.94,-0.00012505,1
31.941,-0.00012488,1
31.942,-0.00014049,1
31.942,-0.00015509,1
31.943,-0.00015224,1
31.943,-0.00013143,1
31.944,-0.00010558,1
31.944,-0.00011699,1
31.945,-0.0001697,1
31.945,-0.00019722,1
31.946,-0.00017272,1
31.946,-0.00012035,1
31.947,-6.5293e-05,1
31.947,-3.3738e-05,1
31.948,-2.9877e-05,1
31.948,-2.1988e-05,1
31.949,1.1749e-06,1
31.949,4.4984e-05,1
31.95,0.00012085,1
31.95,0.0002078,1
31.951,0.00028048,1
31.951,0.00034342,1
31.952,0.00038639,1
31.952,0.00038119,1
31.953,0.0003409,1
31.953,0.00031069,1
31.954,0.00030532,1
31.954,0.00030062,1
31.955,0.00026906,1
31.956,0.00020981,1
31.956,0.00016466,1
31.957,0.00013545,1
31.957,9.4163e-05,1
31.958,4.3809e-05,1
31.958,-5.539e-06,1
31.959,-5.388e-05,1
31.959,-9.6345e-05,1
31.96,-0.00012505,1
31.96,-0.00014015,1
31.961,-0.00014653,1
31.961,-0.00014133,1
31.962,-0.00011934,1
31.962,-9.5842e-05,1
31.963,-8.7114e-05,1
31.963,-9.5506e-05,1
31.964,-0.00011867,1
31.964,-0.00015056,1
31.965,-0.00016399,1
31.965,-0.00013848,1
31.966,-8.7282e-05,1
31.966,-3.1891e-05,1
31.967,5.2033e-06,1
31.967,2.4674e-05,1
31.968,7.5364e-05,1
31.969,0.00014754,1
31.969,0.0001472,1
31.97,5.153e-05,1
31.97,-7.7043e-05,1
31.971,-0.00017356,1
31.971,-0.00021703,1
31.972,-0.0002229,1
31.972,-0.00021099,1
31.973,-0.00018413,1
31.973,-0.00016835,1
31.974,-0.00022593,1
31.974,-0.00030632,1
31.975,-0.00029642,1
31.975,-0.00017742,1
31.976,-1.091e-05,1
31.976,0.00012169,1
31.977,0.0001754,1
31.977,0.00019118,1
31.978,0.00021971,1
31.978,0.00026638,1
31.979,0.00031472,1
31.979,0.0003644,1
31.98,0.00041274,1
31.98,0.00042248,1
31.981,0.0003691,1
31.982,0.00032076,1
31.982,0.00036675,1
31.983,0.00042684,1
31.983,0.00036407,1
31.984,0.0001697,1
31.984,-5.8747e-05,1
31.985,-0.00022727,1
31.985,-0.00031539,1
31.986,-0.00033973,1
31.986,-0.00032663,1
31.987,-0.00029525,1
31.987,-0.00025026,1
31.988,-0.00018212,1
31.988,-0.00010323,1
31.989,-4.1794e-05,1
31.989,1.4603e-05,1
31.99,9.4499e-05,1
31.99,0.00017372,1
31.991,0.00020293,1
31.991,0.00018614,1
31.992,0.00015442,1
31.992,0.00011598,1
31.993,5.623e-05,1
31.993,-2.182e-06,1
31.994,-1.9471e-05,1
31.994,1.6785e-06,1
31.995,1.8967e-05,1
31.996,1.1917e-05,1
31.996,-1.0575e-05,1
31.997,-3.8102e-05,1
31.997,-6.63e-05,1
31.998,-8.6107e-05,1
31.998,-9.3324e-05,1
31.999,-8.9128e-05,1
31.999,-7.8386e-05,1
32,-6.7475e-05,1
32,-6.5797e-05,1
32.001,-6.7475e-05,1
32.001,-6.1433e-05,1
32.002,-4.1794e-05,1
32.002,-1.561e-05,1
32.003,2.6856e-06,1
32.003,2.182e-06,1
32.004,-1.2924e-05,1
32.004,-2.6352e-05,1
32.005,-2.8031e-05,1
32.005,-1.9303e-05,1
32.006,-1.1749e-06,1
32.006,1.091e-05,1
32.007,7.0497e-06,1
32.007,3.357e-07,1
32.008,7.8889e-06,1
32.008,2.8702e-05,1
32.009,5.4887e-05,1
32.01,7.9728e-05,1
32.01,0.00010021,1
32.011,0.00011447,1
32.011,0.00011666,1
32.012,0.00010021,1
32.012,7.2343e-05,1
32.013,4.8844e-05,1
32.013,3.978e-05,1
32.014,4.4144e-05,1
32.014,3.6088e-05,1
32.015,-2.5177e-06,1
32.015,-2.7024e-05,1
32.016,-1.3764e-05,1
32.016,-1.796e-05,1
32.017,-7.5364e-05,1
32.017,-0.00014116,1
32.018,-0.00015375,1
32.018,-0.00010826,1
32.019,-2.9038e-05,1
32.019,7.5029e-05,1
32.02,0.00019521,1
32.02,0.00029458,1
32.021,0.00034342,1
32.021,0.00035836,1
32.022,0.00034896,1
32.023,0.00027343,1
32.023,0.0001321,1
32.024,1.1749e-06,1
32.024,-6.949e-05,1
32.025,-7.805e-05,1
32.025,-4.4648e-05,1
32.026,-4.4648e-05,1
32.026,-0.00011128,1
32.027,-0.00018044,1
32.027,-0.00020562,1
32.028,-0.00018598,1
32.028,-0.00014133,1
32.029,-9.4835e-05,1
32.029,-5.8244e-05,1
32.03,-2.8702e-05,1
32.03,7.2175e-06,1
32.031,5.153e-05,1
32.031,7.57e-05,1
32.032,9.4163e-05,1
32.032,0.00013948,1
32.033,0.00019437,1
32.033,0.00022945,1
32.034,0.00024623,1
32.034,0.00023667,1
32.035,0.00019689,1
32.035,0.00014116,1
32.036,9.3492e-05,1
32.037,5.9419e-05,1
32.037,3.8773e-05,1
32.038,2.1317e-05,1
32.038,-3.5248e-06,1
32.039,4.5319e-06,1
32.039,3.592e-05,1
32.04,4.1962e-06,1
32.04,-0.00010172,1
32.041,-0.0002088,1
32.041,-0.00023214,1
32.042,-0.00015526,1
32.042,-4.6494e-05,1
32.043,2.2995e-05,1
32.043,2.9374e-05,1
32.044,-8.5603e-06,1
32.044,-3.5584e-05,1
32.045,-3.8773e-05,1
32.045,-6.7979e-05,1
32.046,-0.00012723,1
32.046,-0.00018379,1
32.047,-0.00023969,1
32.047,-0.00030532,1
32.048,-0.00032865,1
32.048,-0.0002751,1
32.049,-0.00019202,1
32.05,-0.00010054,1
32.05,3.6423e-05,1
32.051,0.00021636,1
32.051,0.00038521,1
32.052,0.00047031,1
32.052,0.00044799,1
32.053,0.00037313,1
32.053,0.00030163,1
32.054,0.00025496,1
32.054,0.00023684,1
32.055,0.00023667,1
32.055,0.00023163,1
32.056,0.00020562,1
32.056,0.00016768,1
32.057,0.0001373,1
32.057,0.00011867,1
32.058,7.7714e-05,1
32.058,2.5177e-06,1
32.059,-7.0161e-05,1
32.059,-0.00010994,1
32.06,-8.9632e-05,1
32.06,-3.0381e-05,1
32.061,-6.2104e-06,1
32.061,-4.7166e-05,1
32.062,-0.00011649,1
32.062,-0.00017691,1
32.063,-0.00018195,1
32.064,-0.00011363,1
32.064,-6.2104e-06,1
32.065,9.5003e-05,1
32.065,0.00015929,1
32.066,0.00017305,1
32.066,0.00015157,1
32.067,0.00011061,1
32.067,5.4887e-05,1
32.068,-5.2033e-06,1
32.068,-6.1601e-05,1
32.069,-0.00011867,1
32.069,-0.00018564,1
32.07,-0.00025899,1
32.07,-0.00031522,1
32.071,-0.00033838,1
32.071,-0.00032345,1
32.072,-0.00026571,1
32.072,-0.00017406,1
32.073,-7.4357e-05,1
32.073,8.2246e-06,1
32.074,6.3447e-05,1
32.074,9.7856e-05,1
32.075,0.00012538,1
32.075,0.00014066,1
32.076,0.00016835,1
32.077,0.00021837,1
32.077,0.00026336,1
32.078,0.00029122,1
32.078,0.00029978,1
32.079,0.00028014,1
32.079,0.00024103,1
32.08,0.00019722,1
32.08,0.00013579,1
32.081,6.0929e-05,1
32.081,-1.0239e-05,1
32.082,-6.7308e-05,1
32.082,-0.00011128,1
32.083,-0.00015761,1
32.083,-0.00019236,1
32.084,-0.00018614,1
32.084,-0.00015123,1
32.085,-0.00010994,1
32.085,-5.7237e-05,1
32.086,3.1891e-06,1
32.086,4.918e-05,1
32.087,6.949e-05,1
32.087,7.2175e-05,1
32.088,7.9393e-05,1
32.088,0.00010256,1
32.089,0.00015174,1
32.09,0.00024154,1
32.09,0.00029055,1
32.091,0.00021401,1
32.091,4.5151e-05,1
32.092,-9.4835e-05,1
32.092,-0.00014083,1
32.093,-0.00012404,1
32.093,-8.4092e-05,1
32.094,-4.0452e-05,1
32.094,-1.4435e-05,1
32.095,-1.4771e-05,1
32.095,6.8818e-06,1
32.096,6.865e-05,1
32.096,0.00010826,1
32.097,8.8457e-05,1
32.097,3.2563e-05,1
32.098,-9.3996e-06,1
32.098,-1.9303e-05,1
32.099,-1.3596e-05,1
32.099,-1.4435e-05,1
32.1,-3.2059e-05,1
32.1,-5.9419e-05,1
32.101,-7.5029e-05,1
32.101,-6.865e-05,1
32.102,-5.7572e-05,1
32.102,-5.3208e-05,1
32.103,-4.213e-05,1
32.104,-1.9806e-05,1
32.104,-1.0071e-06,1
32.105,1.5106e-06,1
32.105,-1.2421e-05,1
32.106,-2.9709e-05,1
32.106,-4.3641e-05,1
32.107,-5.1698e-05,1
32.107,-5.1865e-05,1
32.108,-4.2969e-05,1
32.108,-3.3738e-05,1
32.109,-4.0452e-05,1
32.109,-6.4958e-05,1
32.11,-7.7714e-05,1
32.11,-6.3615e-05,1
32.111,-4.3137e-05,1
32.111,-3.5248e-05,1
32.112,-4.1962e-05,1
32.112,-5.9419e-05,1
32.113,-6.1601e-05,1
32.113,-1.9638e-05,1
32.114,5.1362e-05,1
32.114,0.00012438,1
32.115,0.00019118,1
32.115,0.00023415,1
32.116,0.00023516,1
32.117,0.00018849,1
32.117,0.00010591,1
32.118,1.0575e-05,1
32.118,-9.4163e-05,1
32.119,-0.00019622,1
32.119,-0.00025782,1
32.12,-0.00025983,1
32.12,-0.00022844,1
32.121,-0.00019689,1
32.121,-0.00016667,1
32.122,-0.00010323,1
32.122,1.0575e-05,1
32.123,0.00014653,1
32.123,0.00027813,1
32.124,0.00039579,1
32.124,0.0005257,1
32.125,0.00064907,1
32.125,0.00067459,1
32.126,0.00057052,1
32.126,0.00041241,1
32.127,0.00029625,1
32.127,0.00022811,1
32.128,0.00016768,1
32.128,0.0001133,1
32.129,9.0471e-05,1
32.129,9.752e-05,1
32.13,8.6778e-05,1
32.131,3.9109e-05,1
32.131,-1.0239e-05,1
32.132,-3.4745e-05,1
32.132,-3.4073e-05,1
32.133,-2.2492e-05,1
32.133,-2.6688e-05,1
32.134,-4.6494e-05,1
32.134,-6.5797e-05,1
32.135,-9.836e-05,1
32.135,-0.0001561,1
32.136,-0.00021837,1
32.136,-0.00025144,1
32.137,-0.0002464,1
32.137,-0.00022895,1
32.138,-0.00025211,1
32.138,-0.00031807,1
32.139,-0.00034862,1
32.139,-0.00033553,1
32.14,-0.00030179,1
32.14,-0.0002407,1
32.141,-0.00015644,1
32.141,-6.949e-05,1
32.142,1.1582e-05,1
32.142,9.1478e-05,1
32.143,0.000165,1
32.144,0.00022106,1
32.144,0.00026033,1
32.145,0.00028719,1
32.145,0.00029508,1
32.146,0.00027007,1
32.146,0.0002224,1
32.147,0.00017708,1
32.147,0.00014653,1
32.148,0.00011296,1
32.148,6.5629e-05,1
32.149,7.3854e-06,1
32.149,-5.9251e-05,1
32.15,-0.00011699,1
32.15,-0.00015694,1
32.151,-0.0001754,1
32.151,-0.00016735,1
32.152,-0.0001415,1
32.152,-0.00011733,1
32.153,-9.5003e-05,1
32.153,-5.2537e-05,1
32.154,1.5946e-05,1
32.154,9.1142e-05,1
32.155,0.00016281,1
32.155,0.00023415,1
32.156,0.00029525,1
32.156,0.0003221,1
32.157,0.00032714,1
32.158,0.00034929,1
32.158,0.00033285,1
32.159,0.00020293,1
32.159,-1.1078e-05,1
32.16,-0.00020008,1
32.16,-0.00029625,1
32.161,-0.000307,1
32.161,-0.00026403,1
32.162,-0.00019655,1
32.162,-0.00014401,1
32.163,-0.00010961,1
32.163,-5.4551e-05,1
32.164,1.7624e-05,1
32.164,8.1071e-05,1
32.165,0.00013713,1
32.165,0.00018346,1
32.166,0.00017977,1
32.166,0.00011733,1
32.167,4.9348e-05,1
32.167,2.6688e-05,1
32.168,4.0955e-05,1
32.168,4.0452e-05,1
32.169,5.8747e-06,1
32.169,-5.1865e-05,1
32.17,-0.00012941,1
32.17,-0.00017691,1
32.171,-0.00014385,1
32.172,-7.2175e-05,1
32.172,-2.7024e-05,1
32.173,-2.4002e-05,1
32.173,-2.6688e-05,1
32.174,-1.8463e-06,1
32.174,3.4745e-05,1
32.175,3.5752e-05,1
32.175,2.7359e-05,1
32.176,4.8508e-05,1
32.176,5.7908e-05,1
32.177,2.7359e-05,1
32.177,-2.1149e-05,1
32.178,-5.1026e-05,1
32.178,-4.4144e-05,1
32.179,-1.2924e-05,1
32.179,4.7333e-05,1
32.18,0.00014267,1
32.18,0.00024137,1
32.181,0.00030465,1
32.181,0.00032731,1
32.182,0.0003023,1
32.182,0.0002224,1
32.183,0.00011263,1
32.183,1.6281e-05,1
32.184,-4.9851e-05,1
32.185,-8.6107e-05,1
32.185,-9.6849e-05,1
32.186,-9.752e-05,1
32.186,-9.1814e-05,1
32.187,-6.1265e-05,1
32.187,6.2104e-06,1
32.188,0.00010239,1
32.188,0.00017121,1
32.189,0.00017775,1
32.189,0.00013596,1
32.19,7.4861e-05,1
32.19,2.6352e-05,1
32.191,-2.182e-06,1
32.191,-2.182e-05,1
32.192,-3.3402e-05,1
32.192,-3.4409e-05,1
32.193,-2.9709e-05,1
32.193,-2.4842e-05,1
32.194,-2.2995e-05,1
32.194,-1.8967e-05,1
32.195,-4.1962e-06,1
32.195,1.1917e-05,1
32.196,1.8128e-05,1
32.196,1.9135e-05,1
32.197,1.5946e-05,1
32.197,8.3925e-07,1
32.198,-2.5681e-05,1
32.199,-5.5894e-05,1
32.199,-7.7379e-05,1
32.2,-8.3421e-05,1
32.2,-8.0064e-05,1
32.201,-7.2007e-05,1
32.201,-7.4189e-05,1
32.202,-0.00010524,1
32.202,-0.0001462,1
32.203,-0.00017943,1
32.203,-0.00020931,1
32.204,-0.00022794,1
32.204,-0.00020595,1
32.205,-0.00015123,1
32.205,-9.752e-05,1
32.206,-5.7572e-05,1
32.206,-2.0645e-05,1
32.207,3.4745e-05,1
32.207,0.00012706,1
32.208,0.00023801,1
32.208,0.00031136,1
32.209,0.00032949,1
32.209,0.00032479,1
32.21,0.00031136,1
32.21,0.00026436,1
32.211,0.00018245,1
32.212,9.752e-05,1
32.212,3.2059e-05,1
32.213,-1.8967e-05,1
32.213,-6.4622e-05,1
32.214,-0.00010272,1
32.214,-0.00012857,1
32.215,-0.00013512,1
32.215,-9.131e-05,1
32.216,1.1917e-05,1
32.216,8.1407e-05,1
32.217,5.0858e-05,1
32.217,-3.3234e-05,1
32.218,-7.5029e-05,1
32.218,-3.2395e-05,1
32.219,5.5726e-05,1
32.219,0.00012001,1
32.22,0.00014116,1
32.22,0.00013411,1
32.221,0.00011061,1
32.221,9.5171e-05,1
32.222,8.896e-05,1
32.222,7.0832e-05,1
32.223,3.743e-05,1
32.223,2.0142e-06,1
32.224,-2.8199e-05,1
32.224,-5.2033e-05,1
32.225,-6.9993e-05,1
32.226,-8.1407e-05,1
32.226,-8.1071e-05,1
32.227,-8.1575e-05,1
32.227,-0.00010977,1
32.228,-0.0001519,1
32.228,-0.00016751,1
32.229,-0.0001425,1
32.229,-9.1478e-05,1
32.23,-4.2802e-05,1
32.23,-1.5106e-05,1
32.231,5.7069e-06,1
32.231,3.743e-05,1
32.232,7.5868e-05,1
32.232,0.00010054,1
32.233,0.00010776,1
32.233,0.00011363,1
32.234,0.00012421,1
32.234,0.0001472,1
32.235,0.00018363,1
32.235,0.00022139,1
32.236,0.00024086,1
32.236,0.00021115,1
32.237,0.00012186,1
32.237,2.2156e-05,1
32.238,-4.2466e-05,1
32.239,-0.00010105,1
32.239,-0.00017137,1
32.24,-0.00019303,1
32.24,-0.00013176,1
32.241,-1.2924e-05,1
32.241,9.8863e-05,1
32.242,0.00016097,1
32.242,0.00017977,1
32.243,0.00017406,1
32.243,0.00016197,1
32.244,0.00014586,1
32.244,0.00011464,1
32.245,6.9657e-05,1
32.245,1.9303e-05,1
32.246,-3.3906e-05,1
32.246,-8.0064e-05,1
32.247,-0.00012119,1
32.247,-0.00015694,1
32.248,-0.00016768,1
32.248,-0.00013696,1
32.249,-7.3686e-05,1
32.249,-1.3092e-05,1
32.25,1.7121e-05,1
32.25,1.7121e-05,1
32.251,2.7192e-05,1
32.252,7.9393e-05,1
32.252,0.00010121,1
32.253,3.743e-05,1
32.253,-2.9206e-05,1
32.254,-3.0045e-05,1
32.254,3.2395e-05,1
32.255,0.00010726,1
32.255,0.00013613,1
32.256,0.00012454,1
32.256,0.0001138,1
32.257,0.00010491,1
32.257,7.4693e-05,1
32.258,2.0142e-05,1
32.258,-1.8799e-05,1
32.259,-3.5248e-06,1
32.259,5.4719e-05,1
32.26,8.191e-05,1
32.26,2.8367e-05,1
32.261,-6.1936e-05,1
32.261,-0.0001227,1
32.262,-0.00012236,1
32.262,-9.4163e-05,1
32.263,-6.4454e-05,1
32.263,-5.153e-05,1
32.264,-7.4022e-05,1
32.264,-8.7282e-05,1
32.265,-4.918e-05,1
32.266,2.4002e-05,1
32.266,9.4331e-05,1
32.267,0.00014166,1
32.267,0.00015274,1
32.268,0.00014015,1
32.268,0.00016432,1
32.269,0.00020092,1
32.269,0.0002083,1
32.27,0.00018061,1
32.27,0.00013378,1
32.271,9.987e-05,1
32.271,6.6972e-05,1
32.272,1.7288e-05,1
32.272,-1.2924e-05,1
32.273,3.357e-07,1
32.273,2.9374e-05,1
32.274,5.4215e-05,1
32.274,9.2317e-05,1
32.275,0.00011833,1
32.275,9.6513e-05,1
32.276,5.1194e-05,1
32.276,2.8534e-05,1
32.277,3.1052e-05,1
32.277,3.2731e-05,1
32.278,1.796e-05,1
32.279,-1.091e-05,1
32.279,-4.0452e-05,1
32.28,-5.6733e-05,1
32.28,-6.3615e-05,1
32.281,-8.0064e-05,1
32.281,-0.00010574,1
32.282,-0.00013747,1
32.282,-0.00019185,1
32.283,-0.00023113,1
32.283,-0.00021149,1
32.284,-0.00015006,1
32.284,-9.4163e-05,1
32.285,-7.2679e-05,1
32.285,-7.7043e-05,1
32.286,-7.6371e-05,1
32.286,-6.4958e-05,1
32.287,-6.244e-05,1
32.287,-6.6133e-05,1
32.288,-5.2873e-05,1
32.288,-1.9806e-05,1
32.289,1.1246e-05,1
32.289,2.5849e-05,1
32.29,3.4073e-05,1
32.29,5.2537e-05,1
32.291,7.8218e-05,1
32.291,9.3156e-05,1
32.292,0.00010927,1
32.293,0.0001378,1
32.293,0.00017121,1
32.294,0.0001989,1
32.294,0.00021535,1
32.295,0.00020243,1
32.295,0.00015409,1
32.296,9.6345e-05,1
32.296,5.4551e-05,1
32.297,3.3906e-05,1
32.297,2.4002e-05,1
32.298,1.9471e-05,1
32.298,2.1988e-05,1
32.299,3.0716e-05,1
32.299,4.4816e-05,1
32.3,6.479e-05,1
32.3,8.9464e-05,1
32.301,0.00010759,1
32.301,9.8527e-05,1
32.302,6.2272e-05,1
32.302,2.0981e-05,1
32.303,-8.7282e-06,1
32.303,-3.2395e-05,1
32.304,-7.0161e-05,1
32.304,-0.00012169,1
32.305,-0.00014888,1
32.306,-0.00014015,1
32.306,-0.0001133,1
32.307,-8.4428e-05,1
32.307,-6.479e-05,1
32.308,-5.623e-05,1
32.308,-5.2033e-05,1
32.309,-3.7263e-05,1
32.309,-2.266e-05,1
32.31,-2.8199e-05,1
32.31,-4.6159e-05,1
32.311,-5.8747e-05,1
32.311,-5.1362e-05,1
32.312,-3.0381e-05,1
32.312,8.3925e-07,1
32.313,6.0929e-05,1
32.313,0.00016432,1
32.314,0.00023684,1
32.314,0.00019387,1
32.315,7.3014e-05,1
32.315,3.5248e-06,1
32.316,3.9445e-05,1
32.316,0.00012857,1
32.317,0.00020293,1
32.317,0.00022962,1
32.318,0.00020394,1
32.318,0.00014267,1
32.319,7.9393e-05,1
32.32,3.3906e-05,1
32.32,-1.326e-05,1
32.321,-6.7308e-05,1
32.321,-9.1814e-05,1
32.322,-8.9464e-05,1
32.322,-9.1646e-05,1
32.323,-0.00011783,1
32.323,-0.00016281,1
32.324,-0.0001989,1
32.324,-0.00019101,1
32.325,-0.00014284,1
32.325,-8.8121e-05,1
32.326,-4.5823e-05,1
32.326,-1.1582e-05,1
32.327,1.5442e-05,1
32.327,3.2059e-05,1
32.328,6.3279e-05,1
32.328,0.00014418,1
32.329,0.00025664,1
32.329,0.00034426,1
32.33,0.00036977,1
32.33,0.00032378,1
32.331,0.00023062,1
32.331,0.00013445,1
32.332,7.5029e-05,1
32.333,5.8915e-05,1
32.333,6.1601e-05,1
32.334,5.388e-05,1
32.334,1.3596e-05,1
32.335,-5.6733e-05,1
32.335,-0.00010927,1
32.336,-0.00010642,1
32.336,-6.0258e-05,1
32.337,-6.5461e-06,1
32.337,3.0716e-05,1
32.338,4.3473e-05,1
32.338,3.4073e-05,1
32.339,1.5946e-05,1
32.339,8.896e-06,1
32.34,3.0213e-05,1
32.34,9.6513e-05,1
32.341,0.00017809,1
32.341,0.00020562,1
32.342,0.00013579,1
32.342,-6.8818e-06,1
32.343,-0.0001415,1
32.343,-0.00021048,1
32.344,-0.00022945,1
32.344,-0.00022811,1
32.345,-0.00020159,1
32.345,-0.00016181,1
32.346,-0.00013915,1
32.347,-9.2149e-05,1
32.347,5.304e-05,1
32.348,0.00019789,1
32.348,0.00016869,1
32.349,-3.5248e-06,1
32.349,-0.00017389,1
32.35,-0.00025345,1
32.35,-0.00024204,1
32.351,-0.00018178,1
32.351,-0.00011498,1
32.352,-5.4215e-05,1
32.352,7.7211e-06,1
32.353,0.00010642,1
32.353,0.00023667,1
32.354,0.00034997,1
32.354,0.00039864,1
32.355,0.00036574,1
32.355,0.0002751,1
32.356,0.000165,1
32.356,5.4887e-05,1
32.357,-4.7669e-05,1
32.357,-0.00012488,1
32.358,-0.00015761,1
32.358,-0.00011833,1
32.359,1.6449e-05,1
32.359,0.00016164,1
32.36,0.00018044,1
32.361,7.6371e-05,1
32.361,-3.2731e-05,1
32.362,-7.3014e-05,1
32.362,-6.6133e-05,1
32.363,-4.1123e-05,1
32.363,2.9709e-05,1
32.364,0.0001613,1
32.364,0.00029323,1
32.365,0.00033133,1
32.365,0.00028769,1
32.366,0.00024741,1
32.366,0.00022089,1
32.367,0.00016231,1
32.367,9.3492e-05,1
32.368,3.4745e-05,1
32.368,-8.3925e-06,1
32.369,-2.8031e-05,1
32.369,-2.9541e-05,1
32.37,-2.7192e-05,1
32.37,-3.8941e-05,1
32.371,-6.4622e-05,1
32.371,-8.8121e-05,1
32.372,-0.00010776,1
32.372,-0.00012303,1
32.373,-0.00013277,1
32.374,-0.00015325,1
32.374,-0.00017742,1
32.375,-0.00021988,1
32.375,-0.00029877,1
32.376,-0.00035483,1
32.376,-0.00030498,1
32.377,-0.00019437,1
32.377,-0.00016164,1
32.378,-0.00024372,1
32.378,-0.00033167,1
32.379,-0.0003258,1
32.379,-0.0002266,1
32.38,-9.2485e-05,1
32.38,5.8915e-05,1
32.381,0.00024288,1
32.381,0.00042214,1
32.382,0.00052621,1
32.382,0.00054836,1
32.383,0.00053561,1
32.383,0.00050741,1
32.384,0.00045772,1
32.384,0.00036407,1
32.385,0.00020595,1
32.385,2.6688e-05,1
32.386,-7.3014e-05,1
32.386,-7.5532e-05,1
32.387,-3.3906e-05,1
32.388,-9.5674e-06,1
32.388,-2.9709e-05,1
32.389,-7.1336e-05,1
32.389,-0.00011061,1
32.39,-0.00013378,1
32.39,-0.00012522,1
32.391,-9.6513e-05,1
32.391,-7.5364e-05,1
32.392,-5.7572e-05,1
32.392,-4.3809e-05,1
32.393,-6.865e-05,1
32.393,-0.0001415,1
32.394,-0.00019957,1
32.394,-0.00019873,1
32.395,-0.00015224,1
32.395,-0.00010004,1
32.396,-6.8986e-05,1
32.396,-5.4215e-05,1
32.397,-3.4241e-05,1
32.397,-1.8463e-06,1
32.398,4.5823e-05,1
32.398,0.00010977,1
32.399,0.00019303,1
32.399,0.00028048,1
32.4,0.00034627,1
32.401,0.00037044,1
32.401,0.0003362,1
32.402,0.00024926,1
32.402,0.00015006,1
32.403,7.805e-05,1
32.403,3.9277e-05,1
32.404,1.6953e-05,1
32.404,6.714e-07,1
32.405,-1.0407e-05,1
32.405,-1.7288e-05,1
32.406,-1.9806e-05,1
32.406,-1.6281e-05,1
32.407,-9.3996e-06,1
32.407,-5.539e-06,1
32.408,-2.182e-05,1
32.408,-5.8915e-05,1
32.409,-9.0303e-05,1
32.409,-0.0001044,1
32.41,-0.00011263,1
32.41,-0.00012908,1
32.411,-0.00015056,1
32.411,-0.00016399,1
32.412,-0.00016449,1
32.412,-0.00015006,1
32.413,-0.00011649,1
32.413,-6.4958e-05,1
32.414,-6.714e-06,1
32.415,3.8605e-05,1
32.415,6.8315e-05,1
32.416,0.00010289,1
32.416,0.00015056,1
32.417,0.00020108,1
32.417,0.00023919,1
32.418,0.00025563,1
32.418,0.00026067,1
32.419,0.00025798,1
32.419,0.00023751,1
32.42,0.00019756,1
32.42,0.00015023,1
32.421,0.00010491,1
32.421,6.8818e-05,1
32.422,4.0452e-05,1
32.422,-4.6998e-06,1
32.423,-5.623e-05,1
32.423,-7.6707e-05,1
32.424,-6.1601e-05,1
32.424,-3.1724e-05,1
32.425,-4.5319e-06,1
32.425,1.3596e-05,1
32.426,1.8631e-05,1
32.426,8.5603e-06,1
32.427,-1.2924e-05,1
32.428,-3.8605e-05,1
32.428,-5.7572e-05,1
32.429,-6.9993e-05,1
32.429,-9.1478e-05,1
32.43,-0.00011598,1
32.43,-0.00012337,1
32.431,-0.00010977,1
32.431,-8.6946e-05,1
32.432,-6.479e-05,1
32.432,-4.3137e-05,1
32.433,-1.7288e-05,1
32.433,1.561e-05,1
32.434,5.1362e-05,1
32.434,8.2414e-05,1
32.435,0.00010558,1
32.435,0.00011968,1
32.436,0.00012438,1
32.436,0.000118,1
32.437,0.00010088,1
32.437,7.8218e-05,1
32.438,5.623e-05,1
32.438,3.827e-05,1
32.439,2.4842e-05,1
32.439,1.5946e-05,1
32.44,8.5603e-06,1
32.441,1.3428e-06,1
32.441,-8.7282e-06,1
32.442,-1.8967e-05,1
32.442,-1.8967e-05,1
32.443,-1.1917e-05,1
32.443,-7.2175e-06,1
32.444,-9.3996e-06,1
32.444,-1.6281e-05,1
32.445,-2.5345e-05,1
32.445,-3.2731e-05,1
32.446,-3.5248e-05,1
32.446,-2.0645e-05,1
32.447,1.5946e-05,1
32.447,5.9922e-05,1
32.448,7.4357e-05,1
32.448,4.2634e-05,1
32.449,-1.091e-05,1
32.449,-6.0761e-05,1
32.45,-9.0806e-05,1
32.45,-0.00010188,1
32.451,-0.00010222,1
32.451,-9.5506e-05,1
32.452,-8.6275e-05,1
32.452,-8.275e-05,1
32.453,-8.6275e-05,1
32.453,-8.426e-05,1
32.454,-6.9154e-05,1
32.455,-4.7333e-05,1
32.455,-2.501e-05,1
32.456,8.0568e-06,1
32.456,4.6494e-05,1
32.457,7.8218e-05,1
32.457,9.9199e-05,1
32.458,0.00011263,1
32.458,0.00012337,1
32.459,0.00012807,1
32.459,0.00011598,1
32.46,9.1478e-05,1
32.46,8.2414e-05,1
32.461,9.8527e-05,1
32.461,0.00012505,1
32.462,0.00013243,1
32.462,0.00010658,1
32.463,7.8889e-05,1
32.463,6.4958e-05,1
32.464,4.4984e-05,1
32.464,2.4338e-05,1
32.465,1.9806e-05,1
32.465,2.4002e-05,1
32.466,2.652e-05,1
32.466,1.4603e-05,1
32.467,-2.0142e-05,1
32.468,-7.0329e-05,1
32.468,-0.00013361,1
32.469,-0.00019538,1
32.469,-0.0002182,1
32.47,-0.00018648,1
32.47,-0.00012589,1
32.471,-6.2104e-05,1
32.471,1.6953e-05,1
32.472,0.000118,1
32.472,0.00022811,1
32.473,0.0003268,1
32.473,0.00039294,1
32.474,0.00040536,1
32.474,0.00036239,1
32.475,0.00028383,1
32.475,0.00019319,1
32.476,0.00011397,1
32.476,6.5629e-05,1
32.477,4.1794e-05,1
32.477,-1.2924e-05,1
32.478,-0.00012874,1
32.478,-0.00023818,1
32.479,-0.00026671,1
32.479,-0.00019756,1
32.48,-8.5771e-05,1
32.48,-6.3783e-06,1
32.481,3.5248e-06,1
32.482,-3.743e-05,1
32.482,-7.7546e-05,1
32.483,-8.6107e-05,1
32.483,-6.6468e-05,1
32.484,-2.8367e-05,1
32.484,3.3738e-05,1
32.485,0.00010541,1
32.485,0.00016818,1
32.486,0.00021669,1
32.486,0.00023935,1
32.487,0.00022844,1
32.487,0.0001942,1
32.488,0.00014687,1
32.488,9.3156e-05,1
32.489,4.6494e-05,1
32.489,2.6352e-05,1
32.49,2.8199e-05,1
32.49,1.5274e-05,1
32.491,-3.978e-05,1
32.491,-0.00010826,1
32.492,-0.00014469,1
32.492,-0.00013176,1
32.493,-9.5171e-05,1
32.493,-6.7643e-05,1
32.494,-4.7501e-05,1
32.495,-1.2253e-05,1
32.495,2.7192e-05,1
32.496,3.508e-05,1
32.496,1.7288e-05,1
32.497,-9.5674e-06,1
32.497,-8.1071e-05,1
32.498,-0.00019017,1
32.498,-0.00028182,1
32.499,-0.00031472,1
32.499,-0.00027829,1
32.5,-0.0001801,1
32.5,-7.9728e-05,1
32.501,-7.3014e-05,1
32.501,-0.00016684,1
32.502,-0.00023851,1
32.502,-0.00015224,1
32.503,4.1794e-05,1
32.503,0.00017641,1
32.504,0.00018883,1
32.504,0.00014922,1
32.505,0.00013109,1
32.505,0.0001613,1
32.506,0.00022425,1
32.506,0.00029642,1
32.507,0.00037548,1
32.507,0.00043221,1
32.508,0.00042281,1
32.509,0.00034829,1
32.509,0.00025815,1
32.51,0.0001707,1
32.51,8.4428e-05,1
32.511,2.2492e-05,1
32.511,-3.1891e-06,1
32.512,-7.0497e-06,1
32.512,-1.1749e-06,1
32.513,7.5532e-06,1
32.513,1.4435e-05,1
32.514,1.6785e-07,1
32.514,-3.3402e-05,1
32.515,-5.2201e-05,1
32.515,-5.623e-05,1
32.516,-5.7908e-05,1
32.516,-5.9251e-05,1
32.517,-7.7546e-05,1
32.517,-9.4667e-05,1
32.518,-0.00010692,1
32.518,-0.0001415,1
32.519,-0.00017423,1
32.519,-0.000166,1
32.52,-0.00012622,1
32.52,-0.00010994,1
32.521,-0.0001185,1
32.522,-9.3492e-05,1
32.522,-1.2924e-05,1
32.523,8.9464e-05,1
32.523,0.000166,1
32.524,0.00020528,1
32.524,0.00020864,1
32.525,0.00016802,1
32.525,9.8527e-05,1
32.526,4.0284e-05,1
32.526,1.7624e-05,1
32.527,1.2589e-05,1
32.527,-1.5106e-06,1
32.528,-2.8199e-05,1
32.528,-4.5823e-05,1
32.529,-3.743e-05,1
32.529,3.5248e-06,1
32.53,8.5771e-05,1
32.53,0.00018178,1
32.531,0.00023079,1
32.531,0.00021199,1
32.532,0.00015291,1
32.532,9.4499e-05,1
32.533,1.5274e-05,1
32.533,-9.3492e-05,1
32.534,-0.00018296,1
32.534,-0.00022139,1
32.535,-0.0002177,1
32.536,-0.00019303,1
32.536,-0.00015929,1
32.537,-0.00011263,1
32.537,-3.9948e-05,1
32.538,4.6159e-05,1
32.538,0.00011162,1
32.539,0.00013227,1
32.539,7.6204e-05,1
32.54,-3.6591e-05,1
32.54,-0.00011716,1
32.541,-0.00012706,1
32.541,-9.6178e-05,1
32.542,-5.8579e-05,1
32.542,-9.9031e-06,1
32.543,6.0929e-05,1
32.543,0.00014989,1
32.544,0.00023348,1
32.544,0.00028988,1
32.545,0.0003211,1
32.545,0.00033217,1
32.546,0.00031438,1
32.546,0.00026906,1
32.547,0.00022039,1
32.547,0.0001796,1
32.548,0.00013462,1
32.548,7.8553e-05,1
32.549,1.8296e-05,1
32.55,-3.3066e-05,1
32.55,-6.9993e-05,1
32.551,-0.00010675,1
32.551,-0.00016181,1
32.552,-0.00023062,1
32.552,-0.00029407,1
32.553,-0.00035047,1
32.553,-0.00039982,1
32.554,-0.00042835,1
32.554,-0.00040334,1
32.555,-0.00033469,1
32.555,-0.00026235,1
32.556,-0.0001796,1
32.556,-6.1097e-05,1
32.557,5.7572e-05,1
32.557,0.00010927,1
32.558,0.00011666,1
32.558,0.00014284,1
32.559,0.0002172,1
32.559,0.00035366,1
32.56,0.00049599,1
32.56,0.00055172,1
32.561,0.00051211,1
32.561,0.00042264,1
32.562,0.00028316,1
32.563,0.00012673,1
32.563,1.326e-05,1
32.564,-3.3906e-05,1
32.564,-1.9471e-05,1
32.565,2.5345e-05,1
32.565,7.4357e-05,1
32.566,0.00015627,1
32.566,0.00026017,1
32.567,0.00028904,1
32.567,0.00017272,1
32.568,1.0575e-05,1
32.568,-6.8482e-05,1
32.569,-6.8482e-05,1
32.569,-5.5894e-05,1
32.57,-5.069e-05,1
32.57,-4.4144e-05,1
32.571,-4.1459e-05,1
32.571,-3.4577e-05,1
32.572,-3.4241e-05,1
32.572,-7.6707e-05,1
32.573,-0.00013999,1
32.573,-0.0001613,1
32.574,-0.0001472,1
32.574,-0.00013143,1
32.575,-9.752e-05,1
32.575,-2.4674e-05,1
32.576,6.5629e-05,1
32.577,0.00013344,1
32.577,0.00015727,1
32.578,0.0001321,1
32.578,4.5151e-05,1
32.579,-0.00010054,1
32.579,-0.0002318,1
32.58,-0.00026386,1
32.58,-0.00020394,1
32.581,-0.00012605,1
32.581,-7.1672e-05,1
32.582,-3.8773e-05,1
32.582,-2.182e-05,1
32.583,-1.7456e-05,1
32.583,-4.5319e-06,1
32.584,4.0116e-05,1
32.584,9.0974e-05,1
32.585,9.3156e-05,1
32.585,4.4144e-05,1
32.586,-1.4267e-05,1
32.586,-5.774e-05,1
32.587,-8.7449e-05,1
32.587,-0.00010507,1
32.588,-9.9535e-05,1
32.588,-6.7308e-05,1
32.589,-9.5674e-06,1
32.59,5.7572e-05,1
32.59,0.00012001,1
32.591,0.0001655,1
32.591,0.00014737,1
32.592,5.388e-05,1
32.592,-5.4047e-05,1
32.593,-0.00012824,1
32.593,-0.00016953,1
32.594,-0.0001754,1
32.594,-0.00013982,1
32.595,-6.714e-05,1
32.595,3.3906e-05,1
32.596,0.00015291,1
32.596,0.00025899,1
32.597,0.00032815,1
32.597,0.00034493,1
32.598,0.000307,1
32.598,0.00025899,1
32.599,0.0002318,1
32.599,0.00020327,1
32.6,0.00013596,1
32.6,5.153e-05,1
32.601,0,1
32.601,-1.561e-05,1
32.602,-1.5442e-05,1
32.602,-9.5674e-06,1
32.603,0,1
32.604,2.0981e-05,1
32.604,4.1459e-05,1
32.605,3.508e-05,1
32.605,1.0071e-06,1
32.606,-3.1724e-05,1
32.606,-3.9445e-05,1
32.607,-3.0045e-05,1
32.607,-3.1388e-05,1
32.608,-5.6062e-05,1
32.608,-9.2485e-05,1
32.609,-0.00012035,1
32.609,-0.00013411,1
32.61,-0.00014838,1
32.61,-0.00014553,1
32.611,-0.00010726,1
32.611,-5.304e-05,1
32.612,5.0355e-06,1
32.612,6.6972e-05,1
32.613,0.00011431,1
32.613,0.0001326,1
32.614,0.0001232,1
32.614,9.987e-05,1
32.615,7.9057e-05,1
32.615,6.9657e-05,1
32.616,6.244e-05,1
32.617,4.3809e-05,1
32.617,1.9303e-05,1
32.618,8.3925e-07,1
32.618,-1.6114e-05,1
32.619,-3.4073e-05,1
32.619,-4.4312e-05,1
32.62,-4.5319e-05,1
32.62,-4.4648e-05,1
32.621,-4.2466e-05,1
32.621,-3.3738e-05,1
32.622,-6.5461e-06,1
32.622,3.4745e-05,1
32.623,6.5293e-05,1
32.623,8.2414e-05,1
32.624,8.9799e-05,1
32.624,8.8121e-05,1
32.625,7.8889e-05,1
32.625,6.009e-05,1
32.626,3.3234e-05,1
32.626,3.1891e-06,1
32.627,-2.182e-05,1
32.627,-4.4312e-05,1
32.628,-6.9993e-05,1
32.628,-8.5771e-05,1
32.629,-8.3421e-05,1
32.63,-7.5029e-05,1
32.63,-6.9322e-05,1
32.631,-6.0594e-05,1
32.631,-4.8508e-05,1
32.632,-3.8941e-05,1
32.632,-3.2731e-05,1
32.633,-2.6352e-05,1
32.633,-1.5106e-05,1
32.634,3.5248e-06,1
32.634,2.7863e-05,1
32.635,5.4551e-05,1
32.635,7.6204e-05,1
32.636,8.51e-05,1
32.636,8.5771e-05,1
32.637,8.9128e-05,1
32.637,9.2821e-05,1
32.638,9.8695e-05,1
32.638,0.00011246,1
32.639,0.00011884,1
32.639,9.1142e-05,1
32.64,4.8173e-05,1
32.64,2.9709e-05,1
32.641,3.4409e-05,1
32.641,4.0787e-05,1
32.642,2.5849e-05,1
32.642,-2.3499e-06,1
32.643,-1.561e-05,1
32.644,-8.896e-06,1
32.644,1.1582e-05,1
32.645,4.7501e-05,1
32.645,0.00010793,1
32.646,0.00017507,1
32.646,0.00021384,1
32.647,0.00021367,1
32.647,0.00019588,1
32.648,0.00017675,1
32.648,0.00015509,1
32.649,0.0001279,1
32.649,9.8695e-05,1
32.65,7.4693e-05,1
32.65,5.8915e-05,1
32.651,5.8915e-05,1
32.651,6.8986e-05,1
32.652,6.9993e-05,1
32.652,4.5487e-05,1
32.653,1.5106e-06,1
32.653,-3.7934e-05,1
32.654,-5.4551e-05,1
32.654,-5.6397e-05,1
32.655,-6.6804e-05,1
32.655,-9.5171e-05,1
32.656,-0.00013394,1
32.657,-0.00016852,1
32.657,-0.00018514,1
32.658,-0.00019101,1
32.658,-0.00018598,1
32.659,-0.00015207,1
32.659,-9.4499e-05,1
32.66,-4.4648e-05,1
32.66,-1.5946e-05,1
32.661,-1.6785e-07,1
32.661,1.6617e-05,1
32.662,4.0452e-05,1
32.662,5.7572e-05,1
32.663,4.7501e-05,1
32.663,1.091e-05,1
32.664,-2.9709e-05,1
32.664,-5.2033e-05,1
32.665,-4.213e-05,1
32.665,-1.0071e-05,1
32.666,2.5177e-05,1
32.666,5.6565e-05,1
32.667,7.9728e-05,1
32.667,9.0639e-05,1
32.668,9.4835e-05,1
32.668,8.3085e-05,1
32.669,4.683e-05,1
32.669,2.3163e-05,1
32.67,1.7792e-05,1
32.671,2.1317e-05,1
32.671,2.8534e-05,1
32.672,2.0981e-05,1
32.672,-7.3854e-06,1
32.673,-4.0116e-05,1
32.673,-5.5222e-05,1
32.674,-5.2033e-05,1
32.674,-4.4648e-05,1
32.675,-5.9251e-05,1
32.675,-9.6513e-05,1
32.676,-9.7017e-05,1
32.676,-3.4577e-05,1
32.677,4.4816e-05,1
32.677,0.00010524,1
32.678,0.00014485,1
32.678,0.00015492,1
32.679,0.00013747,1
32.679,0.00012689,1
32.68,0.00012807,1
32.68,0.00012337,1
32.681,0.00011766,1
32.681,0.00011229,1
32.682,0.00011044,1
32.682,7.5029e-05,1
32.683,-5.2537e-05,1
32.684,-0.00018245,1
32.684,-0.0001702,1
32.685,-7.8889e-05,1
32.685,-7.0161e-05,1
32.686,-0.00018279,1
32.686,-0.00032193,1
32.687,-0.00038236,1
32.687,-0.0003357,1
32.688,-0.00022341,1
32.688,-5.5222e-05,1
32.689,0.00018917,1
32.689,0.0004547,1
32.69,0.00064437,1
32.69,0.00068331,1
32.691,0.00054937,1
32.691,0.00032781,1
32.692,0.00015006,1
32.692,5.3544e-05,1
32.693,-1.7121e-05,1
32.693,-0.00011733,1
32.694,-0.00022055,1
32.694,-0.00027208,1
32.695,-0.00023935,1
32.695,-0.00013629,1
32.696,-2.8534e-06,1
32.696,0.00012186,1
32.697,0.00020998,1
32.698,0.00024254,1
32.698,0.00022441,1
32.699,0.00019554,1
32.699,0.00018682,1
32.7,0.00019655,1
32.7,0.00020864,1
32.701,0.00020914,1
32.701,0.00019319,1
32.702,0.0001707,1
32.702,0.00014922,1
32.703,0.00011783,1
32.703,7.5029e-05,1
32.704,3.3402e-05,1
32.704,-2.8534e-06,1
32.705,-3.0381e-05,1
32.705,-5.0187e-05,1
32.706,-6.4286e-05,1
32.706,-7.4357e-05,1
32.707,-8.426e-05,1
32.707,-8.9464e-05,1
32.708,-9.0135e-05,1
32.708,-9.131e-05,1
32.709,-9.2485e-05,1
32.709,-9.1981e-05,1
32.71,-8.9128e-05,1
32.711,-8.275e-05,1
32.711,-7.57e-05,1
32.712,-7.2679e-05,1
32.712,-7.2679e-05,1
32.713,-7.335e-05,1
32.713,-7.4357e-05,1
32.714,-7.4861e-05,1
32.714,-7.3854e-05,1
32.715,-6.9657e-05,1
32.715,-6.5293e-05,1
32.716,-6.3111e-05,1
32.716,-6.1601e-05,1
32.717,-5.623e-05,1
32.717,-4.9851e-05,1
32.718,-4.4144e-05,1
32.718,-4.062e-05,1
32.719,-3.978e-05,1
32.719,-3.9445e-05,1
32.72,-3.8773e-05,1
32.72,-3.978e-05,1
32.721,-4.4144e-05,1
32.721,-5.6397e-05,1
32.722,-6.8482e-05,1
32.722,-6.5965e-05,1
32.723,-5.153e-05,1
32.723,-4.1123e-05,1
32.724,-4.2634e-05,1
32.725,-5.069e-05,1
32.725,-5.5222e-05,1
32.726,-5.1698e-05,1
32.726,-4.0452e-05,1
32.727,-1.5274e-05,1
32.727,2.9038e-05,1
32.728,8.6107e-05,1
32.728,0.00014049,1
32.729,0.00017708,1
32.729,0.00019588,1
32.73,0.00020528,1
32.73,0.00020327,1
32.731,0.00018581,1
32.731,0.00015476,1
32.732,0.00011766,1
32.732,8.5771e-05,1
32.733,6.3111e-05,1
32.733,5.4047e-05,1
32.734,5.3376e-05,1
32.734,3.9445e-05,1
32.735,4.5319e-06,1
32.735,-4.5823e-05,1
32.736,-8.8289e-05,1
32.736,-0.00010675,1
32.737,-9.5003e-05,1
32.737,-5.3208e-05,1
32.738,-4.8676e-06,1
32.739,2.501e-05,1
32.739,3.5416e-05,1
32.74,4.683e-05,1
32.74,6.865e-05,1
32.741,9.5171e-05,1
32.741,0.00012706,1
32.742,0.00016197,1
32.742,0.00019638,1
32.743,0.00021669,1
32.743,0.00020058,1
32.744,0.00014653,1
32.744,9.4835e-05,1
32.745,7.5029e-05,1
32.745,6.4118e-05,1
32.746,3.8437e-05,1
32.746,4.1962e-06,1
32.747,-1.5274e-05,1
32.747,-1.5274e-05,1
32.748,-7.2175e-06,1
32.748,-6.8818e-06,1
32.749,-1.2253e-05,1
32.749,-1.1246e-05,1
32.75,-2.0813e-05,1
32.75,-7.3014e-05,1
32.751,-0.00014267,1
32.752,-0.00018732,1
32.752,-0.00018077,1
32.753,-0.00012975,1
32.753,-6.8482e-05,1
32.754,-1.796e-05,1
32.754,2.1988e-05,1
32.755,5.7572e-05,1
32.755,8.3421e-05,1
32.756,8.9128e-05,1
32.756,7.2175e-05,1
32.757,3.9445e-05,1
32.757,3.8605e-06,1
32.758,-1.9135e-05,1
32.758,-1.4603e-05,1
32.759,7.0497e-06,1
32.759,2.0645e-05,1
32.76,1.8631e-05,1
32.76,1.2924e-05,1
32.761,1.7121e-05,1
32.761,3.743e-05,1
32.762,7.7043e-05,1
32.762,0.00011044,1
32.763,9.3156e-05,1
32.763,3.1891e-05,1
32.764,-2.7863e-05,1
32.764,-8.0232e-05,1
32.765,-0.00012975,1
32.766,-0.00016667,1
32.766,-0.00017456,1
32.767,-0.00014401,1
32.767,-7.805e-05,1
32.768,9.9031e-06,1
32.768,9.9199e-05,1
32.769,0.00018447,1
32.769,0.00025261,1
32.77,0.0002845,1
32.77,0.00028215,1
32.771,0.00026134,1
32.771,0.00022441,1
32.772,0.000165,1
32.772,0.00010709,1
32.773,8.3757e-05,1
32.773,0.00010423,1
32.774,0.00014569,1
32.774,0.00015962,1
32.775,0.00011867,1
32.775,3.1724e-05,1
32.776,-7.2511e-05,1
32.776,-0.00015459,1
32.777,-0.00019168,1
32.777,-0.00017356,1
32.778,-0.00011296,1
32.779,-5.4047e-05,1
32.779,-2.652e-05,1
32.78,-2.2324e-05,1
32.78,-2.1653e-05,1
32.781,-8.5603e-06,1
32.781,2.6017e-05,1
32.782,9.4499e-05,1
32.782,0.00018497,1
32.783,0.00022928,1
32.783,0.0001754,1
32.784,8.3589e-05,1
32.784,2.8031e-05,1
32.785,7.2175e-06,1
32.785,-1.2253e-05,1
32.786,-4.2466e-05,1
32.786,-6.865e-05,1
32.787,-8.04e-05,1
32.787,-8.3589e-05,1
32.788,-8.1407e-05,1
32.788,-6.7979e-05,1
32.789,-5.388e-05,1
32.789,-6.1265e-05,1
32.79,-8.9128e-05,1
32.79,-0.00012303,1
32.791,-0.00014603,1
32.791,-0.00014318,1
32.792,-0.0001237,1
32.793,-0.00011095,1
32.793,-0.00010574,1
32.794,-9.3828e-05,1
32.794,-7.7211e-05,1
32.795,-7.1839e-05,1
32.795,-7.9896e-05,1
32.796,-8.6107e-05,1
32.796,-8.4932e-05,1
32.797,-8.275e-05,1
32.797,-4.9851e-05,1
32.798,3.7095e-05,1
32.798,0.00015375,1
32.799,0.00026017,1
32.799,0.00031405,1
32.8,0.0003033,1
32.8,0.00025496,1
32.801,0.00020964,1
32.801,0.00018984,1
32.802,0.00019051,1
32.802,0.0001984,1
32.803,0.00020444,1
32.803,0.00018849,1
32.804,0.00014385,1
32.804,8.6778e-05,1
32.805,3.7934e-05,1
32.806,7.5532e-06,1
32.806,-8.896e-06,1
32.807,-1.4939e-05,1
32.807,-1.4267e-05,1
32.808,-8.2246e-06,1
32.808,1.1749e-06,1
32.809,9.5674e-06,1
32.809,1.1078e-05,1
32.81,3.1891e-06,1
32.81,-9.5674e-06,1
32.811,-2.0645e-05,1
32.811,-2.8031e-05,1
32.812,-3.3234e-05,1
32.812,-4.2466e-05,1
32.813,-5.4047e-05,1
32.813,-6.2776e-05,1
32.814,-6.5629e-05,1
32.814,-6.4118e-05,1
32.815,-6.2104e-05,1
32.815,-6.1265e-05,1
32.816,-6.1936e-05,1
32.816,-6.0929e-05,1
32.817,-5.623e-05,1
32.817,-4.8508e-05,1
32.818,-4.0787e-05,1
32.819,-3.4409e-05,1
32.819,-2.8199e-05,1
32.82,-2.0981e-05,1
32.82,-1.1749e-05,1
32.821,-8.3925e-07,1
32.821,6.3783e-06,1
32.822,9.7353e-06,1
32.822,1.091e-05,1
32.823,8.2246e-06,1
32.823,3.357e-06,1
32.824,-1.6785e-07,1
32.824,-6.714e-07,1
32.825,1.8463e-06,1
32.825,6.3783e-06,1
32.826,9.2317e-06,1
32.826,7.8889e-06,1
32.827,5.8747e-06,1
32.827,8.2246e-06,1
32.828,1.2421e-05,1
32.828,1.4435e-05,1
32.829,1.5946e-05,1
32.829,2.9038e-05,1
32.83,5.2537e-05,1
32.83,6.9322e-05,1
32.831,6.6972e-05,1
32.831,4.2466e-05,1
32.832,7.2175e-06,1
32.833,-1.9471e-05,1
32.833,-3.9109e-05,1
32.834,-5.5222e-05,1
32.834,-5.4047e-05,1
32.835,-2.9374e-05,1
32.835,1.0239e-05,1
32.836,5.0858e-05,1
32.836,7.805e-05,1
32.837,8.8121e-05,1
32.837,9.5842e-05,1
32.838,0.00011112,1
32.838,0.00012807,1
32.839,0.00014217,1
32.839,0.00014804,1
32.84,0.0001462,1
32.84,0.000142,1
32.841,0.00013277,1
32.841,0.00011531,1
32.842,9.1142e-05,1
32.842,6.6972e-05,1
32.843,5.1698e-05,1
32.843,4.2802e-05,1
32.844,2.6352e-05,1
32.844,-6.714e-06,1
32.845,-4.3305e-05,1
32.846,-6.5293e-05,1
32.846,-6.9154e-05,1
32.847,-6.4622e-05,1
32.847,-6.0594e-05,1
32.848,-6.3111e-05,1
32.848,-6.4958e-05,1
32.849,-5.6062e-05,1
32.849,-3.1556e-05,1
32.85,1.4939e-05,1
32.85,7.6036e-05,1
32.851,0.0001284,1
32.851,0.00015459,1
32.852,0.0001425,1
32.852,0.00010155,1
32.853,5.7237e-05,1
32.853,2.9206e-05,1
32.854,2.4002e-05,1
32.854,3.5416e-05,1
32.855,4.8005e-05,1
32.855,5.2537e-05,1
32.856,4.9683e-05,1
32.856,2.1317e-05,1
32.857,-4.0787e-05,1
32.857,-8.6275e-05,1
32.858,-9.752e-05,1
32.858,-9.7185e-05,1
32.859,-9.7185e-05,1
32.86,-8.9128e-05,1
32.86,-6.3615e-05,1
32.861,-2.9038e-05,1
32.861,5.8747e-06,1
32.862,5.5558e-05,1
32.862,0.0001331,1
32.863,0.00021334,1
32.863,0.00024892,1
32.864,0.00022542,1
32.864,0.00017171,1
32.865,0.0001227,1
32.865,7.8721e-05,1
32.866,3.1724e-05,1
32.866,-1.1582e-05,1
32.867,-3.6759e-05,1
32.867,-5.2033e-05,1
32.868,-6.63e-05,1
32.868,-6.8818e-05,1
32.869,-3.9277e-05,1
32.869,1.9974e-05,1
32.87,8.1743e-05,1
32.87,0.00011934,1
32.871,0.00012908,1
32.871,0.00011749,1
32.872,8.2918e-05,1
32.873,3.3402e-05,1
32.873,-1.4435e-05,1
32.874,-4.3137e-05,1
32.874,-4.5487e-05,1
32.875,-3.2395e-05,1
32.875,-2.0645e-05,1
32.876,-2.1317e-05,1
32.876,-2.7863e-05,1
32.877,-2.4338e-05,1
32.877,-1.091e-05,1
32.878,1.3428e-06,1
32.878,6.5461e-06,1
32.879,5.0355e-06,1
32.879,-3.357e-07,1
32.88,-7.7211e-06,1
32.88,-1.5106e-05,1
32.881,-2.6352e-05,1
32.881,-4.2634e-05,1
32.882,-5.3544e-05,1
32.882,-4.7501e-05,1
32.883,-2.8199e-05,1
32.883,-6.0426e-06,1
32.884,1.3092e-05,1
32.884,2.0813e-05,1
32.885,6.5461e-06,1
32.885,-2.7192e-05,1
32.886,-6.7475e-05,1
32.887,-0.00010021,1
32.887,-0.0001044,1
32.888,-7.5364e-05,1
32.888,-3.2395e-05,1
32.889,-3.0213e-06,1
32.889,-6.714e-07,1
32.89,-4.5319e-06,1
32.89,1.6785e-06,1
32.891,2.1317e-05,1
32.891,6.1265e-05,1
32.892,0.00010961,1
32.892,0.00013747,1
32.893,0.00012975,1
32.893,9.2485e-05,1
32.894,3.978e-05,1
32.894,-7.5532e-06,1
32.895,-3.1388e-05,1
32.895,-2.7863e-05,1
32.896,-1.3596e-05,1
32.896,-4.8676e-06,1
32.897,-3.357e-07,1
32.897,1.9806e-05,1
32.898,5.388e-05,1
32.898,6.9657e-05,1
32.899,5.7404e-05,1
32.9,3.3906e-05,1
32.9,2.4674e-05,1
32.901,3.6088e-05,1
32.901,5.7237e-05,1
32.902,7.2847e-05,1
32.902,7.335e-05,1
32.903,6.9657e-05,1
32.903,6.9993e-05,1
32.904,7.4189e-05,1
32.904,7.9225e-05,1
32.905,8.5267e-05,1
32.905,9.7856e-05,1
32.906,0.00011699,1
32.906,0.00012538,1
32.907,0.00010927,1
32.907,8.8457e-05,1
32.908,7.6371e-05,1
32.908,5.3544e-05,1
32.909,1.1917e-05,1
32.909,-2.7024e-05,1
32.91,-4.062e-05,1
32.91,-2.7695e-05,1
32.911,-7.5532e-06,1
32.911,5.0355e-06,1
32.912,1.0239e-05,1
32.912,1.1246e-05,1
32.913,4.5319e-06,1
32.914,-8.2246e-06,1
32.914,-2.3667e-05,1
32.915,-3.6927e-05,1
32.915,-3.0716e-05,1
32.916,6.2104e-06,1
32.916,5.069e-05,1
32.917,7.6539e-05,1
32.917,7.7379e-05,1
32.918,5.2705e-05,1
32.918,1.0575e-05,1
32.919,-2.887e-05,1
32.919,-4.9683e-05,1
32.92,-5.388e-05,1
32.92,-4.918e-05,1
32.921,-3.8773e-05,1
32.921,-2.7359e-05,1
32.922,-2.3667e-05,1
32.922,-3.1052e-05,1
32.923,-3.3066e-05,1
32.923,-1.9974e-05,1
32.924,-1.0239e-05,1
32.924,-1.8967e-05,1
32.925,-3.1891e-05,1
32.925,-3.0213e-05,1
32.926,-1.4267e-05,1
32.926,-7.3854e-06,1
32.927,-1.561e-05,1
32.928,-2.0981e-05,1
32.928,-2.0142e-05,1
32.929,-1.9135e-05,1
32.929,-8.5603e-06,1
32.93,1.2253e-05,1
32.93,2.887e-05,1
32.931,3.9612e-05,1
32.931,4.9851e-05,1
32.932,6.0594e-05,1
32.932,7.1336e-05,1
32.933,7.7211e-05,1
32.933,7.6371e-05,1
32.934,5.8412e-05,1
32.934,7.7211e-06,1
32.935,-5.9419e-05,1
32.935,-0.0001321,1
32.936,-0.0001895,1
32.936,-0.00020226,1
32.937,-0.00017356,1
32.937,-0.00014905,1
32.938,-0.00015224,1
32.938,-0.00014821,1
32.939,-0.00010877,1
32.939,-3.4913e-05,1
32.94,6.63e-05,1
32.941,0.00018447,1
32.941,0.0002929,1
32.942,0.00035198,1
32.942,0.00034359,1
32.943,0.00029155,1
32.943,0.00024691,1
32.944,0.00023214,1
32.944,0.00021938,1
32.945,0.00018212,1
32.945,0.00014418,1
32.946,0.00014133,1
32.946,0.00015929,1
32.947,0.00015543,1
32.947,0.00011699,1
32.948,6.7979e-05,1
32.948,2.031e-05,1
32.949,-3.3066e-05,1
32.949,-9.2821e-05,1
32.95,-0.00013982,1
32.95,-0.00015778,1
32.951,-0.00014653,1
32.951,-0.00011934,1
32.952,-9.5674e-05,1
32.952,-7.3014e-05,1
32.953,-4.0787e-05,1
32.953,-4.5319e-06,1
32.954,2.3163e-05,1
32.955,3.9612e-05,1
32.955,4.918e-05,1
32.956,5.2705e-05,1
32.956,4.3305e-05,1
32.957,2.2324e-05,1
32.957,1.6785e-07,1
32.958,-1.5946e-05,1
32.958,-2.4506e-05,1
32.959,-2.4002e-05,1
32.959,-1.5106e-05,1
32.96,-8.2246e-06,1
32.96,-3.6927e-06,1
32.961,9.0639e-06,1
32.961,2.501e-05,1
32.962,2.3331e-05,1
32.962,-8.3925e-07,1
32.963,-3.3066e-05,1
32.963,-6.9657e-05,1
32.964,-0.00011061,1
32.964,-0.00014536,1
32.965,-0.00015879,1
32.965,-0.00014334,1
32.966,-0.0001091,1
32.966,-4.2802e-05,1
32.967,5.2873e-05,1
32.968,0.00015644,1
32.968,0.00024422,1
32.969,0.00028736,1
32.969,0.00028014,1
32.97,0.00023919,1
32.97,0.00019319,1
32.971,0.00016097,1
32.971,0.00013008,1
32.972,9.1814e-05,1
32.972,5.4551e-05,1
32.973,2.7192e-05,1
32.973,8.3925e-07,1
32.974,-3.3066e-05,1
32.974,-6.9322e-05,1
32.975,-8.9464e-05,1
32.975,-7.1504e-05,1
32.976,-1.5778e-05,1
32.976,4.6494e-05,1
32.977,8.51e-05,1
32.977,9.4499e-05,1
32.978,8.0735e-05,1
32.978,5.4215e-05,1
32.979,3.2731e-05,1
32.979,3.0381e-05,1
32.98,3.7766e-05,1
32.98,4.5151e-05,1
32.981,5.0187e-05,1
32.982,4.5487e-05,1
32.982,4.5319e-06,1
32.983,-6.5965e-05,1
32.983,-0.00011548,1
32.984,-0.00011716,1
32.984,-8.6778e-05,1
32.985,-6.4622e-05,1
32.985,-7.2007e-05,1
32.986,-0.00010037,1
32.986,-0.00014301,1
32.987,-0.00020595,1
32.987,-0.0002553,1
32.988,-0.00024472,1
32.988,-0.00017943,1
32.989,-9.6178e-05,1
32.989,-2.7024e-05,1
32.99,3.0716e-05,1
32.99,9.1646e-05,1
32.991,0.00015425,1
32.991,0.00021032,1
32.992,0.00025211,1
32.992,0.00027376,1
32.993,0.00027376,1
32.993,0.00025362,1
32.994,0.00020964,1
32.995,0.00014469,1
32.995,7.7379e-05,1
32.996,3.5416e-05,1
32.996,2.7695e-05,1
32.997,3.8605e-05,1
32.997,5.4383e-05,1
32.998,7.2007e-05,1
32.998,8.0735e-05,1
32.999,8.3757e-05,1
32.999,8.5771e-05,1
33,7.7714e-05,1
33,5.4719e-05,1
33.001,3.3066e-05,1
33.001,2.0981e-05,1
33.002,3.1891e-06,1
33.002,-3.3066e-05,1
33.003,-7.7379e-05,1
33.003,-0.00010524,1
33.004,-0.00010742,1
33.004,-0.0001039,1
33.005,-0.00010944,1
33.005,-0.00011196,1
33.006,-0.00010457,1
33.006,-9.9199e-05,1
33.007,-0.00010222,1
33.008,-0.00010054,1
33.008,-7.5868e-05,1
33.009,-1.9303e-05,1
33.009,5.6733e-05,1
33.01,0.00012673,1
33.01,0.00016231,1
33.011,0.00015929,1
33.011,0.00014049,1
33.012,0.00012169,1
33.012,9.0135e-05,1
33.013,2.8031e-05,1
33.013,-5.2201e-05,1
33.014,-0.00011582,1
33.014,-0.00014603,1
33.015,-0.00014485,1
33.015,-0.00012673,1
33.016,-0.00011699,1
33.016,-0.00012723,1
33.017,-0.00012454,1
33.017,-6.4622e-05,1
33.018,3.8437e-05,1
33.018,0.0001321,1
33.019,0.00018917,1
33.019,0.00021401,1
33.02,0.00021048,1
33.02,0.00018363,1
33.021,0.00014653,1
33.022,0.0001086,1
33.022,7.335e-05,1
33.023,4.8173e-05,1
33.023,4.2802e-05,1
33.024,5.0523e-05,1
33.024,5.9922e-05,1
33.025,6.2608e-05,1
33.025,5.9586e-05,1
33.026,5.0187e-05,1
33.026,3.3738e-05,1
33.027,2.0142e-05,1
33.027,1.8296e-05,1
33.028,2.8534e-06,1
33.028,-4.5319e-05,1
33.029,-9.8863e-05,1
33.029,-0.00012454,1
33.03,-0.00011699,1
33.03,-9.1981e-05,1
33.031,-6.3615e-05,1
33.031,-3.1556e-05,1
33.032,1.5778e-05,1
33.032,5.6901e-05,1
33.033,7.7043e-05,1
33.033,9.9199e-05,1
33.034,0.0001284,1
33.035,0.00014955,1
33.035,0.00015476,1
33.036,0.00014586,1
33.036,0.00011128,1
33.037,4.1123e-05,1
33.037,-1.0575e-05,1
33.038,1.1749e-06,1
33.038,5.4887e-05,1
33.039,9.7185e-05,1
33.039,9.8863e-05,1
33.04,7.3182e-05,1
33.04,4.4144e-05,1
33.041,2.4002e-05,1
33.041,2.0645e-05,1
33.042,3.4409e-05,1
33.042,6.3279e-05,1
33.043,8.7953e-05,1
33.043,8.51e-05,1
33.044,5.0523e-05,1
33.044,5.2033e-06,1
33.045,-1.2589e-05,1
33.045,-1.6785e-06,1
33.046,1.1749e-06,1
33.046,-3.6423e-05,1
33.047,-9.8863e-05,1
33.047,-0.00016231,1
33.048,-0.0002172,1
33.049,-0.00024405,1
33.049,-0.00023935,1
33.05,-0.00021367,1
33.05,-0.0001702,1
33.051,-0.00011196,1
33.051,-6.1433e-05,1
33.052,-2.7024e-05,1
33.052,7.5532e-06,1
33.053,6.2272e-05,1
33.053,0.00014838,1
33.054,0.00025396,1
33.054,0.00033016,1
33.055,0.00034594,1
33.055,0.0003211,1
33.056,0.00027729,1
33.056,0.00021602,1
33.057,0.00013948,1
33.057,5.3208e-05,1
33.058,-2.8199e-05,1
33.058,-8.5267e-05,1
33.059,-0.00011128,1
33.059,-0.00011733,1
33.06,-0.00012404,1
33.06,-0.00014318,1
33.061,-0.00017003,1
33.062,-0.0002219,1
33.062,-0.0003221,1
33.063,-0.00044665,1
33.063,-0.00057639,1
33.064,-0.00063212,1
33.064,-0.00058328,1
33.065,-0.00050489,1
33.065,-0.00047266,1
33.066,-0.00046561,1
33.066,-0.00040636,1
33.067,-0.0002501,1
33.067,-3.6927e-05,1
33.068,0.00016986,1
33.068,0.00041341,1
33.069,0.0007293,1
33.069,0.00099954,1
33.07,0.0010392,1
33.07,0.00086526,1
33.071,0.00064874,1
33.071,0.00048794,1
33.072,0.00038253,1
33.072,0.00029256,1
33.073,0.00028299,1
33.073,0.00034627,1
33.074,0.00036239,1
33.074,0.00029071,1
33.075,0.00019471,1
33.076,0.00014553,1
33.076,0.00016483,1
33.077,0.00022206,1
33.077,0.0002751,1
33.078,0.00030196,1
33.078,0.00030834,1
33.079,0.00030733,1
33.079,0.00029592,1
33.08,0.00025832,1
33.08,0.00016281,1
33.081,1.9974e-05,1
33.081,-0.00011313,1
33.082,-0.00020964,1
33.082,-0.00029709,1
33.083,-0.00038521,1
33.083,-0.00043272,1
33.084,-0.00043087,1
33.084,-0.00042231,1
33.085,-0.00042802,1
33.085,-0.00040452,1
33.086,-0.00031572,1
33.086,-0.00019051,1
33.087,-6.8986e-05,1
33.087,3.2731e-05,1
33.088,0.00012186,1
33.089,0.00020914,1
33.089,0.00025765,1
33.09,0.00026621,1
33.09,0.00024926,1
33.091,0.00020092,1
33.091,0.00012874,1
33.092,4.0452e-05,1
33.092,-5.3544e-05,1
33.093,-0.00012807,1
33.093,-0.00015946,1
33.094,-0.00021837,1
33.094,-0.00036944,1
33.095,-0.00050976,1
33.095,-0.0005064,1
33.096,-0.00037749,1
33.096,-0.00026738,1
33.097,-0.00025597,1
33.097,-0.00027712,1
33.098,-0.0002177,1
33.098,-6.0929e-05,1
33.099,9.7185e-05,1
33.099,0.00019437,1
33.1,0.00027108,1
33.1,0.00036843,1
33.101,0.00045303,1
33.101,0.00047619,1
33.102,0.00043188,1
33.103,0.00033519,1
33.103,0.00022979,1
33.104,0.00014217,1
33.104,7.2679e-05,1
33.105,1.7288e-05,1
33.105,-1.6953e-05,1
33.106,-3.5752e-05,1
33.106,-4.8005e-05,1
33.107,-5.8076e-05,1
33.107,-6.949e-05,1
33.108,-7.9057e-05,1
33.108,-8.3925e-05,1
33.109,-8.5771e-05,1
33.109,-8.661e-05,1
33.11,-9.0471e-05,1
33.11,-0.00011061,1
33.111,-0.00015056,1
33.111,-0.00018531,1
33.112,-0.00019336,1
33.112,-0.00017675,1
33.113,-0.00015727,1
33.113,-0.00015258,1
33.114,-0.0001519,1
33.114,-0.00013378,1
33.115,-9.4163e-05,1
33.115,-3.6088e-05,1
33.116,3.3402e-05,1
33.117,9.6178e-05,1
33.117,0.00013562,1
33.118,0.0001415,1
33.118,0.00011649,1
33.119,7.4022e-05,1
33.119,3.4409e-05,1
33.12,1.0575e-05,1
33.12,-1.8463e-06,1
33.121,-7.8889e-06,1
33.121,-1.7288e-05,1
33.122,-2.501e-05,1
33.122,-8.896e-06,1
33.123,4.3305e-05,1
33.123,0.00011901,1
33.124,0.00017708,1
33.124,0.00020528,1
33.125,0.00021401,1
33.125,0.00019487,1
33.126,0.00013277,1
33.126,5.7237e-05,1
33.127,2.3331e-05,1
33.127,4.0116e-05,1
33.128,5.8747e-05,1
33.128,3.9445e-05,1
33.129,-6.0426e-06,1
33.13,-6.2272e-05,1
33.13,-0.00017742,1
33.131,-0.00034006,1
33.131,-0.00041979,1
33.132,-0.00036608,1
33.132,-0.00023969,1
33.133,-0.00011162,1
33.133,-2.031e-05,1
33.134,5.8579e-05,1
33.134,0.00017238,1
33.135,0.00030398,1
33.135,0.00037548,1
33.136,0.00036709,1
33.136,0.00032882,1
33.137,0.00029256,1
33.137,0.00024422,1
33.138,0.0001744,1
33.138,0.00010927,1
33.139,6.7643e-05,1
33.139,2.8702e-05,1
33.14,-1.0575e-05,1
33.14,-1.2924e-05,1
33.141,9.2317e-06,1
33.141,-6.5461e-06,1
33.142,-4.9851e-05,1
33.142,-5.4215e-05,1
33.143,-2.182e-06,1
33.144,7.2007e-05,1
33.144,0.00013478,1
33.145,0.00019084,1
33.145,0.00027376,1
33.146,0.00037716,1
33.146,0.00044295,1
33.147,0.00044732,1
33.147,0.00040603,1
33.148,0.00034073,1
33.148,0.00026134,1
33.149,0.00017775,1
33.149,0.00012471,1
33.15,8.5603e-05,1
33.15,1.5106e-06,1
33.151,-0.00012874,1
33.151,-0.00021334,1
33.152,-0.00015979,1
33.152,-3.5752e-05,1
33.153,5.8747e-06,1
33.153,-7.7714e-05,1
33.154,-0.0002182,1
33.154,-0.0003404,1
33.155,-0.000402,1
33.155,-0.00036994,1
33.156,-0.00025194,1
33.157,-0.00010172,1
33.157,2.266e-05,1
33.158,9.0135e-05,1
33.158,0.00010088,1
33.159,0.00011061,1
33.159,0.00014166,1
33.16,0.00016181,1
33.16,0.00012438,1
33.161,3.8773e-05,1
33.161,-5.4047e-05,1
33.162,-0.00015157,1
33.162,-0.00021871,1
33.163,-0.00025312,1
33.163,-0.0002929,1
33.164,-0.00035651,1
33.164,-0.00040233,1
33.165,-0.00039008,1
33.165,-0.00032193,1
33.166,-0.00018279,1
33.166,2.0645e-05,1
33.167,0.00019991,1
33.167,0.00025933,1
33.168,0.00022055,1
33.168,0.00017104,1
33.169,0.00010893,1
33.169,2.8702e-05,1
33.17,-2.2828e-05,1
33.171,-3.7766e-05,1
33.171,-1.8296e-05,1
33.172,7.0665e-05,1
33.172,0.00023281,1
33.173,0.00040536,1
33.173,0.00051463,1
33.174,0.00051815,1
33.174,0.00043255,1
33.175,0.00030851,1
33.175,0.000189,1
33.176,9.8863e-05,1
33.176,3.6255e-05,1
33.177,-4.3641e-06,1
33.177,-2.6352e-05,1
33.178,-3.6591e-05,1
33.178,-4.1459e-05,1
33.179,-3.592e-05,1
33.179,-1.7624e-05,1
33.18,-1.0239e-05,1
33.18,-2.2324e-05,1
33.181,-4.0787e-05,1
33.181,-6.7811e-05,1
33.182,-0.00010809,1
33.182,-0.00014754,1
33.183,-0.00016651,1
33.184,-0.00015929,1
33.184,-0.000142,1
33.185,-0.00012673,1
33.185,-0.00011078,1
33.186,-8.9464e-05,1
33.186,-6.1265e-05,1
33.187,-2.6688e-05,1
33.187,1.0575e-05,1
33.188,4.0787e-05,1
33.188,5.4887e-05,1
33.189,4.5823e-05,1
33.189,1.796e-05,1
33.19,-7.5532e-06,1
33.19,-2.1653e-05,1
33.191,-2.9038e-05,1
33.191,-3.6591e-05,1
33.192,-5.0019e-05,1
33.192,-7.6707e-05,1
33.193,-0.00011128,1
33.193,-0.00010793,1
33.194,-3.8437e-05,1
33.194,1.8463e-06,1
33.195,-0.00010893,1
33.195,-0.00032093,1
33.196,-0.00046578,1
33.197,-0.00049415,1
33.197,-0.00044245,1
33.198,-0.00034493,1
33.198,-0.00021468,1
33.199,-8.4428e-05,1
33.199,-2.2995e-05,1
33.2,-8.896e-06,1
33.2,4.9348e-05,1
33.201,0.00019907,1
33.201,0.00039696,1
33.202,0.00055608,1
33.202,0.00061718,1
33.203,0.00059301,1
33.203,0.0005393,1
33.204,0.00051614,1
33.204,0.00054534,1
33.205,0.00057421,1
33.205,0.00055441,1
33.206,0.00048055,1
33.206,0.00036574,1
33.207,0.00023012,1
33.207,0.00010793,1
33.208,1.8296e-05,1
33.208,-5.153e-05,1
33.209,-0.00010474,1
33.209,-0.00013478,1
33.21,-0.00014603,1
33.211,-0.00012622,1
33.211,-8.4092e-05,1
33.212,-7.0832e-05,1
33.212,-0.00010239,1
33.213,-0.00014183,1
33.213,-0.00013344,1
33.214,-7.2007e-05,1
33.214,-5.2033e-06,1
33.215,2.4506e-05,1
33.215,8.896e-06,1
33.216,-3.978e-05,1
33.216,-0.00011498,1
33.217,-0.00019857,1
33.217,-0.00027141,1
33.218,-0.000307,1
33.218,-0.00028534,1
33.219,-0.0002219,1
33.219,-0.00015409,1
33.22,-9.987e-05,1
33.22,-2.9038e-05,1
33.221,4.9851e-05,1
33.221,9.5674e-05,1
33.222,0.00012589,1
33.222,0.00016751,1
33.223,0.0001942,1
33.224,0.00018245,1
33.224,0.00015828,1
33.225,0.00015677,1
33.225,0.00016265,1
33.226,0.00015207,1
33.226,0.0001227,1
33.227,8.1239e-05,1
33.227,4.1459e-05,1
33.228,1.2589e-05,1
33.228,-7.5532e-06,1
33.229,-2.8367e-05,1
33.229,-4.9851e-05,1
33.23,-6.0594e-05,1
33.23,-6.0929e-05,1
33.231,-6.7308e-05,1
33.231,-7.8721e-05,1
33.232,-0.00010323,1
33.232,-0.00014166,1
33.233,-0.0001702,1
33.233,-0.00017842,1
33.234,-0.0001754,1
33.234,-0.00015962,1
33.235,-0.00012538,1
33.235,-7.3182e-05,1
33.236,-1.1246e-05,1
33.236,5.3376e-05,1
33.237,0.00012454,1
33.238,0.00019588,1
33.238,0.00024791,1
33.239,0.00027175,1
33.239,0.00025631,1
33.24,0.00020192,1
33.24,0.0001331,1
33.241,8.0735e-05,1
33.241,4.6662e-05,1
33.242,1.9135e-05,1
33.242,-1.3092e-05,1
33.243,-5.2537e-05,1
33.243,-8.6778e-05,1
33.244,-0.00010138,1
33.244,-0.00010289,1
33.245,-9.6345e-05,1
33.245,-7.6707e-05,1
33.246,-4.5823e-05,1
33.246,-1.5274e-05,1
33.247,8.3925e-06,1
33.247,2.6184e-05,1
33.248,3.9948e-05,1
33.248,4.5487e-05,1
33.249,4.448e-05,1
33.249,4.6159e-05,1
33.25,5.4215e-05,1
33.251,5.0858e-05,1
33.251,2.9038e-05,1
33.252,3.1891e-06,1
33.252,-1.8296e-05,1
33.253,-2.887e-05,1
33.253,-2.4338e-05,1
33.254,-1.091e-05,1
33.254,4.3809e-05,1
33.255,0.00015828,1
33.255,0.00026906,1
33.256,0.000308,1
33.256,0.00027745,1
33.257,0.00021199,1
33.257,0.00012538,1
33.258,-5.0355e-06,1
33.258,-0.00015425,1
33.259,-0.00023868,1
33.259,-0.00021904,1
33.26,-0.00015459,1
33.26,-0.00011464,1
33.261,-8.7617e-05,1
33.261,-3.592e-05,1
33.262,4.3305e-05,1
33.262,0.00012706,1
33.263,0.00020226,1
33.263,0.00026822,1
33.264,0.00030465,1
33.265,0.00026688,1
33.265,0.0001603,1
33.266,4.7501e-05,1
33.266,-2.887e-05,1
33.267,-6.1097e-05,1
33.267,-5.9251e-05,1
33.268,-4.9012e-05,1
33.268,-6.5965e-05,1
33.269,-0.00010574,1
33.269,-0.00010491,1
33.27,-2.9206e-05,1
33.27,6.1433e-05,1
33.271,0.00010759,1
33.271,0.00010977,1
33.272,8.4764e-05,1
33.272,5.388e-05,1
33.273,5.0858e-05,1
33.273,8.04e-05,1
33.274,9.1814e-05,1
33.274,4.4144e-05,1
33.275,-6.6804e-05,1
33.275,-0.00024372,1
33.276,-0.00044027,1
33.276,-0.00052486,1
33.277,-0.00043288,1
33.278,-0.00026201,1
33.278,-0.00013545,1
33.279,-8.426e-05,1
33.279,-4.3473e-05,1
33.28,4.3137e-05,1
33.28,0.00017288,1
33.281,0.0003268,1
33.281,0.00049767,1
33.282,0.00062692,1
33.282,0.00061215,1
33.283,0.0004584,1
33.283,0.00028249,1
33.284,0.0001561,1
33.284,7.57e-05,1
33.285,4.0787e-05,1
33.285,5.4719e-05,1
33.286,8.4428e-05,1
33.286,8.5771e-05,1
33.287,5.8915e-05,1
33.287,3.6088e-05,1
33.288,3.9277e-05,1
33.288,6.4622e-05,1
33.289,8.275e-05,1
33.289,7.3014e-05,1
33.29,4.2802e-05,1
33.29,7.5532e-06,1
33.291,-3.2395e-05,1
33.292,-7.4693e-05,1
33.292,-0.0001133,1
33.293,-0.00014083,1
33.293,-0.00015476,1
33.294,-0.00015761,1
33.294,-0.00014754,1
33.295,-0.00012807,1
33.295,-0.00012404,1
33.296,-0.00014704,1
33.296,-0.00017305,1
33.297,-0.00018463,1
33.297,-0.00017104,1
33.298,-0.0001232,1
33.298,-5.5894e-05,1
33.299,1.8296e-05,1
33.299,7.9561e-05,1
33.3,9.9031e-05,1
33.3,8.4428e-05,1
33.301,8.2078e-05,1
33.301,0.00011934,1
33.302,0.00013663,1
33.302,0.00010726,1
33.303,5.4887e-05,1
33.303,-1.8128e-05,1
33.304,-0.00010524,1
33.304,-0.00017339,1
33.305,-0.00019857,1
33.306,-0.00016399,1
33.306,-9.5674e-05,1
33.307,-4.8005e-05,1
33.307,-3.2395e-05,1
33.308,-3.122e-05,1
33.308,-3.0045e-05,1
33.309,2.0981e-05,1
33.309,0.00013814,1
33.31,0.00027745,1
33.31,0.00036843,1
33.311,0.00037699,1
33.311,0.00031774,1
33.312,0.00023751,1
33.312,0.00018379,1
33.313,0.00017473,1
33.313,0.00018917,1
33.314,0.00017809,1
33.314,0.00013042,1
33.315,6.8315e-05,1
33.315,4.0284e-06,1
33.316,-5.3712e-05,1
33.316,-0.00010306,1
33.317,-0.00014385,1
33.317,-0.00017876,1
33.318,-0.00022341,1
33.319,-0.00026268,1
33.319,-0.00027477,1
33.32,-0.00025664,1
33.32,-0.00022173,1
33.321,-0.0001843,1
33.321,-0.00015123,1
33.322,-0.00013462,1
33.322,-0.00012605,1
33.323,-9.8192e-05,1
33.323,-4.3305e-05,1
33.324,3.2731e-05,1
33.324,0.00011531,1
33.325,0.00019185,1
33.325,0.00024691,1
33.326,0.00026738,1
33.326,0.00024221,1
33.327,0.00018044,1
33.327,0.00011028,1
33.328,5.623e-05,1
33.328,1.7792e-05,1
33.329,-1.8296e-05,1
33.329,-5.3376e-05,1
33.33,-7.6875e-05,1
33.33,-8.4764e-05,1
33.331,-8.8792e-05,1
33.331,-0.00013243,1
33.332,-0.00021653,1
33.333,-0.00024892,1
33.333,-0.00019806,1
33.334,-0.00013176,1
33.334,-9.7017e-05,1
33.335,-7.3854e-05,1
33.335,-2.5681e-05,1
33.336,4.9851e-05,1
33.336,0.00012874,1
33.337,0.00021334,1
33.337,0.00030028,1
33.338,0.00037246,1
33.338,0.00042348,1
33.339,0.00044665,1
33.339,0.0004161,1
33.34,0.0003315,1
33.34,0.00022475,1
33.341,0.00012605,1
33.341,4.4816e-05,1
33.342,-1.2253e-05,1
33.342,-4.0116e-05,1
33.343,-4.448e-05,1
33.343,-4.0452e-05,1
33.344,-4.1794e-05,1
33.344,-4.7501e-05,1
33.345,-4.4144e-05,1
33.346,-2.6688e-05,1
33.346,-8.896e-06,1
33.347,-2.0142e-06,1
33.347,-5.539e-06,1
33.348,-1.2085e-05,1
33.348,-1.6281e-05,1
33.349,-1.1582e-05,1
33.349,-3.357e-06,1
33.35,-7.2175e-06,1
33.35,-3.0381e-05,1
33.351,-6.4958e-05,1
33.351,-9.5842e-05,1
33.352,-0.00011917,1
33.352,-0.00014653,1
33.353,-0.00018245,1
33.353,-0.00020813,1
33.354,-0.00020024,1
33.354,-0.00015627,1
33.355,-9.7353e-05,1
33.355,-4.7501e-05,1
33.356,-1.1917e-05,1
33.356,1.9471e-05,1
33.357,5.539e-05,1
33.357,7.2343e-05,1
33.358,5.1865e-05,1
33.358,3.7095e-05,1
33.359,5.5558e-05,1
33.36,9.0974e-05,1
33.36,0.0001227,1
33.361,0.00013562,1
33.361,0.00012136,1
33.362,7.3014e-05,1
33.362,1.1582e-05,1
33.363,-3.3738e-05,1
33.363,-4.8844e-05,1
33.364,-4.1459e-05,1
33.364,-3.4745e-05,1
33.365,-4.8173e-05,1
33.365,-9.2149e-05,1
33.366,-0.00013613,1
33.366,-0.00013193,1
33.367,-9.2821e-05,1
33.367,-6.6636e-05,1
33.368,-6.5965e-05,1
33.368,-8.2918e-05,1
33.369,-9.1478e-05,1
33.369,-7.4525e-05,1
33.37,-3.5752e-05,1
33.37,2.7863e-05,1
33.371,8.5771e-05,1
33.371,0.00011028,1
33.372,0.00012454,1
33.373,0.00017809,1
33.373,0.000284,1
33.374,0.00039696,1
33.374,0.00048995,1
33.375,0.00056213,1
33.375,0.00055306,1
33.376,0.00043758,1
33.376,0.00029659,1
33.377,0.00021317,1
33.377,0.00018027,1
33.378,0.00015291,1
33.378,0.00012052,1
33.379,0.0001274,1
33.379,0.00015425,1
33.38,0.00014905,1
33.38,0.00011095,1
33.381,5.4047e-05,1
33.381,-5.2033e-06,1
33.382,-5.9922e-05,1
33.382,-0.00011514,1
33.383,-0.00017205,1
33.383,-0.00021317,1
33.384,-0.00021418,1
33.384,-0.00017188,1
33.385,-0.00011363,1
33.386,-5.3208e-05,1
33.386,-2.2995e-05,1
33.387,-6.3951e-05,1
33.387,-0.0001994,1
33.388,-0.00034359,1
33.388,-0.00034879,1
33.389,-0.00022274,1
33.389,-0.00011901,1
33.39,-0.00013797,1
33.39,-0.00023532,1
33.391,-0.00031086,1
33.391,-0.00028803,1
33.392,-0.00015006,1
33.392,4.3473e-05,1
33.393,0.00021401,1
33.393,0.00032479,1
33.394,0.00036407,1
33.394,0.00031321,1
33.395,0.0001754,1
33.395,1.8463e-06,1
33.396,-0.00014217,1
33.396,-0.00021418,1
33.397,-0.00022341,1
33.397,-0.00019689,1
33.398,-0.00015828,1
33.398,-0.00010826,1
33.399,-4.062e-05,1
33.4,3.6423e-05,1
33.4,0.00011766,1
33.401,0.00021166,1
33.401,0.00031673,1
33.402,0.0003973,1
33.402,0.00041006,1
33.403,0.00035735,1
33.403,0.00026839,1
33.404,0.00017171,1
33.404,7.9225e-05,1
33.405,1.796e-05,1
33.405,-4.1962e-06,1
33.406,-6.714e-06,1
33.406,-4.1962e-06,1
33.407,-3.8605e-06,1
33.407,-8.2246e-06,1
33.408,-1.561e-05,1
33.408,-2.2324e-05,1
33.409,-3.1052e-05,1
33.409,-3.2731e-05,1
33.41,-2.5513e-05,1
33.41,-1.7624e-05,1
33.411,-1.7624e-05,1
33.411,-1.561e-05,1
33.412,-4.1962e-06,1
33.413,4.1962e-06,1
33.413,3.5248e-06,1
33.414,3.357e-07,1
33.414,-5.0355e-07,1
33.415,-1.6785e-07,1
33.415,-2.8534e-06,1
33.416,-1.0407e-05,1
33.416,-1.7624e-05,1
33.417,-1.9303e-05,1
33.417,-1.5778e-05,1
33.418,-1.2589e-05,1
33.418,-1.2253e-05,1
33.419,-1.2924e-05,1
33.419,-1.3596e-05,1
33.42,-1.4267e-05,1
33.42,-1.5274e-05,1
33.421,-1.7624e-05,1
33.421,-2.031e-05,1
33.422,-2.0478e-05,1
33.422,-1.9303e-05,1
33.423,-1.6953e-05,1
33.423,-1.4603e-05,1
33.424,-1.3092e-05,1
33.424,-1.2253e-05,1
33.425,-1.0575e-05,1
33.425,-9.9031e-06,1
33.426,-7.3854e-06,1
33.427,-2.0142e-06,1
33.427,3.8605e-06,1
33.428,6.8818e-06,1
33.428,3.1891e-06,1
33.429,-2.6856e-06,1
33.429,-2.5177e-06,1
33.43,3.357e-07,1
33.43,-2.182e-06,1
33.431,-6.2104e-06,1
33.431,6.3783e-06,1
33.432,3.7934e-05,1
33.432,6.4958e-05,1
33.433,6.8986e-05,1
33.433,4.448e-05,1
33.434,-6.3783e-06,1
33.434,-6.5293e-05,1
33.435,-0.00010491,1
33.435,-0.0001091,1
33.436,-8.7449e-05,1
33.436,-5.7404e-05,1
33.437,-2.7359e-05,1
33.437,2.8534e-06,1
33.438,3.4409e-05,1
33.438,7.6371e-05,1
33.439,0.0001331,1
33.44,0.00019168,1
33.44,0.00022542,1
33.441,0.00022777,1
33.441,0.00021384,1
33.442,0.00019202,1
33.442,0.00016667,1
33.443,0.00014485,1
33.443,0.00013529,1
33.444,0.00015492,1
33.444,0.00020696,1
33.445,0.00024422,1
33.445,0.00022123,1
33.446,0.00012505,1
33.446,-6.0426e-06,1
33.447,-0.00011934,1
33.447,-0.0001801,1
33.448,-0.00018413,1
33.448,-0.00016466,1
33.449,-0.00015207,1
33.449,-0.00016365,1
33.45,-0.00020293,1
33.45,-0.00024019,1
33.451,-0.00024472,1
33.451,-0.00021871,1
33.452,-0.00017305,1
33.452,-0.00012186,1
33.453,-7.5029e-05,1
33.454,-3.2563e-05,1
33.454,-5.0355e-07,1
33.455,2.1149e-05,1
33.455,5.7404e-05,1
33.456,0.0001133,1
33.456,0.00015023,1
33.457,0.00017574,1
33.457,0.00020259,1
33.458,0.00019756,1
33.458,0.00016835,1
33.459,0.0001603,1
33.459,0.00018614,1
33.46,0.00021569,1
33.46,0.00022055,1
33.461,0.00021233,1
33.461,0.00021132,1
33.462,0.00021468,1
33.462,0.00020394,1
33.463,0.00018245,1
33.463,0.00016667,1
33.464,0.00014166,1
33.464,7.0329e-05,1
33.465,-2.4674e-05,1
33.465,-8.1575e-05,1
33.466,-8.3925e-05,1
33.467,-6.1601e-05,1
33.467,-4.8341e-05,1
33.468,-5.6062e-05,1
33.468,-8.275e-05,1
33.469,-0.00012723,1
33.469,-0.00015929,1
33.47,-0.00015459,1
33.47,-0.00012589,1
33.471,-9.2988e-05,1
33.471,-6.3279e-05,1
33.472,-4.213e-05,1
33.472,-3.1891e-05,1
33.473,-2.5177e-05,1
33.473,-2.0142e-06,1
33.474,4.2802e-05,1
33.474,7.9728e-05,1
33.475,9.0806e-05,1
33.475,8.04e-05,1
33.476,5.5222e-05,1
33.476,2.9877e-05,1
33.477,2.1149e-05,1
33.477,3.9445e-05,1
33.478,8.2582e-05,1
33.478,0.00012421,1
33.479,0.00013344,1
33.479,0.00010591,1
33.48,6.0929e-05,1
33.481,1.8631e-05,1
33.481,-9.5674e-06,1
33.482,-3.4241e-05,1
33.482,-7.4525e-05,1
33.483,-0.00011833,1
33.483,-0.00013814,1
33.484,-0.00013227,1
33.484,-0.00011833,1
33.485,-0.00010423,1
33.485,-8.51e-05,1
33.486,-6.8147e-05,1
33.486,-6.4622e-05,1
33.487,-6.3615e-05,1
33.487,-4.5151e-05,1
33.488,-5.2033e-06,1
33.488,2.6352e-05,1
33.489,7.8889e-06,1
33.489,-5.9251e-05,1
33.49,-0.00012102,1
33.49,-0.00012975,1
33.491,-8.6275e-05,1
33.491,-1.7288e-05,1
33.492,5.2201e-05,1
33.492,0.00010893,1
33.493,0.00014217,1
33.493,0.00014922,1
33.494,0.00014871,1
33.495,0.00016097,1
33.495,0.00018782,1
33.496,0.00020964,1
33.496,0.00020427,1
33.497,0.00016735,1
33.497,0.00011749,1
33.498,7.57e-05,1
33.498,4.3809e-05,1
33.499,1.1582e-05,1
33.499,-2.7359e-05,1
33.5,-6.5629e-05,1
33.5,-8.8457e-05,1
33.501,-7.4022e-05,1
33.501,-1.2589e-05,1
33.502,4.8005e-05,1
33.502,6.2104e-05,1
33.503,4.0452e-05,1
33.503,1.9135e-05,1
33.504,1.4603e-05,1
33.504,2.6856e-05,1
33.505,4.8844e-05,1
33.505,7.2007e-05,1
33.506,9.8192e-05,1
33.506,0.0001185,1
33.507,0.00012085,1
33.508,0.00010172,1
33.508,5.4215e-05,1
33.509,-3.2395e-05,1
33.509,-0.00013462,1
33.51,-0.00020159,1
33.51,-0.00021149,1
33.511,-0.00017842,1
33.511,-0.00012908,1
33.512,-7.4022e-05,1
33.512,-2.1653e-05,1
33.513,2.4674e-05,1
33.513,7.4525e-05,1
33.514,0.00013613,1
33.514,0.00019219,1
33.515,0.0002172,1
33.515,0.00019588,1
33.516,0.00013881,1
33.516,7.9057e-05,1
33.517,3.6423e-05,1
33.517,1.2589e-05,1
33.518,4.5319e-06,1
33.518,1.1582e-05,1
33.519,2.9038e-05,1
33.519,4.0116e-05,1
33.52,3.5752e-05,1
33.52,1.6785e-05,1
33.521,-3.5248e-06,1
33.522,-1.5946e-05,1
33.522,-2.5513e-05,1
33.523,-4.1962e-05,1
33.523,-6.1769e-05,1
33.524,-7.5364e-05,1
33.524,-8.2246e-05,1
33.525,-9.2988e-05,1
33.525,-0.00010457,1
33.526,-7.805e-05,1
33.526,-1.0239e-05,1
33.527,3.743e-05,1
33.527,-2.5177e-06,1
33.528,-0.00010188,1
33.528,-0.00016349,1
33.529,-0.00014687,1
33.529,-8.8121e-05,1
33.53,-4.4312e-05,1
33.53,-2.7695e-05,1
33.531,-2.031e-05,1
33.531,-5.539e-06,1
33.532,2.0478e-05,1
33.532,4.4816e-05,1
33.533,6.4958e-05,1
33.533,9.2149e-05,1
33.534,0.00010893,1
33.535,9.5506e-05,1
33.535,6.4286e-05,1
33.536,5.4215e-05,1
33.536,8.2246e-05,1
33.537,0.00013075,1
33.537,0.00016869,1
33.538,0.00017809,1
33.538,0.00017154,1
33.539,0.00016063,1
33.539,0.00014351,1
33.54,0.00013277,1
33.54,0.00014586,1
33.541,0.00018782,1
33.541,0.00023247,1
33.542,0.00023919,1
33.542,0.0001942,1
33.543,0.00011498,1
33.543,3.4073e-05,1
33.544,-2.6688e-05,1
33.544,-6.1601e-05,1
33.545,-6.8818e-05,1
33.545,-5.388e-05,1
33.546,-3.6423e-05,1
33.546,-2.7359e-05,1
33.547,-3.2059e-05,1
33.547,-5.388e-05,1
33.548,-7.7882e-05,1
33.549,-8.7282e-05,1
33.549,-8.1575e-05,1
33.55,-6.7308e-05,1
33.55,-5.2369e-05,1
33.551,-4.7837e-05,1
33.551,-4.7333e-05,1
33.552,-3.6423e-05,1
33.552,-1.7288e-05,1
33.553,-4.8676e-06,1
33.553,1.6785e-07,1
33.554,1.6953e-05,1
33.554,5.7572e-05,1
33.555,0.00010675,1
33.555,0.0001368,1
33.556,0.00014133,1
33.556,0.00012807,1
33.557,9.9535e-05,1
33.557,5.1698e-05,1
33.558,-5.8747e-06,1
33.558,-6.3615e-05,1
33.559,-0.00012001,1
33.559,-0.00016936,1
33.56,-0.00020696,1
33.56,-0.00022542,1
33.561,-0.00021804,1
33.562,-0.00018715,1
33.562,-0.00013646,1
33.563,-7.335e-05,1
33.563,-1.1749e-05,1
33.564,4.7669e-05,1
33.564,0.00010591,1
33.565,0.00015358,1
33.565,0.00018866,1
33.566,0.00020897,1
33.566,0.00020763,1
33.567,0.0001791,1
33.567,0.00013478,1
33.568,9.7353e-05,1
33.568,7.5532e-05,1
33.569,6.1769e-05,1
33.569,4.683e-05,1
33.57,3.2059e-05,1
33.57,2.2828e-05,1
33.571,1.7624e-05,1
33.571,5.2033e-06,1
33.572,-1.5106e-05,1
33.572,-2.7192e-05,1
33.573,-8.5603e-06,1
33.573,3.508e-05,1
33.574,7.3014e-05,1
33.575,8.2078e-05,1
33.575,6.3783e-05,1
33.576,4.4144e-05,1
33.576,3.8773e-05,1
33.577,3.743e-05,1
33.577,2.7695e-05,1
33.578,8.5603e-06,1
33.578,-1.3092e-05,1
33.579,-4.3809e-05,1
33.579,-9.4499e-05,1
33.58,-0.00014284,1
33.58,-0.00015946,1
33.581,-0.00013529,1
33.581,-9.4667e-05,1
33.582,-8.2078e-05,1
33.582,-9.7185e-05,1
33.583,-0.00010155,1
33.583,-7.8386e-05,1
33.584,-4.0116e-05,1
33.584,8.2246e-06,1
33.585,6.6972e-05,1
33.585,0.00012354,1
33.586,0.00016483,1
33.586,0.00018296,1
33.587,0.00016617,1
33.587,0.00011263,1
33.588,3.743e-05,1
33.589,-3.6423e-05,1
33.589,-8.2246e-05,1
33.59,-9.2821e-05,1
33.59,-8.0064e-05,1
33.591,-6.7643e-05,1
33.591,-6.3951e-05,1
33.592,-5.8579e-05,1
33.592,-4.7501e-05,1
33.593,-1.8967e-05,1
33.593,3.6423e-05,1
33.594,0.0001185,1
33.594,0.00021065,1
33.595,0.00029592,1
33.595,0.00033519,1
33.596,0.00026906,1
33.596,0.00011968,1
33.597,-1.2589e-05,1
33.597,-6.865e-05,1
33.598,-6.2104e-05,1
33.598,-3.6088e-05,1
33.599,-1.9806e-05,1
33.599,-1.1749e-05,1
33.6,6.5461e-06,1
33.6,4.4816e-05,1
33.601,9.8527e-05,1
33.602,0.00015509,1
33.602,0.00019084,1
33.603,0.000189,1
33.603,0.00016416,1
33.604,0.00012723,1
33.604,7.7043e-05,1
33.605,2.3835e-05,1
33.605,-1.091e-05,1
33.606,-1.1246e-05,1
33.606,1.8631e-05,1
33.607,4.7166e-05,1
33.607,3.5416e-05,1
33.608,-2.0645e-05,1
33.608,-7.805e-05,1
33.609,-0.00011699,1
33.609,-0.00013495,1
33.61,-0.00012924,1
33.61,-0.0001086,1
33.611,-8.3421e-05,1
33.611,-5.774e-05,1
33.612,-2.8534e-05,1
33.612,1.2085e-05,1
33.613,5.8412e-05,1
33.613,0.00010088,1
33.614,0.00013646,1
33.614,0.00016265,1
33.615,0.00018077,1
33.616,0.00019554,1
33.616,0.00019437,1
33.617,0.00016298,1
33.617,8.8457e-05,1
33.618,-1.5274e-05,1
33.618,-0.00010558,1
33.619,-0.0001655,1
33.619,-0.00020192,1
33.62,-0.00022072,1
33.62,-0.00022039,1
33.621,-0.00019705,1
33.621,-0.00015157,1
33.622,-8.8121e-05,1
33.622,-2.6352e-05,1
33.623,1.8296e-05,1
33.623,6.0929e-05,1
33.624,0.00011246,1
33.624,0.00014083,1
33.625,0.00013613,1
33.625,0.00013344,1
33.626,0.00016063,1
33.626,0.00019857,1
33.627,0.0002088,1
33.627,0.0001744,1
33.628,0.00011649,1
33.629,7.4022e-05,1
33.629,5.3376e-05,1
33.63,3.8605e-06,1
33.63,-7.57e-05,1
33.631,-0.00011749,1
33.631,-9.752e-05,1
33.632,-5.2201e-05,1
33.632,-2.3331e-05,1
33.633,-2.3499e-05,1
33.633,-3.8605e-05,1
33.634,-5.6565e-05,1
33.634,-6.7475e-05,1
33.635,-6.9322e-05,1
33.635,-6.3279e-05,1
33.636,-5.0858e-05,1
33.636,-3.3738e-05,1
33.637,-1.1749e-05,1
33.637,1.5946e-05,1
33.638,4.9516e-05,1
33.638,8.6442e-05,1
33.639,0.00011397,1
33.639,0.00011783,1
33.64,0.00010423,1
33.64,9.5674e-05,1
33.641,0.00010138,1
33.641,0.00011162,1
33.642,0.00011313,1
33.643,9.7856e-05,1
33.643,7.0161e-05,1
33.644,4.0787e-05,1
33.644,1.7121e-05,1
33.645,1.5106e-06,1
33.645,-5.539e-06,1
33.646,-9.5674e-06,1
33.646,-1.9135e-05,1
33.647,-3.0381e-05,1
33.647,-3.7095e-05,1
33.648,-4.2466e-05,1
33.648,-4.9851e-05,1
33.649,-5.4047e-05,1
33.649,-5.6565e-05,1
33.65,-5.5222e-05,1
33.65,-4.8341e-05,1
33.651,-4.3137e-05,1
33.651,-4.3641e-05,1
33.652,-4.6159e-05,1
33.652,-4.3137e-05,1
33.653,-3.3066e-05,1
33.653,-2.3499e-05,1
33.654,-1.9638e-05,1
33.654,-1.9638e-05,1
33.655,-1.796e-05,1
33.656,-1.2589e-05,1
33.656,-3.5248e-06,1
33.657,8.896e-06,1
33.657,1.2924e-05,1
33.658,4.5319e-06,1
33.658,-4.5319e-06,1
33.659,-5.539e-06,1
33.659,6.714e-07,1
33.66,8.5603e-06,1
33.66,1.8799e-05,1
33.661,3.0381e-05,1
33.661,3.827e-05,1
33.662,3.978e-05,1
33.662,4.0116e-05,1
33.663,4.2802e-05,1
33.663,4.1962e-05,1
33.664,3.0716e-05,1
33.664,1.1246e-05,1
33.665,-1.6281e-05,1
33.665,-6.4118e-05,1
33.666,-0.00012555,1
33.666,-0.00016919,1
33.667,-0.0001697,1
33.667,-0.00013394,1
33.668,-8.275e-05,1
33.668,-3.2395e-05,1
33.669,1.1414e-05,1
33.67,4.9683e-05,1
33.67,8.5771e-05,1
33.671,0.00014183,1
33.671,0.00020528,1
33.672,0.00024523,1
33.672,0.00024959,1
33.673,0.00020897,1
33.673,0.00013344,1
33.674,5.7908e-05,1
33.674,1.7792e-05,1
33.675,2.4002e-05,1
33.675,5.8915e-05,1
33.676,9.0471e-05,1
33.676,9.6513e-05,1
33.677,9.1814e-05,1
33.677,8.5603e-05,1
33.678,7.8386e-05,1
33.678,6.3615e-05,1
33.679,3.7263e-05,1
33.679,1.0575e-05,1
33.68,3.5248e-06,1
33.68,2.2156e-05,1
33.681,6.5629e-05,1
33.681,0.00012941,1
33.682,0.00021736,1
33.682,0.0003033,1
33.683,0.00033855,1
33.684,0.00027762,1
33.684,0.00012908,1
33.685,-2.4338e-05,1
33.685,-0.00010642,1
33.686,-0.00011934,1
33.686,-0.00010625,1
33.687,-0.00010138,1
33.687,-0.00012958,1
33.688,-0.00019202,1
33.688,-0.00025177,1
33.689,-0.00026117,1
33.689,-0.00021787,1
33.69,-0.00016617,1
33.69,-0.00014553,1
33.691,-0.000142,1
33.691,-0.00011934,1
33.692,-4.5991e-05,1
33.692,9.0303e-05,1
33.693,0.00023079,1
33.693,0.0003258,1
33.694,0.00038119,1
33.694,0.00039109,1
33.695,0.00033452,1
33.695,0.00023616,1
33.696,0.00015358,1
33.697,0.00010155,1
33.697,5.7237e-05,1
33.698,3.6088e-05,1
33.698,5.6062e-05,1
33.699,0.00010105,1
33.699,0.00013176,1
33.7,0.00013663,1
33.7,0.00011867,1
33.701,6.7308e-05,1
33.701,8.5603e-06,1
33.702,-2.7359e-05,1
33.702,-3.1724e-05,1
33.703,-1.0239e-05,1
33.703,1.4603e-05,1
33.704,1.5274e-05,1
33.704,-1.8463e-05,1
33.705,-5.7237e-05,1
33.705,-7.0665e-05,1
33.706,-5.304e-05,1
33.706,-2.7024e-05,1
33.707,-4.213e-05,1
33.707,-8.2414e-05,1
33.708,-9.0806e-05,1
33.708,-6.7643e-05,1
33.709,-4.5487e-05,1
33.709,-2.501e-05,1
33.71,4.5319e-06,1
33.711,4.683e-05,1
33.711,0.00010121,1
33.712,0.00013109,1
33.712,8.3085e-05,1
33.713,-7.0832e-05,1
33.713,-0.0002798,1
33.714,-0.00042231,1
33.714,-0.00043742,1
33.715,-0.00039193,1
33.715,-0.00035047,1
33.716,-0.00034241,1
33.716,-0.00034829,1
33.717,-0.00028786,1
33.717,-0.00012068,1
33.718,0.00012102,1
33.718,0.00037749,1
33.719,0.00058764,1
33.719,0.00068516,1
33.72,0.00065646,1
33.72,0.00053527,1
33.721,0.00037565,1
33.721,0.00023247,1
33.722,0.00012253,1
33.722,4.4144e-05,1
33.723,-8.896e-06,1
33.724,-4.6494e-05,1
33.724,-5.8915e-05,1
33.725,-3.5416e-05,1
33.725,2.8534e-06,1
33.726,2.2156e-05,1
33.726,1.4267e-05,1
33.727,-1.1749e-06,1
33.727,-2.2156e-05,1
33.728,-5.8244e-05,1
33.728,-9.3156e-05,1
33.729,-0.00011464,1
33.729,-0.00011968,1
33.73,-0.00010742,1
33.73,-9.1981e-05,1
33.731,-9.601e-05,1
33.731,-0.00011565,1
33.732,-0.00012454,1
33.732,-0.00014166,1
33.733,-0.00020058,1
33.733,-0.00027225,1
33.734,-0.00030381,1
33.734,-0.00027074,1
33.735,-0.00020024,1
33.735,-0.00012958,1
33.736,-6.7308e-05,1
33.736,-7.3854e-06,1
33.737,5.1194e-05,1
33.738,0.00010893,1
33.738,0.00017003,1
33.739,0.00022878,1
33.739,0.00025715,1
33.74,0.00023885,1
33.74,0.00019387,1
33.741,0.00015593,1
33.741,0.00013814,1
33.742,0.00012538,1
33.742,0.00010726,1
33.743,9.0135e-05,1
33.743,7.7043e-05,1
33.744,5.9586e-05,1
33.744,2.9038e-05,1
33.745,-5.0355e-06,1
33.745,-2.6688e-05,1
33.746,-3.2395e-05,1
33.746,-3.2059e-05,1
33.747,-3.2563e-05,1
33.747,-2.7695e-05,1
33.748,-2.1988e-05,1
33.748,-2.5177e-05,1
33.749,-3.8941e-05,1
33.749,-4.9851e-05,1
33.75,-5.069e-05,1
33.751,-3.8437e-05,1
33.751,-1.9303e-05,1
33.752,-6.8818e-06,1
33.752,-8.7282e-06,1
33.753,-1.8967e-05,1
33.753,-2.3667e-05,1
33.754,-1.2421e-05,1
33.754,1.9471e-05,1
33.755,8.0064e-05,1
33.755,0.00016164,1
33.756,0.00023029,1
33.756,0.00025463,1
33.757,0.0002454,1
33.757,0.00022643,1
33.758,0.00020427,1
33.758,0.0001744,1
33.759,0.00013646,1
33.759,9.1142e-05,1
33.76,4.2802e-05,1
33.76,-1.1749e-06,1
33.761,-3.8605e-05,1
33.761,-6.2943e-05,1
33.762,-6.1936e-05,1
33.762,-3.8102e-05,1
33.763,-1.5778e-05,1
33.764,-1.4099e-05,1
33.764,-3.0549e-05,1
33.765,-5.2873e-05,1
33.765,-7.0161e-05,1
33.766,-8.8792e-05,1
33.766,-0.00011464,1
33.767,-0.0001326,1
33.767,-0.00012723,1
33.768,-9.9535e-05,1
33.768,-6.2272e-05,1
33.769,-3.0045e-05,1
33.769,-6.0426e-06,1
33.77,2.0645e-05,1
33.77,5.623e-05,1
33.771,9.5171e-05,1
33.771,0.00013545,1
33.772,0.00016684,1
33.772,0.00017356,1
33.773,0.00015895,1
33.773,0.00013629,1
33.774,0.00012136,1
33.774,0.00012337,1
33.775,0.00012052,1
33.775,9.0639e-05,1
33.776,4.3137e-05,1
33.776,1.8463e-06,1
33.777,-2.2324e-05,1
33.778,-3.4073e-05,1
33.778,-3.0045e-05,1
33.779,-1.2924e-05,1
33.779,-5.0355e-06,1
33.78,-1.1582e-05,1
33.78,-1.3092e-05,1
33.781,-5.2033e-06,1
33.781,-6.714e-06,1
33.782,-2.3667e-05,1
33.782,-4.8676e-05,1
33.783,-8.0232e-05,1
33.783,-0.00011833,1
33.784,-0.00014737,1
33.784,-0.0001425,1
33.785,-9.0471e-05,1
33.785,-5.539e-06,1
33.786,8.2582e-05,1
33.786,0.0001378,1
33.787,0.00014083,1
33.787,0.00011095,1
33.788,8.8457e-05,1
33.788,8.04e-05,1
33.789,5.8579e-05,1
33.789,2.9709e-05,1
33.79,2.0981e-05,1
33.791,3.2731e-05,1
33.791,4.9012e-05,1
33.792,6.8315e-05,1
33.792,9.9031e-05,1
33.793,0.00014083,1
33.793,0.0001791,1
33.794,0.00018682,1
33.794,0.00015811,1
33.795,0.00011498,1
33.795,6.8986e-05,1
33.796,1.0239e-05,1
33.796,-6.1936e-05,1
33.797,-0.00015375,1
33.797,-0.00027007,1
33.798,-0.00036004,1
33.798,-0.00036793,1
33.799,-0.00029776,1
33.799,-0.0001937,1
33.8,-0.00010373,1
33.8,-4.683e-05,1
33.801,-6.2104e-06,1
33.801,5.4887e-05,1
33.802,0.00015459,1
33.802,0.00026638,1
33.803,0.00035601,1
33.803,0.00042197,1
33.804,0.00045,1
33.805,0.00040636,1
33.805,0.00029055,1
33.806,0.00015526,1
33.806,5.3544e-05,1
33.807,1.091e-05,1
33.807,1.9303e-05,1
33.808,2.3331e-05,1
33.808,-2.417e-05,1
33.809,-7.7546e-05,1
33.809,-8.5267e-05,1
33.81,-7.4357e-05,1
33.81,-8.1239e-05,1
33.811,-9.6513e-05,1
33.811,-9.5842e-05,1
33.812,-6.7643e-05,1
33.812,-1.2589e-05,1
33.813,7.2343e-05,1
33.813,0.00018547,1
33.814,0.00028988,1
33.814,0.00031942,1
33.815,0.00025144,1
33.815,0.00014183,1
33.816,6.0594e-05,1
33.816,3.357e-05,1
33.817,2.4674e-05,1
33.818,-4.8676e-06,1
33.818,-3.9277e-05,1
33.819,-4.5655e-05,1
33.819,-2.3163e-05,1
33.82,-1.1078e-05,1
33.82,-3.0213e-05,1
33.821,-6.3783e-05,1
33.821,-9.7185e-05,1
33.822,-0.00013848,1
33.822,-0.00020343,1
33.823,-0.00028652,1
33.823,-0.00034963,1
33.824,-0.00034661,1
33.824,-0.00027662,1
33.825,-0.00019202,1
33.825,-0.00014301,1
33.826,-0.00012236,1
33.826,-9.1814e-05,1
33.827,-3.4241e-05,1
33.827,4.2802e-05,1
33.828,0.00011431,1
33.828,0.00016432,1
33.829,0.00019168,1
33.829,0.00019219,1
33.83,0.00016768,1
33.83,0.00013008,1
33.831,9.5842e-05,1
33.832,7.7379e-05,1
33.832,8.0903e-05,1
33.833,0.00010692,1
33.833,0.00013663,1
33.834,0.00012941,1
33.834,8.0232e-05,1
33.835,2.3331e-05,1
33.835,-1.6617e-05,1
33.836,-3.2731e-05,1
33.836,-2.8367e-05,1
33.837,-8.896e-06,1
33.837,1.4603e-05,1
33.838,3.6759e-05,1
33.838,5.8076e-05,1
33.839,8.5267e-05,1
33.839,0.00011984,1
33.84,0.00015258,1
33.84,0.00016818,1
33.841,0.00015828,1
33.841,0.00012438,1
33.842,7.6371e-05,1
33.842,1.3764e-05,1
33.843,-6.6972e-05,1
33.843,-0.00012824,1
33.844,-0.00013864,1
33.844,-0.00011699,1
33.845,-9.5506e-05,1
33.846,-7.9728e-05,1
33.846,-5.8412e-05,1
33.847,-2.7359e-05,1
33.847,9.7353e-06,1
33.848,4.2634e-05,1
33.848,7.4189e-05,1
33.849,0.00010188,1
33.849,0.00011212,1
33.85,0.00010558,1
33.85,9.3828e-05,1
33.851,8.0568e-05,1
33.851,6.2943e-05,1
33.852,4.3305e-05,1
33.852,2.4338e-05,1
33.853,4.6998e-06,1
33.853,-1.6281e-05,1
33.854,-4.3137e-05,1
33.854,-6.8986e-05,1
33.855,-8.04e-05,1
33.855,-8.0903e-05,1
33.856,-8.6442e-05,1
33.856,-9.9031e-05,1
33.857,-0.00011565,1
33.857,-0.00014788,1
33.858,-0.00019252,1
33.859,-0.00023281,1
33.859,-0.00026033,1
33.86,-0.00026453,1
33.86,-0.00022425,1
33.861,-0.00012438,1
33.861,7.8889e-06,1
33.862,0.00012605,1
33.862,0.00021468,1
33.863,0.00027494,1
33.863,0.00030465,1
33.864,0.00030716,1
33.864,0.00030163,1
33.865,0.00030196,1
33.865,0.00029525,1
33.866,0.00027108,1
33.866,0.00021804,1
33.867,0.00013243,1
33.867,3.6423e-05,1
33.868,-3.5416e-05,1
33.868,-6.8986e-05,1
33.869,-8.9799e-05,1
33.869,-0.00012253,1
33.87,-0.00015862,1
33.87,-0.00018346,1
33.871,-0.00019571,1
33.871,-0.00018447,1
33.872,-0.00014234,1
33.873,-7.2679e-05,1
33.873,9.2317e-06,1
33.874,8.04e-05,1
33.874,0.0001321,1
33.875,0.00017473,1
33.875,0.00022223,1
33.876,0.00025765,1
33.876,0.00026201,1
33.877,0.00023818,1
33.877,0.00019084,1
33.878,0.00013143,1
33.878,8.1239e-05,1
33.879,4.8844e-05,1
33.879,3.0381e-05,1
33.88,1.6449e-05,1
33.88,4.0284e-06,1
33.881,-6.5461e-06,1
33.881,-1.4435e-05,1
33.882,-3.0045e-05,1
33.882,-7.9561e-05,1
33.883,-0.00012874,1
33.883,-0.0001373,1
33.884,-0.00012068,1
33.884,-0.0001091,1
33.885,-0.00011095,1
33.886,-0.00012253,1
33.886,-0.00013243,1
33.887,-0.00011968,1
33.887,-8.1239e-05,1
33.888,-2.9709e-05,1
33.888,1.8967e-05,1
33.889,4.9516e-05,1
33.889,5.5558e-05,1
33.89,5.0858e-05,1
33.89,6.1601e-05,1
33.891,9.1646e-05,1
33.891,0.00012253,1
33.892,0.00013545,1
33.892,0.00012505,1
33.893,0.00010356,1
33.893,8.3757e-05,1
33.894,7.1504e-05,1
33.894,6.009e-05,1
33.895,4.5487e-05,1
33.895,3.2731e-05,1
33.896,2.2995e-05,1
33.896,1.2253e-05,1
33.897,1.6785e-07,1
33.897,-1.2421e-05,1
33.898,-2.5345e-05,1
33.898,-3.6088e-05,1
33.899,-4.1794e-05,1
33.9,-3.743e-05,1
33.9,-1.561e-05,1
33.901,3.8605e-06,1
33.901,-4.5319e-06,1
33.902,-3.8773e-05,1
33.902,-7.1e-05,1
33.903,-7.5029e-05,1
33.903,-4.7837e-05,1
33.904,-4.5319e-06,1
33.904,3.8773e-05,1
33.905,6.6972e-05,1
33.905,7.6371e-05,1
33.906,5.4047e-05,1
33.906,-7.2175e-06,1
33.907,-6.9322e-05,1
33.907,-9.7856e-05,1
33.908,-9.7017e-05,1
33.908,-8.1407e-05,1
33.909,-5.6565e-05,1
33.909,-2.7863e-05,1
33.91,-3.1891e-06,1
33.91,1.0575e-05,1
33.911,2.3667e-05,1
33.911,5.623e-05,1
33.912,0.0001138,1
33.913,0.00019101,1
33.913,0.00027158,1
33.914,0.0003409,1
33.914,0.00037917,1
33.915,0.00035735,1
33.915,0.00028417,1
33.916,0.00020461,1
33.916,0.00015325,1
33.917,0.00011128,1
33.917,3.1724e-05,1
33.918,-7.7043e-05,1
33.918,-0.00015543,1
33.919,-0.00018178,1
33.919,-0.0001749,1
33.92,-0.00014519,1
33.92,-8.9128e-05,1
33.921,-3.2898e-05,1
33.921,-2.182e-06,1
33.922,1.561e-05,1
33.922,3.6759e-05,1
33.923,6.5293e-05,1
33.923,0.00010658,1
33.924,0.00016332,1
33.924,0.00021535,1
33.925,0.00022911,1
33.925,0.00019588,1
33.926,0.00012605,1
33.927,2.9709e-05,1
33.927,-8.0064e-05,1
33.928,-0.00019353,1
33.928,-0.0003164,1
33.929,-0.00042197,1
33.929,-0.00048643,1
33.93,-0.00052688,1
33.93,-0.00055038,1
33.931,-0.00052738,1
33.931,-0.00044547,1
33.932,-0.00032613,1
33.932,-0.00018312,1
33.933,8.5603e-06,1
33.933,0.0002647,1
33.934,0.0005299,1
33.934,0.00072494,1
33.935,0.00081289,1
33.935,0.00080551,1
33.936,0.00072763,1
33.936,0.00059536,1
33.937,0.00043288,1
33.937,0.0002788,1
33.938,0.00016684,1
33.938,0.00010054,1
33.939,6.3615e-05,1
33.94,3.743e-05,1
33.94,1.4435e-05,1
33.941,-2.3499e-06,1
33.941,-1.091e-05,1
33.942,-1.326e-05,1
33.942,-1.9303e-05,1
33.943,-2.9709e-05,1
33.943,-3.7095e-05,1
33.944,-3.6423e-05,1
33.944,-2.9877e-05,1
33.945,-2.0142e-05,1
33.945,-2.5345e-05,1
33.946,-5.539e-05,1
33.946,-9.7185e-05,1
33.947,-0.00013495,1
33.947,-0.0001613,1
33.948,-0.00017121,1
33.948,-0.00016835,1
33.949,-0.00015996,1
33.949,-0.00015291,1
33.95,-0.00014788,1
33.95,-0.00014955,1
33.951,-0.00015157,1
33.951,-0.00013864,1
33.952,-0.00011279,1
33.953,-8.7617e-05,1
33.953,-7.9728e-05,1
33.954,-7.8386e-05,1
33.954,-5.3544e-05,1
33.955,-9.7353e-06,1
33.955,1.9303e-05,1
33.956,1.561e-05,1
33.956,3.1891e-06,1
33.957,6.3783e-06,1
33.957,2.6352e-05,1
33.958,4.8173e-05,1
33.958,5.9586e-05,1
33.959,6.6133e-05,1
33.959,6.9657e-05,1
33.96,6.2272e-05,1
33.96,3.9445e-05,1
33.961,1.2589e-05,1
33.961,-7.2175e-06,1
33.962,-1.7288e-05,1
33.962,-2.1653e-05,1
33.963,-2.7695e-05,1
33.963,-4.9851e-05,1
33.964,-9.5506e-05,1
33.964,-0.00017003,1
33.965,-0.00024825,1
33.965,-0.00027695,1
33.966,-0.00023935,1
33.967,-0.0001603,1
33.967,-7.7379e-05,1
33.968,-1.0239e-05,1
33.968,4.1962e-05,1
33.969,8.8457e-05,1
33.969,0.00013814,1
33.97,0.00019857,1
33.97,0.00027108,1
33.971,0.00032882,1
33.971,0.00033402,1
33.972,0.00028719,1
33.972,0.00022542,1
33.973,0.00016902,1
33.973,0.00012001,1
33.974,8.4764e-05,1
33.974,6.5965e-05,1
33.975,5.0187e-05,1
33.975,3.1052e-05,1
33.976,1.5274e-05,1
33.976,1.1582e-05,1
33.977,1.4435e-05,1
33.977,1.2253e-05,1
33.978,-1.1749e-06,1
33.978,-2.0645e-05,1
33.979,-3.2731e-05,1
33.98,-3.0045e-05,1
33.98,-7.3854e-06,1
33.981,2.9709e-05,1
33.981,6.7308e-05,1
33.982,9.601e-05,1
33.982,0.00011196,1
33.983,0.00010222,1
33.983,4.918e-05,1
33.984,-4.9012e-05,1
33.984,-0.0001425,1
33.985,-0.00018967,1
33.985,-0.00019001,1
33.986,-0.00016164,1
33.986,-0.0001185,1
33.987,-6.1936e-05,1
33.987,1.1749e-06,1
33.988,5.774e-05,1
33.988,0.00010256,1
33.989,0.00014217,1
33.989,0.00019487,1
33.99,0.00026705,1
33.99,0.00032865,1
33.991,0.0003409,1
33.991,0.00030196,1
33.992,0.00024523,1
33.992,0.00020058,1
33.993,0.00016214,1
33.994,0.000118,1
33.994,7.4693e-05,1
33.995,4.7166e-05,1
33.995,3.9445e-05,1
33.996,3.2395e-05,1
33.996,1.4267e-05,1
33.997,-1.1078e-05,1
33.997,-3.4577e-05,1
33.998,-5.1194e-05,1
33.998,-6.1265e-05,1
33.999,-6.9154e-05,1
33.999,-7.6707e-05,1
34,-8.6107e-05,1
34,-9.9535e-05,1
34.001,-0.00010037,1
34.001,-9.1478e-05,1
34.002,-8.7785e-05,1
34.002,-9.6513e-05,1
34.003,-0.00011028,1
34.003,-0.00011414,1
34.004,-0.00010961,1
34.004,-9.9702e-05,1
34.005,-7.6371e-05,1
34.005,-3.4073e-05,1
34.006,2.0645e-05,1
34.007,7.7714e-05,1
34.007,0.00012068,1
34.008,0.00013008,1
34.008,0.00011263,1
34.009,8.6275e-05,1
34.009,5.9251e-05,1
34.01,3.6088e-05,1
34.01,1.9638e-05,1
34.011,4.8676e-06,1
34.011,-1.3764e-05,1
34.012,-3.0213e-05,1
34.012,-3.7766e-05,1
34.013,-4.0452e-05,1
34.013,-4.3473e-05,1
34.014,-4.8844e-05,1
34.014,-4.9348e-05,1
34.015,-3.8437e-05,1
34.015,-1.3596e-05,1
34.016,1.1749e-05,1
34.016,1.9806e-05,1
34.017,5.0355e-07,1
34.017,-4.448e-05,1
34.018,-9.1142e-05,1
34.018,-0.00010625,1
34.019,-8.8792e-05,1
34.019,-7.1e-05,1
34.02,-7.3686e-05,1
34.021,-8.1407e-05,1
34.021,-7.2007e-05,1
34.022,-3.8102e-05,1
34.022,3.8605e-06,1
34.023,3.8102e-05,1
34.023,6.4286e-05,1
34.024,9.4835e-05,1
34.024,0.00014704,1
34.025,0.00020444,1
34.025,0.00021804,1
34.026,0.00017104,1
34.026,0.00010423,1
34.027,5.6901e-05,1
34.027,2.9206e-05,1
34.028,1.1246e-05,1
34.028,-6.8818e-06,1
34.029,-2.2324e-05,1
34.029,-1.9974e-05,1
34.03,-7.5532e-06,1
34.03,-7.7211e-06,1
34.031,-3.7095e-05,1
34.031,-0.00010625,1
34.032,-0.00018849,1
34.032,-0.00022341,1
34.033,-0.00018631,1
34.033,-9.8863e-05,1
34.034,5.8747e-06,1
34.035,0.0001039,1
34.035,0.00018212,1
34.036,0.00022744,1
34.036,0.00023247,1
34.037,0.00022341,1
34.037,0.00023482,1
34.038,0.00025429,1
34.038,0.00024456,1
34.039,0.00019504,1
34.039,0.00014368,1
34.04,0.00012605,1
34.04,0.00012689,1
34.041,0.00012102,1
34.041,0.00011363,1
34.042,0.00012035,1
34.042,0.00014485,1
34.043,0.00017356,1
34.043,0.00017389,1
34.044,0.00012639,1
34.044,5.1362e-05,1
34.045,-1.9303e-05,1
34.045,-5.623e-05,1
34.046,-5.0523e-05,1
34.046,-2.0981e-05,1
34.047,5.0355e-07,1
34.048,-3.6927e-06,1
34.048,-2.0981e-05,1
34.049,-4.0452e-05,1
34.049,-5.6565e-05,1
34.05,-6.3951e-05,1
34.05,-5.7237e-05,1
34.051,-4.2466e-05,1
34.051,-2.7695e-05,1
34.052,-1.0575e-05,1
34.052,5.7069e-06,1
34.053,1.2589e-05,1
34.053,5.2033e-06,1
34.054,-5.0355e-06,1
34.054,-8.3925e-07,1
34.055,7.0497e-06,1
34.055,0,1
34.056,-2.3499e-05,1
34.056,-5.7237e-05,1
34.057,-9.0639e-05,1
34.057,-0.00010457,1
34.058,-8.7282e-05,1
34.058,-6.949e-05,1
34.059,-8.0903e-05,1
34.059,-0.00011548,1
34.06,-0.00014334,1
34.06,-0.00014687,1
34.061,-0.00013747,1
34.062,-0.00012236,1
34.062,-9.6513e-05,1
34.063,-5.6901e-05,1
34.063,-5.539e-06,1
34.064,5.2201e-05,1
34.064,9.5506e-05,1
34.065,0.00011162,1
34.065,0.00011128,1
34.066,0.00010524,1
34.066,8.6442e-05,1
34.067,5.0858e-05,1
34.067,-2.5177e-06,1
34.068,-6.244e-05,1
34.068,-0.0001034,1
34.069,-0.00010709,1
34.069,-7.8721e-05,1
34.07,-4.4144e-05,1
34.07,-1.9974e-05,1
34.071,-7.5532e-06,1
34.071,3.1891e-06,1
34.072,1.6281e-05,1
34.072,3.4577e-05,1
34.073,6.5629e-05,1
34.073,0.00010692,1
34.074,0.0001415,1
34.075,0.00015644,1
34.075,0.00015023,1
34.076,0.00012874,1
34.076,0.00010423,1
34.077,8.5435e-05,1
34.077,7.1336e-05,1
34.078,5.3544e-05,1
34.078,3.3738e-05,1
34.079,2.2156e-05,1
34.079,1.7121e-05,1
34.08,1.0239e-05,1
34.08,2.8534e-06,1
34.081,2.0142e-06,1
34.081,5.8747e-06,1
34.082,7.0497e-06,1
34.082,4.3641e-06,1
34.083,4.5319e-06,1
34.083,1.2253e-05,1
34.084,1.7624e-05,1
34.084,1.2253e-05,1
34.085,-2.5177e-06,1
34.085,-2.031e-05,1
34.086,-4.0452e-05,1
34.086,-6.5965e-05,1
34.087,-7.0832e-05,1
34.087,-4.2634e-05,1
34.088,-1.4267e-05,1
34.089,-1.4267e-05,1
34.089,-4.1123e-05,1
34.09,-6.8482e-05,1
34.09,-6.8315e-05,1
34.091,-3.2395e-05,1
34.091,2.9038e-05,1
34.092,9.0135e-05,1
34.092,0.00013613,1
34.093,0.0001697,1
34.093,0.00019655,1
34.094,0.0002088,1
34.094,0.00020394,1
34.095,0.00019689,1
34.095,0.00019118,1
34.096,0.00016416,1
34.096,0.00011766,1
34.097,7.8721e-05,1
34.097,5.1865e-05,1
34.098,2.8702e-05,1
34.098,1.3428e-06,1
34.099,-2.4338e-05,1
34.099,-3.743e-05,1
34.1,-3.3402e-05,1
34.1,-1.5946e-05,1
34.101,9.0639e-06,1
34.102,3.6423e-05,1
34.102,6.0594e-05,1
34.103,7.0497e-05,1
34.103,6.3783e-05,1
34.104,5.8915e-05,1
34.104,8.1071e-05,1
34.105,0.00010574,1
34.105,8.7617e-05,1
34.106,1.6617e-05,1
34.106,-7.2007e-05,1
34.107,-0.00013126,1
34.107,-0.00014116,1
34.108,-0.00010759,1
34.108,-5.2873e-05,1
34.109,9.2317e-06,1
34.109,6.5461e-05,1
34.11,9.3156e-05,1
34.11,5.7572e-05,1
34.111,-3.122e-05,1
34.111,-9.6513e-05,1
34.112,-0.00011196,1
34.112,-0.00011447,1
34.113,-0.00012454,1
34.113,-0.00012924,1
34.114,-0.00011481,1
34.114,-8.1407e-05,1
34.115,-3.0716e-05,1
34.116,4.448e-05,1
34.116,0.00013915,1
34.117,0.00022005,1
34.117,0.00023616,1
34.118,0.00018396,1
34.118,0.00011531,1
34.119,7.57e-05,1
34.119,6.8986e-05,1
34.12,7.1504e-05,1
34.12,7.9225e-05,1
34.121,8.6778e-05,1
34.121,8.2414e-05,1
34.122,7.5029e-05,1
34.122,8.8289e-05,1
34.123,0.00011582,1
34.123,0.00012068,1
34.124,7.335e-05,1
34.124,-2.7863e-05,1
34.125,-0.00013948,1
34.125,-0.00021082,1
34.126,-0.00021753,1
34.126,-0.0001754,1
34.127,-0.00011128,1
34.127,-4.213e-05,1
34.128,3.4073e-05,1
34.129,0.00010457,1
34.129,0.0001509,1
34.13,0.00018144,1
34.13,0.00019588,1
34.131,0.00019051,1
34.131,0.00017003,1
34.132,0.00013864,1
34.132,9.9535e-05,1
34.133,6.2943e-05,1
34.133,3.7766e-05,1
34.134,2.5681e-05,1
34.134,1.9135e-05,1
34.135,4.1962e-06,1
34.135,-2.6688e-05,1
34.136,-6.9322e-05,1
34.136,-0.00010726,1
34.137,-0.00011582,1
34.137,-0.00010155,1
34.138,-0.00010105,1
34.138,-0.0001279,1
34.139,-0.00017205,1
34.139,-0.00021451,1
34.14,-0.00023549,1
34.14,-0.0002182,1
34.141,-0.00016667,1
34.142,-0.00010054,1
34.142,-4.0284e-05,1
34.143,8.3925e-07,1
34.143,1.8128e-05,1
34.144,2.5681e-05,1
34.144,5.1698e-05,1
34.145,0.00010054,1
34.145,0.00014653,1
34.146,0.00016399,1
34.146,0.00015123,1
34.147,0.000118,1
34.147,7.5364e-05,1
34.148,3.2731e-05,1
34.148,1.0071e-06,1
34.149,-1.3764e-05,1
34.149,-1.6617e-05,1
34.15,-1.4939e-05,1
34.15,-1.1582e-05,1
34.151,-5.7069e-06,1
34.151,6.2104e-06,1
34.152,2.4674e-05,1
34.152,4.6494e-05,1
34.153,6.1265e-05,1
34.153,4.683e-05,1
34.154,1.5106e-06,1
34.154,-4.0787e-05,1
34.155,-5.7572e-05,1
34.156,-5.1865e-05,1
34.156,-3.6088e-05,1
34.157,-1.796e-05,1
34.157,-6.0426e-06,1
34.158,-3.6927e-06,1
34.158,-3.357e-07,1
34.159,1.9974e-05,1
34.159,6.244e-05,1
34.16,0.00011061,1
34.16,0.00014418,1
34.161,0.00015392,1
34.161,0.00014116,1
34.162,0.00011666,1
34.162,9.4163e-05,1
34.163,8.3589e-05,1
34.163,8.9128e-05,1
34.164,0.00010356,1
34.164,0.00010961,1
34.165,9.7353e-05,1
34.165,7.2847e-05,1
34.166,4.8844e-05,1
34.166,3.3906e-05,1
34.167,2.652e-05,1
34.167,1.9303e-05,1
34.168,8.3925e-06,1
34.169,-1.6785e-06,1
34.169,-5.8747e-06,1
34.17,-6.2104e-06,1
34.17,-1.0575e-05,1
34.171,-2.266e-05,1
34.171,-3.6423e-05,1
34.172,-4.2802e-05,1
34.172,-4.1291e-05,1
34.173,-3.5584e-05,1
34.173,-2.887e-05,1
34.174,-2.2995e-05,1
34.174,-1.7121e-05,1
34.175,-1.0239e-05,1
34.175,-3.8605e-06,1
34.176,1.1749e-06,1
34.176,9.9031e-06,1
34.177,2.2492e-05,1
34.177,3.3738e-05,1
34.178,3.8102e-05,1
34.178,3.4073e-05,1
34.179,2.6688e-05,1
34.179,1.7792e-05,1
34.18,1.2757e-05,1
34.18,1.4603e-05,1
34.181,1.8631e-05,1
34.181,1.9806e-05,1
34.182,1.8631e-05,1
34.183,2.266e-05,1
34.183,3.2059e-05,1
34.184,3.6423e-05,1
34.184,3.3402e-05,1
34.185,2.3331e-05,1
34.185,1.0407e-05,1
34.186,0,1
34.186,-9.7353e-06,1
34.187,-2.4338e-05,1
34.187,-4.062e-05,1
34.188,-4.9516e-05,1
34.188,-4.9683e-05,1
34.189,-4.2466e-05,1
34.189,-2.4002e-05,1
34.19,8.2246e-06,1
34.19,4.8844e-05,1
34.191,8.51e-05,1
34.191,9.8192e-05,1
34.192,8.5435e-05,1
34.192,8.191e-05,1
34.193,0.00011112,1
34.193,0.00014888,1
34.194,0.00015828,1
34.194,0.00012941,1
34.195,8.2414e-05,1
34.196,2.9206e-05,1
34.196,-3.1891e-05,1
34.197,-9.0806e-05,1
34.197,-0.00012656,1
34.198,-0.00013596,1
34.198,-0.00012757,1
34.199,-0.0001133,1
34.199,-0.00010105,1
34.2,-8.7617e-05,1
34.2,-4.1794e-05,1
34.201,5.2201e-05,1
34.201,0.00016835,1
34.202,0.00026638,1
34.202,0.00033066,1
34.203,0.00034862,1
34.203,0.00031505,1
34.204,0.00023935,1
34.204,0.0001462,1
34.205,6.009e-05,1
34.205,-2.2324e-05,1
34.206,-0.00011917,1
34.206,-0.00021501,1
34.207,-0.00026839,1
34.207,-0.00025882,1
34.208,-0.00019185,1
34.208,-9.3156e-05,1
34.209,9.9031e-06,1
34.21,0.00010423,1
34.21,0.00018648,1
34.211,0.00024422,1
34.211,0.00027578,1
34.212,0.00028518,1
34.212,0.00026571,1
34.213,0.00021602,1
34.213,0.0001556,1
34.214,0.00010893,1
34.214,7.4693e-05,1
34.215,4.1962e-05,1
34.215,1.2253e-05,1
34.216,-9.3996e-06,1
34.216,-2.501e-05,1
34.217,-3.4241e-05,1
34.217,-3.3066e-05,1
34.218,-2.652e-05,1
34.218,-2.4002e-05,1
34.219,-3.2395e-05,1
34.219,-4.918e-05,1
34.22,-6.0426e-05,1
34.22,-6.1936e-05,1
34.221,-4.8844e-05,1
34.221,-3.0045e-05,1
34.222,-2.6688e-05,1
34.222,-4.1123e-05,1
34.223,-5.9586e-05,1
34.224,-7.7211e-05,1
34.224,-9.3324e-05,1
34.225,-0.0001039,1
34.225,-0.00010155,1
34.226,-9.0471e-05,1
34.226,-9.752e-05,1
34.227,-0.00013445,1
34.227,-0.00016298,1
34.228,-0.00015509,1
34.228,-0.00011733,1
34.229,-5.9922e-05,1
34.229,7.2175e-06,1
34.23,6.4118e-05,1
34.23,0.00010172,1
34.231,0.00012203,1
34.231,0.00012723,1
34.232,0.00012102,1
34.232,0.00010558,1
34.233,7.5532e-05,1
34.233,3.1052e-05,1
34.234,-1.091e-05,1
34.234,-2.6017e-05,1
34.235,-6.714e-06,1
34.235,2.8702e-05,1
34.236,4.918e-05,1
34.237,4.4648e-05,1
34.237,2.4842e-05,1
34.238,-2.8534e-06,1
34.238,-2.2492e-05,1
34.239,-1.796e-05,1
34.239,-7.5532e-06,1
34.24,-1.4939e-05,1
34.24,-2.9709e-05,1
34.241,-4.3809e-05,1
34.241,-6.6972e-05,1
34.242,-9.8863e-05,1
34.242,-0.00012102,1
34.243,-0.00011565,1
34.243,-7.2511e-05,1
34.244,4.5319e-06,1
34.244,8.2414e-05,1
34.245,0.00013411,1
34.245,0.00016399,1
34.246,0.00018161,1
34.246,0.00018782,1
34.247,0.00018917,1
34.247,0.00019554,1
34.248,0.00020612,1
34.248,0.00021065,1
34.249,0.00019152,1
34.249,0.000142,1
34.25,8.1071e-05,1
34.251,3.4073e-05,1
34.251,1.6617e-05,1
34.252,1.9638e-05,1
34.252,1.6617e-05,1
34.253,-6.2104e-06,1
34.253,-3.1724e-05,1
34.254,-4.4144e-05,1
34.254,-5.2537e-05,1
34.255,-6.5965e-05,1
34.255,-7.9393e-05,1
34.256,-8.51e-05,1
34.256,-8.8792e-05,1
34.257,-9.987e-05,1
34.257,-0.00010188,1
34.258,-7.6036e-05,1
34.258,-2.4002e-05,1
34.259,3.5752e-05,1
34.259,7.9057e-05,1
34.26,9.8192e-05,1
34.26,9.6513e-05,1
34.261,9.0974e-05,1
34.261,9.8192e-05,1
34.262,0.00012136,1
34.262,0.00014385,1
34.263,0.00015157,1
34.264,0.00013915,1
34.264,0.00010927,1
34.265,7.4357e-05,1
34.265,4.5487e-05,1
34.266,2.9374e-05,1
34.266,3.1388e-05,1
34.267,4.0787e-05,1
34.267,3.6759e-05,1
34.268,9.9031e-06,1
34.268,-2.887e-05,1
34.269,-5.8579e-05,1
34.269,-6.9657e-05,1
34.27,-6.9993e-05,1
34.27,-7.2343e-05,1
34.271,-8.0903e-05,1
34.271,-8.8289e-05,1
34.272,-8.9799e-05,1
34.272,-8.8792e-05,1
34.273,-8.7617e-05,1
34.273,-8.1407e-05,1
34.274,-6.3615e-05,1
34.274,-4.0116e-05,1
34.275,-1.2253e-05,1
34.275,2.5681e-05,1
34.276,6.0761e-05,1
34.276,6.1433e-05,1
34.277,4.0787e-05,1
34.278,2.4842e-05,1
34.278,1.4603e-05,1
34.279,3.1891e-06,1
34.279,-4.3641e-06,1
34.28,-1.2253e-05,1
34.28,-1.8967e-05,1
34.281,-2.2324e-05,1
34.281,-1.9638e-05,1
34.282,-8.3925e-07,1
34.282,4.0116e-05,1
34.283,9.0471e-05,1
34.283,0.00012068,1
34.284,0.00011061,1
34.284,8.04e-05,1
34.285,6.3615e-05,1
34.285,5.623e-05,1
34.286,3.743e-05,1
34.286,2.0645e-05,1
34.287,2.266e-05,1
34.287,2.5849e-05,1
34.288,1.2253e-05,1
34.288,-9.2317e-06,1
34.289,-2.7359e-05,1
34.289,-4.3137e-05,1
34.29,-5.7237e-05,1
34.291,-6.5965e-05,1
34.291,-5.8244e-05,1
34.292,-3.2731e-05,1
34.292,-1.8463e-06,1
34.293,2.8031e-05,1
34.293,5.2201e-05,1
34.294,6.5797e-05,1
34.294,6.5293e-05,1
34.295,5.3544e-05,1
34.295,4.3137e-05,1
34.296,4.2802e-05,1
34.296,5.0858e-05,1
34.297,6.5965e-05,1
34.297,8.7785e-05,1
34.298,0.00010239,1
34.298,9.7185e-05,1
34.299,6.7979e-05,1
34.299,1.9806e-05,1
34.3,-3.0716e-05,1
34.3,-6.1265e-05,1
34.301,-6.8315e-05,1
34.301,-6.6972e-05,1
34.302,-6.3279e-05,1
34.302,-5.5894e-05,1
34.303,-4.6159e-05,1
34.303,-3.6927e-05,1
34.304,-2.7024e-05,1
34.305,-1.796e-05,1
34.305,-9.2317e-06,1
34.306,0,1
34.306,5.539e-06,1
34.307,5.2033e-06,1
34.307,-3.8605e-06,1
34.308,-4.1794e-05,1
34.308,-0.00010088,1
34.309,-0.00013227,1
34.309,-0.00011095,1
34.31,-5.1698e-05,1
34.31,2.1317e-05,1
34.311,9.5842e-05,1
34.311,0.00015593,1
34.312,0.00018245,1
34.312,0.00016869,1
34.313,0.00014922,1
34.313,0.00016701,1
34.314,0.00021669,1
34.314,0.00027544,1
34.315,0.00032009,1
34.315,0.00032747,1
34.316,0.00029256,1
34.316,0.0002318,1
34.317,0.00016533,1
34.318,0.00012119,1
34.318,0.00011632,1
34.319,0.00013512,1
34.319,0.00013109,1
34.32,7.3182e-05,1
34.32,-8.7282e-06,1
34.321,-5.1194e-05,1
34.321,-3.9109e-05,1
34.322,-1.3596e-05,1
34.322,-1.0742e-05,1
34.323,-4.1123e-05,1
34.323,-9.601e-05,1
34.324,-0.00015895,1
34.324,-0.00020562,1
34.325,-0.00020629,1
34.325,-0.00015123,1
34.326,-7.0329e-05,1
34.326,-8.7282e-06,1
34.327,1.2421e-05,1
34.327,-3.8605e-06,1
34.328,-4.0787e-05,1
34.328,-6.3111e-05,1
34.329,-4.7837e-05,1
34.329,-1.1246e-05,1
34.33,1.6953e-05,1
34.331,2.2324e-05,1
34.331,8.896e-06,1
34.332,-1.5442e-05,1
34.332,-3.9948e-05,1
34.333,-5.3208e-05,1
34.333,-5.6733e-05,1
34.334,-5.7237e-05,1
34.334,-5.9251e-05,1
34.335,-6.1433e-05,1
34.335,-5.2537e-05,1
34.336,-3.3906e-05,1
34.336,-1.561e-05,1
34.337,-6.8818e-06,1
34.337,-1.8631e-05,1
34.338,-4.8508e-05,1
34.338,-8.2078e-05,1
34.339,-0.00011128,1
34.339,-0.0001237,1
34.34,-0.00011246,1
34.34,-8.426e-05,1
34.341,-4.8844e-05,1
34.341,-1.7792e-05,1
34.342,-1.1749e-06,1
34.342,1.5274e-05,1
34.343,4.7501e-05,1
34.343,9.2317e-05,1
34.344,0.00013478,1
34.345,0.00017238,1
34.345,0.00021451,1
34.346,0.00024858,1
34.346,0.00024892,1
34.347,0.00021132,1
34.347,0.00015325,1
34.348,9.9535e-05,1
34.348,6.8147e-05,1
34.349,5.5222e-05,1
34.349,4.6494e-05,1
34.35,2.7527e-05,1
34.35,1.0071e-06,1
34.351,-2.7863e-05,1
34.351,-5.0019e-05,1
34.352,-5.1194e-05,1
34.352,-2.7192e-05,1
34.353,1.1917e-05,1
34.353,5.3544e-05,1
34.354,8.7785e-05,1
34.354,0.00013327,1
34.355,0.0001942,1
34.355,0.00023751,1
34.356,0.0002407,1
34.356,0.00021468,1
34.357,0.00018077,1
34.358,0.00014217,1
34.358,0.00010524,1
34.359,8.9464e-05,1
34.359,9.5842e-05,1
34.36,9.2149e-05,1
34.36,4.9851e-05,1
34.361,-2.6352e-05,1
34.361,-0.00011011,1
34.362,-0.000166,1
34.362,-0.00017859,1
34.363,-0.00016046,1
34.363,-0.00014284,1
34.364,-0.00014083,1
34.364,-0.00014502,1
34.365,-0.00014485,1
34.365,-0.0001462,1
34.366,-0.0001425,1
34.366,-0.00011363,1
34.367,-8.04e-05,1
34.367,-0.00010155,1
34.368,-0.00018917,1
34.368,-0.0002793,1
34.369,-0.00031019,1
34.369,-0.0002746,1
34.37,-0.00019722,1
34.37,-0.00010759,1
34.371,-2.9038e-05,1
34.372,3.8773e-05,1
34.372,0.00011934,1
34.373,0.00023214,1
34.373,0.00036104,1
34.374,0.0004829,1
34.374,0.00055676,1
34.375,0.00054366,1
34.375,0.00045269,1
34.376,0.00032647,1
34.376,0.00021434,1
34.377,0.00013344,1
34.377,7.5532e-05,1
34.378,3.2395e-05,1
34.378,-3.8605e-06,1
34.379,-3.1891e-05,1
34.379,-4.4648e-05,1
34.38,-4.2298e-05,1
34.38,-3.9445e-05,1
34.381,-4.7333e-05,1
34.381,-6.1601e-05,1
34.382,-7.0832e-05,1
34.382,-7.2679e-05,1
34.383,-6.5629e-05,1
34.383,-5.1194e-05,1
34.384,-3.3066e-05,1
34.385,-1.326e-05,1
34.385,-8.3925e-07,1
34.386,3.0213e-06,1
34.386,1.1749e-06,1
34.387,-5.0355e-07,1
34.387,-3.357e-07,1
34.388,-6.8818e-06,1
34.388,-2.031e-05,1
34.389,-3.4409e-05,1
34.389,-4.7333e-05,1
34.39,-5.5558e-05,1
34.39,-5.304e-05,1
34.391,-4.3809e-05,1
34.391,-3.743e-05,1
34.392,-3.6423e-05,1
34.392,-4.0955e-05,1
34.393,-4.8676e-05,1
34.393,-5.6901e-05,1
34.394,-5.9251e-05,1
34.394,-5.0355e-05,1
34.395,-3.1891e-05,1
34.395,-1.091e-05,1
34.396,4.8676e-06,1
34.396,1.2421e-05,1
34.397,2.2995e-05,1
34.397,4.7166e-05,1
34.398,7.7714e-05,1
34.399,9.7856e-05,1
34.399,0.00010121,1
34.4,9.4667e-05,1
34.4,8.5771e-05,1
34.401,7.5029e-05,1
34.401,6.009e-05,1
34.402,4.0787e-05,1
34.402,2.4674e-05,1
34.403,1.9638e-05,1
34.403,2.1653e-05,1
34.404,1.9974e-05,1
34.404,1.5274e-05,1
34.405,1.2924e-05,1
34.405,1.4435e-05,1
34.406,1.326e-05,1
34.406,5.2033e-06,1
34.407,-2.182e-06,1
34.407,-4.3641e-06,1
34.408,-4.6998e-06,1
34.408,-6.2104e-06,1
34.409,-9.5674e-06,1
34.409,-1.2589e-05,1
34.41,-1.4267e-05,1
34.41,-1.8296e-05,1
34.411,-2.9038e-05,1
34.411,-3.4745e-05,1
34.412,-2.1988e-05,1
34.413,3.5248e-06,1
34.413,2.4002e-05,1
34.414,3.1724e-05,1
34.414,4.7333e-05,1
34.415,9.5171e-05,1
34.415,0.00015274,1
34.416,0.00018296,1
34.416,0.00016768,1
34.417,0.00011632,1
34.417,5.4719e-05,1
34.418,-3.6927e-06,1
34.418,-6.0929e-05,1
34.419,-0.00010977,1
34.419,-0.00014821,1
34.42,-0.00017893,1
34.42,-0.00019756,1
34.421,-0.00019957,1
34.421,-0.00019101,1
34.422,-0.00016667,1
34.422,-0.00012572,1
34.423,-7.5364e-05,1
34.423,-1.3931e-05,1
34.424,6.9657e-05,1
34.424,0.00017238,1
34.425,0.00025698,1
34.426,0.00030817,1
34.426,0.00032982,1
34.427,0.00031975,1
34.427,0.00028719,1
34.428,0.0002454,1
34.428,0.00020125,1
34.429,0.00015694,1
34.429,0.00010961,1
34.43,6.0258e-05,1
34.43,1.5946e-05,1
34.431,-1.5946e-05,1
34.431,-3.1388e-05,1
34.432,-3.0884e-05,1
34.432,-2.501e-05,1
34.433,-2.9374e-05,1
34.433,-4.3641e-05,1
34.434,-5.1026e-05,1
34.434,-4.3137e-05,1
34.435,-1.4771e-05,1
34.435,4.2802e-05,1
34.436,0.00011716,1
34.436,0.00017003,1
34.437,0.00017272,1
34.437,0.0001321,1
34.438,6.6133e-05,1
34.438,-1.8967e-05,1
34.439,-9.0639e-05,1
34.44,-0.000118,1
34.44,-0.00012052,1
34.441,-0.00012119,1
34.441,-0.0001227,1
34.442,-0.00011884,1
34.442,-0.00010658,1
34.443,-8.7114e-05,1
34.443,-6.009e-05,1
34.444,-2.182e-05,1
34.444,2.3331e-05,1
34.445,6.4622e-05,1
34.445,9.0974e-05,1
34.446,9.7856e-05,1
34.446,9.1646e-05,1
34.447,7.5029e-05,1
34.447,4.5319e-05,1
34.448,5.539e-06,1
34.448,-3.4409e-05,1
34.449,-6.3279e-05,1
34.449,-5.6062e-05,1
34.45,-1.9638e-05,1
34.45,3.5248e-06,1
34.451,-6.2104e-06,1
34.451,-3.6591e-05,1
34.452,-6.5629e-05,1
34.453,-7.2175e-05,1
34.453,-4.7501e-05,1
34.454,1.5442e-05,1
34.454,9.5842e-05,1
34.455,0.00015828,1
34.455,0.00018245,1
34.456,0.00016735,1
34.456,0.00010675,1
34.457,2.8534e-06,1
34.457,-9.0974e-05,1
34.458,-0.00013075,1
34.458,-0.00012119,1
34.459,-8.8121e-05,1
34.459,-5.5055e-05,1
34.46,-3.3738e-05,1
34.46,-1.3764e-05,1
34.461,2.4506e-05,1
34.461,8.8792e-05,1
34.462,0.00015895,1
34.462,0.00020259,1
34.463,0.0002224,1
34.463,0.00023029,1
34.464,0.00021401,1
34.464,0.00016936,1
34.465,0.00012438,1
34.465,0.00010306,1
34.466,8.661e-05,1
34.467,5.1194e-05,1
34.467,5.539e-06,1
34.468,-2.501e-05,1
34.468,-2.8702e-05,1
34.469,-1.5778e-05,1
34.469,-4.8676e-06,1
34.47,-6.8818e-06,1
34.47,-2.9038e-05,1
34.471,-5.8076e-05,1
34.471,-7.2679e-05,1
34.472,-7.1336e-05,1
34.472,-5.153e-05,1
34.473,-7.0497e-06,1
34.473,4.448e-05,1
34.474,7.4022e-05,1
34.474,7.0665e-05,1
34.475,5.2705e-05,1
34.475,4.7837e-05,1
34.476,5.4215e-05,1
34.476,5.3208e-05,1
34.477,3.7263e-05,1
34.477,2.8534e-06,1
34.478,-5.0187e-05,1
34.478,-0.00010692,1
34.479,-0.00015761,1
34.48,-0.00020108,1
34.48,-0.00022962,1
34.481,-0.00022676,1
34.481,-0.00019319,1
34.482,-0.00014653,1
34.482,-9.7353e-05,1
34.483,-3.4073e-05,1
34.483,5.1362e-05,1
34.484,0.00013579,1
34.484,0.00018917,1
34.485,0.00021132,1
34.485,0.00022206,1
34.486,0.00023549,1
34.486,0.00025127,1
34.487,0.00024825,1
34.487,0.00020914,1
34.488,0.00014418,1
34.488,7.8889e-05,1
34.489,2.8534e-05,1
34.489,-3.5248e-06,1
34.49,-2.3331e-05,1
34.49,-3.357e-05,1
34.491,-3.4073e-05,1
34.491,-3.0549e-05,1
34.492,-2.501e-05,1
34.492,-1.6953e-05,1
34.493,-5.2033e-06,1
34.494,7.0497e-06,1
34.494,1.6617e-05,1
34.495,2.7863e-05,1
34.495,5.9419e-05,1
34.496,0.00010726,1
34.496,0.00013445,1
34.497,0.00010961,1
34.497,3.8102e-05,1
34.498,-4.6326e-05,1
34.498,-0.00011783,1
34.499,-0.00016667,1
34.499,-0.00019017,1
34.5,-0.0001895,1
34.5,-0.00017473,1
34.501,-0.0001472,1
34.501,-0.00011246,1
34.502,-9.0806e-05,1
34.502,-7.7714e-05,1
34.503,-5.5894e-05,1
34.503,-3.0381e-05,1
34.504,-1.4267e-05,1
34.504,-6.8818e-06,1
34.505,2.182e-06,1
34.505,2.5849e-05,1
34.506,5.8244e-05,1
34.507,8.5771e-05,1
34.507,9.8192e-05,1
34.508,9.4163e-05,1
34.508,7.5364e-05,1
34.509,5.4215e-05,1
34.509,4.0116e-05,1
34.51,1.7624e-05,1
34.51,-8.896e-06,1
34.511,-9.9031e-06,1
34.511,2.266e-05,1
34.512,7.0832e-05,1
34.512,9.9702e-05,1
34.513,8.3085e-05,1
34.513,3.743e-05,1
34.514,5.0355e-07,1
34.514,-1.1582e-05,1
34.515,-4.5319e-06,1
34.515,2.0478e-05,1
34.516,6.0594e-05,1
34.516,9.6849e-05,1
34.517,0.00011061,1
34.517,8.3757e-05,1
34.518,2.0981e-05,1
34.518,-1.561e-05,1
34.519,2.0645e-05,1
34.52,9.8863e-05,1
34.52,0.00015224,1
34.521,0.00015325,1
34.521,0.00012454,1
34.522,9.4667e-05,1
34.522,6.6636e-05,1
34.523,4.8844e-05,1
34.523,4.8676e-05,1
34.524,5.5726e-05,1
34.524,4.1459e-05,1
34.525,-2.1317e-05,1
34.525,-0.00010373,1
34.526,-0.00014888,1
34.526,-0.00013948,1
34.527,-0.00010138,1
34.527,-6.9993e-05,1
34.528,-5.0858e-05,1
34.528,-2.6017e-05,1
34.529,1.561e-05,1
34.529,7.6036e-05,1
34.53,0.0001425,1
34.53,0.00019152,1
34.531,0.00021636,1
34.531,0.00022274,1
34.532,0.0002088,1
34.532,0.00017305,1
34.533,0.00012605,1
34.534,7.8553e-05,1
34.534,3.8773e-05,1
34.535,5.2033e-06,1
34.535,-2.8367e-05,1
34.536,-5.388e-05,1
34.536,-5.774e-05,1
34.537,-3.6759e-05,1
34.537,-1.0239e-05,1
34.538,4.1962e-06,1
34.538,8.896e-06,1
34.539,1.7288e-05,1
34.539,2.9206e-05,1
34.54,2.4002e-05,1
34.54,-1.2924e-05,1
34.541,-6.865e-05,1
34.541,-0.00011447,1
34.542,-0.00014318,1
34.542,-0.00015761,1
34.543,-0.00015543,1
34.543,-0.00012538,1
34.544,-7.2679e-05,1
34.544,-1.5274e-05,1
34.545,5.0187e-05,1
34.545,0.0001279,1
34.546,0.00019924,1
34.547,0.00025127,1
34.547,0.00028316,1
34.548,0.00028081,1
34.548,0.00023482,1
34.549,0.00015258,1
34.549,4.7166e-05,1
34.55,-5.6733e-05,1
34.55,-0.00013562,1
34.551,-0.00017557,1
34.551,-0.00018128,1
34.552,-0.000166,1
34.552,-0.00014385,1
34.553,-0.00011817,1
34.553,-8.9464e-05,1
34.554,-5.9586e-05,1
34.554,-2.5849e-05,1
34.555,2.031e-05,1
34.555,8.2918e-05,1
34.556,0.00014569,1
34.556,0.00018782,1
34.557,0.00019521,1
34.557,0.00017003,1
34.558,0.00012438,1
34.558,7.5364e-05,1
34.559,3.6591e-05,1
34.559,1.4099e-05,1
34.56,6.2104e-06,1
34.561,6.5461e-06,1
34.561,5.2033e-06,1
34.562,-1.0071e-06,1
34.562,-6.714e-07,1
34.563,1.1582e-05,1
34.563,2.5345e-05,1
34.564,3.0381e-05,1
34.564,2.3163e-05,1
34.565,-6.714e-07,1
34.565,-4.448e-05,1
34.566,-9.3828e-05,1
34.566,-0.00011682,1
34.567,-0.00010977,1
34.567,-9.366e-05,1
34.568,-7.6036e-05,1
34.568,-5.539e-05,1
34.569,-3.7766e-05,1
34.569,-3.4073e-05,1
34.57,-4.5151e-05,1
34.57,-6.1769e-05,1
34.571,-5.6565e-05,1
34.571,-1.3931e-05,1
34.572,4.3473e-05,1
34.572,8.275e-05,1
34.573,9.0303e-05,1
34.574,8.4092e-05,1
34.574,8.275e-05,1
34.575,7.3854e-05,1
34.575,3.743e-05,1
34.576,-1.091e-05,1
34.576,-2.0813e-05,1
34.577,1.3931e-05,1
34.577,5.6397e-05,1
34.578,7.8721e-05,1
34.578,8.0064e-05,1
34.579,7.1336e-05,1
34.579,6.0594e-05,1
34.58,5.4719e-05,1
34.58,5.9754e-05,1
34.581,8.2414e-05,1
34.581,0.00010927,1
34.582,0.00010809,1
34.582,7.1672e-05,1
34.583,3.743e-05,1
34.583,4.0116e-05,1
34.584,7.2343e-05,1
34.584,0.00010323,1
34.585,0.00011296,1
34.585,9.9199e-05,1
34.586,7.2007e-05,1
34.586,4.0787e-05,1
34.587,1.2757e-05,1
34.588,-3.8605e-06,1
34.588,-9.7353e-06,1
34.589,-1.0239e-05,1
34.589,-1.091e-05,1
34.59,-1.6617e-05,1
34.59,-2.7192e-05,1
34.591,-3.0381e-05,1
34.591,-2.0478e-05,1
34.592,-2.5177e-06,1
34.592,8.3925e-06,1
34.593,6.714e-07,1
34.593,-2.3667e-05,1
34.594,-6.1936e-05,1
34.594,-0.00010541,1
34.595,-0.00013143,1
34.595,-0.00013613,1
34.596,-0.00012908,1
34.596,-0.0001232,1
34.597,-0.00012102,1
34.597,-0.00010759,1
34.598,-8.0064e-05,1
34.598,-4.9851e-05,1
34.599,-3.6927e-05,1
34.599,-4.8508e-05,1
34.6,-8.2078e-05,1
34.6,-0.00011112,1
34.601,-9.2988e-05,1
34.602,-3.7766e-05,1
34.602,2.2828e-05,1
34.603,6.8818e-05,1
34.603,9.5338e-05,1
34.604,0.00011128,1
34.604,0.0001274,1
34.605,0.00015258,1
34.605,0.00019655,1
34.606,0.00024422,1
34.606,0.00025597,1
34.607,0.0002172,1
34.607,0.00015895,1
34.608,0.00012438,1
34.608,0.00011565,1
34.609,0.00011363,1
34.609,0.0001086,1
34.61,9.9031e-05,1
34.61,8.7282e-05,1
34.611,7.5029e-05,1
34.611,7.1839e-05,1
34.612,8.5771e-05,1
34.612,0.00011464,1
34.613,0.00014183,1
34.613,0.00015627,1
34.614,0.00015073,1
34.615,0.00012068,1
34.615,7.3014e-05,1
34.616,2.8367e-05,1
34.616,1.5106e-06,1
34.617,-6.3783e-06,1
34.617,-7.8889e-06,1
34.618,-1.4603e-05,1
34.618,-2.5177e-05,1
34.619,-3.122e-05,1
34.619,-3.6423e-05,1
34.62,-4.7166e-05,1
34.62,-5.2873e-05,1
34.621,-4.1459e-05,1
34.621,-2.4002e-05,1
34.622,-1.9638e-05,1
34.622,-2.9709e-05,1
34.623,-4.4648e-05,1
34.623,-6.2272e-05,1
34.624,-6.6636e-05,1
34.624,-4.5823e-05,1
34.625,-2.0981e-05,1
34.625,-1.3764e-05,1
34.626,-1.6281e-05,1
34.626,-1.7288e-05,1
34.627,-2.2995e-05,1
34.627,-3.1052e-05,1
34.628,-4.2466e-05,1
34.629,-6.2608e-05,1
34.629,-9.5674e-05,1
34.63,-0.00014099,1
34.63,-0.0001801,1
34.631,-0.00017708,1
34.631,-0.0001237,1
34.632,-5.539e-05,1
34.632,-1.6281e-05,1
34.633,-1.7624e-05,1
34.633,-3.1724e-05,1
34.634,-2.6688e-05,1
34.634,1.5778e-05,1
34.635,8.6778e-05,1
34.635,0.0001603,1
34.636,0.00021334,1
34.636,0.00023717,1
34.637,0.00022744,1
34.637,0.0001702,1
34.638,7.7379e-05,1
34.638,1.8463e-06,1
34.639,-1.8296e-05,1
34.639,-6.5461e-06,1
34.64,-1.8463e-06,1
34.64,-1.0071e-05,1
34.641,-1.2421e-05,1
34.642,1.8463e-06,1
34.642,2.2828e-05,1
34.643,4.918e-05,1
34.643,7.3686e-05,1
34.644,7.9393e-05,1
34.644,5.9251e-05,1
34.645,1.2421e-05,1
34.645,-5.0858e-05,1
34.646,-0.00010037,1
34.646,-0.00013193,1
34.647,-0.00016298,1
34.647,-0.00016785,1
34.648,-0.00011666,1
34.648,-2.8367e-05,1
34.649,5.8412e-05,1
34.649,0.00012303,1
34.65,0.00015912,1
34.65,0.0001796,1
34.651,0.00019722,1
34.651,0.00022475,1
34.652,0.00026201,1
34.652,0.00028232,1
34.653,0.00026386,1
34.653,0.00020243,1
34.654,0.00012807,1
34.654,8.0735e-05,1
34.655,6.63e-05,1
34.656,6.4286e-05,1
34.656,6.6804e-05,1
34.657,6.63e-05,1
34.657,5.3208e-05,1
34.658,2.9374e-05,1
34.658,8.3925e-07,1
34.659,-2.3667e-05,1
34.659,-3.6591e-05,1
34.66,-3.6759e-05,1
34.66,-3.508e-05,1
34.661,-4.3137e-05,1
34.661,-5.8747e-05,1
34.662,-7.2847e-05,1
34.662,-7.6707e-05,1
34.663,-7.0832e-05,1
34.663,-5.5558e-05,1
34.664,-3.508e-05,1
34.664,-3.7766e-05,1
34.665,-7.6371e-05,1
34.665,-0.00012102,1
34.666,-0.00015526,1
34.666,-0.00020024,1
34.667,-0.00024355,1
34.667,-0.00026134,1
34.668,-0.00024674,1
34.669,-0.0001994,1
34.669,-0.00013613,1
34.67,-7.6371e-05,1
34.67,-1.9638e-05,1
34.671,4.1794e-05,1
34.671,0.00011263,1
34.672,0.00018245,1
34.672,0.00022542,1
34.673,0.00023616,1
34.673,0.00021468,1
34.674,0.00017406,1
34.674,0.00014284,1
34.675,0.00012773,1
34.675,0.00011095,1
34.676,9.0639e-05,1
34.676,8.3757e-05,1
34.677,9.9199e-05,1
34.677,0.00012505,1
34.678,0.00013982,1
34.678,0.00013411,1
34.679,0.00012723,1
34.679,0.00013109,1
34.68,0.00013042,1
34.68,0.00010893,1
34.681,7.0665e-05,1
34.681,4.1459e-05,1
34.682,4.5487e-05,1
34.683,5.9922e-05,1
34.683,5.4215e-05,1
34.684,2.2324e-05,1
34.684,-2.6184e-05,1
34.685,-7.805e-05,1
34.685,-0.00011699,1
34.686,-0.00013747,1
34.686,-0.0001331,1
34.687,-0.00010457,1
34.687,-6.2943e-05,1
34.688,-1.6449e-05,1
34.688,2.1149e-05,1
34.689,4.1962e-05,1
34.689,6.2272e-05,1
34.69,9.5674e-05,1
34.69,0.00012471,1
34.691,0.00013394,1
34.691,0.00012119,1
34.692,8.3421e-05,1
34.692,2.5849e-05,1
34.693,-3.4241e-05,1
34.693,-8.0735e-05,1
34.694,-0.00010373,1
34.694,-0.00010306,1
34.695,-9.1646e-05,1
34.696,-8.1575e-05,1
34.696,-7.2175e-05,1
34.697,-6.0594e-05,1
34.697,-4.5151e-05,1
34.698,-2.5345e-05,1
34.698,-5.539e-06,1
34.699,7.5532e-06,1
34.699,6.2104e-06,1
34.7,-9.7353e-06,1
34.7,-2.1317e-05,1
34.701,-2.1317e-05,1
34.701,-2.0478e-05,1
34.702,-1.5106e-05,1
34.702,1.8463e-06,1
34.703,1.8631e-05,1
34.703,2.266e-05,1
34.704,1.6449e-05,1
34.704,-1.1749e-06,1
34.705,-2.1149e-05,1
34.705,-2.8702e-05,1
34.706,-1.5106e-05,1
34.706,8.896e-06,1
34.707,2.7527e-05,1
34.707,3.2059e-05,1
34.708,2.2995e-05,1
34.709,3.1891e-06,1
34.709,-1.7792e-05,1
34.71,-2.8534e-05,1
34.71,-2.0142e-05,1
34.711,1.5106e-06,1
34.711,2.2156e-05,1
34.712,3.6088e-05,1
34.712,3.0884e-05,1
34.713,5.2033e-06,1
34.713,-1.3764e-05,1
34.714,-1.7624e-05,1
34.714,-2.9038e-05,1
34.715,-4.8508e-05,1
34.715,-7.2007e-05,1
34.716,-0.00012035,1
34.716,-0.00017775,1
34.717,-0.00019924,1
34.717,-0.0001697,1
34.718,-0.00010843,1
34.718,-3.3066e-05,1
34.719,4.3137e-05,1
34.719,0.00011162,1
34.72,0.00017104,1
34.72,0.00023214,1
34.721,0.00030028,1
34.721,0.00036239,1
34.722,0.00040586,1
34.723,0.00041711,1
34.723,0.00038656,1
34.724,0.00033285,1
34.724,0.00028685,1
34.725,0.00025698,1
34.725,0.00024019,1
34.726,0.00022139,1
34.726,0.00018447,1
34.727,0.00013881,1
34.727,9.2149e-05,1
34.728,3.9445e-05,1
34.728,-1.9303e-05,1
34.729,-8.3421e-05,1
34.729,-0.00014553,1
34.73,-0.00018379,1
34.73,-0.00018766,1
34.731,-0.00017003,1
34.731,-0.00014485,1
34.732,-0.00011951,1
34.732,-9.7856e-05,1
34.733,-7.6707e-05,1
34.733,-6.6804e-05,1
34.734,-8.8792e-05,1
34.734,-0.0001133,1
34.735,-0.00011431,1
34.736,-9.752e-05,1
34.736,-7.8721e-05,1
34.737,-6.5965e-05,1
34.737,-5.2369e-05,1
34.738,-3.4073e-05,1
34.738,-1.0239e-05,1
34.739,1.3931e-05,1
34.739,2.9877e-05,1
34.74,3.743e-05,1
34.74,4.8676e-05,1
34.741,7.2343e-05,1
34.741,9.752e-05,1
34.742,0.00011179,1
34.742,0.00011128,1
34.743,9.9535e-05,1
34.743,8.275e-05,1
34.744,5.9754e-05,1
34.744,3.2395e-05,1
34.745,2.5177e-06,1
34.745,-3.5584e-05,1
34.746,-8.2078e-05,1
34.746,-0.00012555,1
34.747,-0.0001566,1
34.747,-0.00016617,1
34.748,-0.00014553,1
34.748,-0.00010155,1
34.749,-6.7475e-05,1
34.75,-5.7572e-05,1
34.75,-5.153e-05,1
34.751,-2.3667e-05,1
34.751,3.3234e-05,1
34.752,0.00010726,1
34.752,0.00017053,1
34.753,0.00019974,1
34.753,0.00018849,1
34.754,0.00016231,1
34.754,0.00015325,1
34.755,0.00016097,1
34.755,0.00016466,1
34.756,0.00015358,1
34.756,0.00013378,1
34.757,0.00010591,1
34.757,6.6972e-05,1
34.758,2.8031e-05,1
34.758,8.3925e-06,1
34.759,1.7624e-05,1
34.759,4.8005e-05,1
34.76,7.7546e-05,1
34.76,8.8457e-05,1
34.761,9.0974e-05,1
34.761,9.8527e-05,1
34.762,0.00010188,1
34.763,8.275e-05,1
34.763,3.9109e-05,1
34.764,-7.5532e-06,1
34.764,-4.0452e-05,1
34.765,-5.4383e-05,1
34.765,-5.539e-05,1
34.766,-5.2873e-05,1
34.766,-4.7501e-05,1
34.767,-3.7766e-05,1
34.767,-3.0381e-05,1
34.768,-3.6088e-05,1
34.768,-5.153e-05,1
34.769,-5.8579e-05,1
34.769,-5.069e-05,1
34.77,-4.062e-05,1
34.77,-3.508e-05,1
34.771,-3.0045e-05,1
34.771,-2.3667e-05,1
34.772,-1.5274e-05,1
34.772,-6.5461e-06,1
34.773,-1.0071e-06,1
34.773,5.0355e-07,1
34.774,-5.0355e-07,1
34.774,-1.1749e-06,1
34.775,-2.8534e-06,1
34.775,-4.1962e-06,1
34.776,-1.6785e-06,1
34.777,-1.1749e-06,1
34.777,-2.1653e-05,1
34.778,-5.4887e-05,1
34.778,-7.6036e-05,1
34.779,-7.9393e-05,1
34.779,-6.9322e-05,1
34.78,-5.0187e-05,1
34.78,-3.357e-05,1
34.781,-1.7121e-05,1
34.781,4.5319e-06,1
34.782,1.2085e-05,1
34.782,-5.2033e-06,1
34.783,-2.6352e-05,1
34.783,-3.2898e-05,1
34.784,-2.266e-05,1
34.784,-8.3925e-07,1
34.785,2.2995e-05,1
34.785,4.7837e-05,1
34.786,7.1672e-05,1
34.786,9.1646e-05,1
34.787,0.0001091,1
34.787,0.00011632,1
34.788,0.00010692,1
34.788,9.752e-05,1
34.789,0.00010591,1
34.789,0.00012001,1
34.79,0.00011313,1
34.791,9.1814e-05,1
34.791,7.4357e-05,1
34.792,6.6636e-05,1
34.792,6.0929e-05,1
34.793,5.2201e-05,1
34.793,4.4816e-05,1
34.794,4.1459e-05,1
34.794,4.1123e-05,1
34.795,3.743e-05,1
34.795,2.9374e-05,1
34.796,2.1988e-05,1
34.796,2.266e-05,1
34.797,2.9206e-05,1
34.797,3.7766e-05,1
34.798,3.827e-05,1
34.798,2.3163e-05,1
34.799,5.2033e-06,1
34.799,-3.6927e-06,1
34.8,8.3925e-07,1
34.8,1.0239e-05,1
34.801,1.7624e-05,1
34.801,2.266e-05,1
34.802,2.5177e-05,1
34.802,2.3667e-05,1
34.803,1.8631e-05,1
34.804,1.2085e-05,1
34.804,1.0239e-05,1
34.805,2.1317e-05,1
34.805,4.0452e-05,1
34.806,4.3473e-05,1
34.806,2.0813e-05,1
34.807,-1.9806e-05,1
34.807,-6.0594e-05,1
34.808,-8.2078e-05,1
34.808,-8.0735e-05,1
34.809,-6.714e-05,1
34.809,-5.0858e-05,1
34.81,-3.5248e-05,1
34.81,-1.8967e-05,1
34.811,-1.0071e-06,1
34.811,1.2757e-05,1
34.812,1.6617e-05,1
34.812,1.5106e-05,1
34.813,1.091e-05,1
34.813,1.0071e-06,1
34.814,-1.7121e-05,1
34.814,-4.7501e-05,1
34.815,-8.3085e-05,1
34.815,-0.00010927,1
34.816,-0.00011884,1
34.816,-0.00011565,1
34.817,-0.00010574,1
34.818,-8.9464e-05,1
34.818,-6.2776e-05,1
34.819,-1.8463e-05,1
34.819,4.0787e-05,1
34.82,0.00010423,1
34.82,0.00016516,1
34.821,0.00021938,1
34.821,0.00026,1
34.822,0.00026839,1
34.822,0.00024154,1
34.823,0.00019655,1
34.823,0.00015341,1
34.824,0.000118,1
34.824,0.00010239,1
34.825,0.0001274,1
34.825,0.00016768,1
34.826,0.00018245,1
34.826,0.00016214,1
34.827,0.00011128,1
34.827,4.2802e-05,1
34.828,-2.417e-05,1
34.828,-7.5364e-05,1
34.829,-0.00011162,1
34.829,-0.00013445,1
34.83,-0.00013428,1
34.831,-0.00010373,1
34.831,-6.3615e-05,1
34.832,-4.1123e-05,1
34.832,-3.2731e-05,1
34.833,-2.7359e-05,1
34.833,-3.2395e-05,1
34.834,-4.0452e-05,1
34.834,-3.9109e-05,1
34.835,-4.1794e-05,1
34.835,-5.6062e-05,1
34.836,-7.1839e-05,1
34.836,-8.5435e-05,1
34.837,-9.8024e-05,1
34.837,-0.00011011,1
34.838,-0.00011514,1
34.838,-0.00010944,1
34.839,-9.5842e-05,1
34.839,-6.2272e-05,1
34.84,-5.539e-06,1
34.84,5.5558e-05,1
34.841,0.00010524,1
34.841,0.0001368,1
34.842,0.00014401,1
34.842,0.00013613,1
34.843,0.00012505,1
34.843,0.00011347,1
34.844,0.0001044,1
34.845,0.00010591,1
34.845,0.00011749,1
34.846,0.00013059,1
34.846,0.0001368,1
34.847,0.00013378,1
34.847,0.00012874,1
34.848,0.00012673,1
34.848,0.00012186,1
34.849,0.00011464,1
34.849,0.00011112,1
34.85,0.00010642,1
34.85,9.1814e-05,1
34.851,6.714e-05,1
34.851,4.2802e-05,1
34.852,2.8702e-05,1
34.852,2.1317e-05,1
34.853,1.1582e-05,1
34.853,-5.0355e-07,1
34.854,-8.896e-06,1
34.854,-1.4267e-05,1
34.855,-2.3163e-05,1
34.855,-3.8102e-05,1
34.856,-5.1194e-05,1
34.856,-5.7908e-05,1
34.857,-6.1433e-05,1
34.858,-5.774e-05,1
34.858,-4.5151e-05,1
34.859,-1.8463e-05,1
34.859,1.5106e-05,1
34.86,3.743e-05,1
34.86,4.0787e-05,1
34.861,2.8702e-05,1
34.861,8.5603e-06,1
34.862,-1.9806e-05,1
34.862,-4.7837e-05,1
34.863,-6.0594e-05,1
34.863,-5.9922e-05,1
34.864,-5.7404e-05,1
34.864,-5.9251e-05,1
34.865,-6.0594e-05,1
34.865,-5.4551e-05,1
34.866,-4.062e-05,1
34.866,-1.7288e-05,1
34.867,2.3499e-05,1
34.867,8.04e-05,1
34.868,0.00013613,1
34.868,0.00016902,1
34.869,0.00016802,1
34.869,0.00013948,1
34.87,9.9199e-05,1
34.87,5.8579e-05,1
34.871,2.6352e-05,1
34.872,5.8747e-06,1
34.872,-6.5461e-06,1
34.873,-1.3596e-05,1
34.873,-1.796e-05,1
34.874,-1.5946e-05,1
34.874,-7.7211e-06,1
34.875,-8.3925e-07,1
34.875,2.182e-06,1
34.876,1.4603e-05,1
34.876,3.1388e-05,1
34.877,3.7934e-05,1
34.877,3.1724e-05,1
34.878,2.501e-05,1
34.878,2.501e-05,1
34.879,3.0716e-05,1
34.879,2.7695e-05,1
34.88,3.5248e-06,1
34.88,-2.8534e-05,1
34.881,-5.0858e-05,1
34.881,-5.3712e-05,1
34.882,-3.978e-05,1
34.882,-2.0142e-05,1
34.883,2.5177e-06,1
34.883,3.2898e-05,1
34.884,5.8915e-05,1
34.885,6.3783e-05,1
34.885,4.448e-05,1
34.886,1.6449e-05,1
34.886,-4.8676e-06,1
34.887,-1.6785e-05,1
34.887,-1.9806e-05,1
34.888,-1.8296e-05,1
34.888,-1.5946e-05,1
34.889,-1.8799e-05,1
34.889,-2.652e-05,1
34.89,-1.8967e-05,1
34.89,1.0239e-05,1
34.891,4.5487e-05,1
34.891,6.9154e-05,1
34.892,7.0665e-05,1
34.892,5.4215e-05,1
34.893,3.1724e-05,1
34.893,1.4267e-05,1
34.894,4.8676e-06,1
34.894,3.1891e-06,1
34.895,5.2033e-06,1
34.895,6.2104e-06,1
34.896,1.4603e-05,1
34.896,3.1724e-05,1
34.897,2.9877e-05,1
34.898,-1.1749e-06,1
34.898,-2.1653e-05,1
34.899,-7.7211e-06,1
34.899,1.3092e-05,1
34.9,1.4603e-05,1
34.9,0,1
34.901,-1.5274e-05,1
34.901,-2.6184e-05,1
34.902,-2.9709e-05,1
34.902,-1.9303e-05,1
34.903,5.0355e-07,1
34.903,1.8128e-05,1
34.904,2.2995e-05,1
34.904,1.7624e-05,1
34.905,2.1988e-05,1
34.905,4.0452e-05,1
34.906,5.1865e-05,1
34.906,4.4984e-05,1
34.907,2.5345e-05,1
34.907,6.5461e-06,1
34.908,-6.3783e-06,1
34.908,-1.1582e-05,1
34.909,-4.1962e-06,1
34.909,1.2253e-05,1
34.91,2.9374e-05,1
34.91,3.9445e-05,1
34.911,3.592e-05,1
34.912,1.6785e-05,1
34.912,-1.8463e-06,1
34.913,1.8463e-06,1
34.913,3.2059e-05,1
34.914,8.3757e-05,1
34.914,0.00014485,1
34.915,0.00018917,1
34.915,0.00019638,1
34.916,0.00016634,1
34.916,0.00011531,1
34.917,7.0161e-05,1
34.917,5.0019e-05,1
34.918,4.7166e-05,1
34.918,3.743e-05,1
34.919,-1.1749e-06,1
34.919,-4.1962e-05,1
34.92,-5.0523e-05,1
34.92,-3.9948e-05,1
34.921,-3.4241e-05,1
34.921,-3.8773e-05,1
34.922,-4.5151e-05,1
34.922,-3.8773e-05,1
34.923,-1.9974e-05,1
34.923,3.1891e-06,1
34.924,2.4002e-05,1
34.925,3.978e-05,1
34.925,5.4551e-05,1
34.926,7.4861e-05,1
34.926,9.9199e-05,1
34.927,0.00012203,1
34.927,0.00014217,1
34.928,0.00015761,1
34.928,0.000165,1
34.929,0.00015862,1
34.929,0.00013797,1
34.93,0.00010642,1
34.93,7.2679e-05,1
34.931,4.448e-05,1
34.931,1.9974e-05,1
34.932,-8.896e-06,1
34.932,-4.1123e-05,1
34.933,-8.6107e-05,1
34.933,-0.0001368,1
34.934,-0.00015912,1
34.934,-0.00015325,1
34.935,-0.0001378,1
34.935,-0.0001227,1
34.936,-0.00012085,1
34.936,-0.0001321,1
34.937,-0.00013713,1
34.937,-0.00012337,1
34.938,-9.1478e-05,1
34.939,-5.388e-05,1
34.939,-1.326e-05,1
34.94,3.6759e-05,1
34.94,9.3996e-05,1
34.941,0.00014603,1
34.941,0.00018245,1
34.942,0.00019789,1
34.942,0.00019353,1
34.943,0.00017977,1
34.943,0.00016902,1
34.944,0.00017171,1
34.944,0.00017675,1
34.945,0.00017104,1
34.945,0.00014855,1
34.946,0.00010977,1
34.946,6.2776e-05,1
34.947,1.9638e-05,1
34.947,-1.8967e-05,1
34.948,-5.7908e-05,1
34.948,-8.8792e-05,1
34.949,-9.9702e-05,1
34.949,-8.5603e-05,1
34.95,-6.3951e-05,1
34.95,-5.8579e-05,1
34.951,-7.5364e-05,1
34.952,-0.00010658,1
34.952,-0.00013327,1
34.953,-0.0001378,1
34.953,-0.00012001,1
34.954,-8.7449e-05,1
34.954,-4.6159e-05,1
34.955,-9.2317e-06,1
34.955,2.0981e-05,1
34.956,4.2802e-05,1
34.956,5.4719e-05,1
34.957,5.9586e-05,1
34.957,6.0594e-05,1
34.958,5.2705e-05,1
34.958,3.0549e-05,1
34.959,8.2246e-06,1
34.959,-1.0071e-06,1
34.96,-9.5674e-06,1
34.96,-4.5151e-05,1
34.961,-8.5771e-05,1
34.961,-8.4932e-05,1
34.962,-4.0452e-05,1
34.962,1.8631e-05,1
34.963,6.2608e-05,1
34.963,9.0471e-05,1
34.964,0.0001138,1
34.964,0.0001415,1
34.965,0.00016869,1
34.966,0.00017708,1
34.966,0.00016349,1
34.967,0.00013948,1
34.967,0.00010726,1
34.968,5.6901e-05,1
34.968,-4.8676e-06,1
34.969,-5.6565e-05,1
34.969,-8.1743e-05,1
34.97,-9.0806e-05,1
34.97,-9.5674e-05,1
34.971,-9.6681e-05,1
34.971,-9.3996e-05,1
34.972,-8.7282e-05,1
34.972,-7.1336e-05,1
34.973,-3.508e-05,1
34.973,1.8128e-05,1
34.974,6.8986e-05,1
34.974,0.00010809,1
34.975,0.00012941,1
34.975,0.00012203,1
34.976,9.6513e-05,1
34.976,7.5364e-05,1
34.977,3.2563e-05,1
34.977,-3.0213e-05,1
34.978,-8.0232e-05,1
34.978,-0.00010658,1
34.979,-0.00011112,1
34.98,-9.3156e-05,1
34.98,-5.6565e-05,1
34.981,-1.3596e-05,1
34.981,2.2324e-05,1
34.982,5.1194e-05,1
34.982,8.426e-05,1
34.983,0.00011968,1
34.983,0.00014939,1
34.984,0.00016365,1
34.984,0.00015727,1
34.985,0.00014653,1
34.985,0.00014855,1
34.986,0.00015492,1
34.986,0.00014183,1
34.987,0.00010927,1
34.987,8.0735e-05,1
34.988,5.7908e-05,1
34.988,3.1388e-05,1
34.989,1.5274e-05,1
34.989,1.796e-05,1
34.99,2.8367e-05,1
34.99,3.3234e-05,1
34.991,2.6184e-05,1
34.991,8.7282e-06,1
34.992,-1.2589e-05,1
34.993,-2.9374e-05,1
34.993,-3.2059e-05,1
34.994,-1.7288e-05,1
34.994,4.1962e-06,1
34.995,1.6449e-05,1
34.995,1.4099e-05,1
34.996,3.357e-07,1
34.996,-1.4771e-05,1
34.997,-2.3667e-05,1
34.997,-3.0045e-05,1
34.998,-3.6759e-05,1
34.998,-3.978e-05,1
34.999,-4.0787e-05,1
34.999,-4.0116e-05,1
35,-3.743e-05,1
35,-3.3234e-05,1
35.001,-2.9038e-05,1
35.001,-2.4338e-05,1
35.002,-1.6953e-05,1
35.002,-1.091e-05,1
35.003,-6.0426e-06,1
35.003,4.3641e-06,1
35.004,2.2324e-05,1
35.004,4.6159e-05,1
35.005,6.2943e-05,1
35.005,5.5894e-05,1
35.006,2.6688e-05,1
35.007,-8.896e-06,1
35.007,-3.4577e-05,1
35.008,-4.683e-05,1
35.008,-5.153e-05,1
35.009,-5.8244e-05,1
35.009,-6.865e-05,1
35.01,-7.4693e-05,1
35.01,-8.0064e-05,1
35.011,-8.7785e-05,1
35.011,-8.8121e-05,1
35.012,-7.4693e-05,1
35.012,-5.7572e-05,1
35.013,-5.2033e-05,1
35.013,-4.3809e-05,1
35.014,-1.561e-05,1
35.014,2.4002e-05,1
35.015,5.4551e-05,1
35.015,6.4958e-05,1
35.016,7.2679e-05,1
35.016,9.7017e-05,1
35.017,0.00014183,1
35.017,0.00018782,1
35.018,0.00021837,1
35.018,0.00022744,1
35.019,0.00021065,1
35.02,0.00016902,1
35.02,0.00011867,1
35.021,7.9057e-05,1
35.021,5.4047e-05,1
35.022,3.122e-05,1
35.022,1.1749e-06,1
35.023,-3.2898e-05,1
35.023,-6.0761e-05,1
35.024,-7.2343e-05,1
35.024,-7.2175e-05,1
35.025,-6.63e-05,1
35.025,-6.4622e-05,1
35.026,-6.6468e-05,1
35.026,-5.6901e-05,1
35.027,-2.9038e-05,1
35.027,4.1962e-06,1
35.028,2.7695e-05,1
35.028,3.6927e-05,1
35.029,4.0452e-05,1
35.029,4.8173e-05,1
35.03,6.4958e-05,1
35.03,9.1646e-05,1
35.031,0.00012438,1
35.031,0.0001613,1
35.032,0.0001984,1
35.032,0.00021736,1
35.033,0.00019571,1
35.034,0.00014318,1
35.034,9.5171e-05,1
35.035,6.6636e-05,1
35.035,4.5991e-05,1
35.036,3.2395e-05,1
35.036,4.448e-05,1
35.037,6.865e-05,1
35.037,7.4189e-05,1
35.038,5.1698e-05,1
35.038,2.1149e-05,1
35.039,3.8605e-06,1
35.039,-1.6785e-07,1
35.04,-7.2175e-06,1
35.04,-2.2828e-05,1
35.041,-4.2802e-05,1
35.041,-6.5797e-05,1
35.042,-8.9128e-05,1
35.042,-0.00010423,1
35.043,-0.00010625,1
35.043,-9.3156e-05,1
35.044,-7.0497e-05,1
35.044,-4.7166e-05,1
35.045,-2.9038e-05,1
35.045,-1.3764e-05,1
35.046,2.5177e-06,1
35.047,1.9638e-05,1
35.047,3.5248e-05,1
35.048,4.683e-05,1
35.048,5.4383e-05,1
35.049,5.2705e-05,1
35.049,3.9948e-05,1
35.05,2.3835e-05,1
35.05,8.896e-06,1
35.051,-2.8534e-06,1
35.051,-1.2589e-05,1
35.052,-2.2492e-05,1
35.052,-3.6591e-05,1
35.053,-4.8676e-05,1
35.053,-4.6159e-05,1
35.054,-2.4506e-05,1
35.054,6.0426e-06,1
35.055,3.6423e-05,1
35.055,5.7572e-05,1
35.056,5.8244e-05,1
35.056,4.1794e-05,1
35.057,2.3835e-05,1
35.057,1.1917e-05,1
35.058,3.5248e-06,1
35.058,-8.3925e-07,1
35.059,6.714e-07,1
35.059,5.0355e-06,1
35.06,3.8605e-06,1
35.061,-6.2104e-06,1
35.061,-2.3163e-05,1
35.062,-3.508e-05,1
35.062,-3.7934e-05,1
35.063,-4.0452e-05,1
35.063,-3.592e-05,1
35.064,-2.7024e-05,1
35.064,-3.4745e-05,1
35.065,-5.7908e-05,1
35.065,-7.3518e-05,1
35.066,-7.1e-05,1
35.066,-5.5726e-05,1
35.067,-2.9038e-05,1
35.067,7.2175e-06,1
35.068,4.448e-05,1
35.068,7.1e-05,1
35.069,8.426e-05,1
35.069,9.0471e-05,1
35.07,9.4331e-05,1
35.07,0.00010121,1
35.071,0.00011565,1
35.071,0.0001321,1
35.072,0.00014821,1
35.072,0.00015795,1
35.073,0.00014116,1
35.074,9.5506e-05,1
35.074,3.9948e-05,1
35.075,-6.8818e-06,1
35.075,-3.9109e-05,1
35.076,-5.7069e-05,1
35.076,-6.7979e-05,1
35.077,-8.275e-05,1
35.077,-9.0303e-05,1
35.078,-6.8147e-05,1
35.078,-3.508e-05,1
35.079,-3.8605e-06,1
35.079,3.1388e-05,1
35.08,6.2943e-05,1
35.08,8.0735e-05,1
35.081,9.0974e-05,1
35.081,0.00011095,1
35.082,0.00013579,1
35.082,0.00014519,1
35.083,0.00013227,1
35.083,0.00010726,1
35.084,8.0735e-05,1
35.084,5.7069e-05,1
35.085,3.4745e-05,1
35.085,8.3925e-06,1
35.086,-1.9974e-05,1
35.087,-3.7095e-05,1
35.087,-3.7263e-05,1
35.088,-3.0381e-05,1
35.088,-2.4842e-05,1
35.089,-2.2156e-05,1
35.089,-6.3783e-06,1
35.09,3.6088e-05,1
35.09,9.3156e-05,1
35.091,0.0001331,1
35.091,0.00014066,1
35.092,0.00013411,1
35.092,0.00012807,1
35.093,0.00010692,1
35.093,6.6804e-05,1
35.094,2.2995e-05,1
35.094,-9.2317e-06,1
35.095,-2.5345e-05,1
35.095,-3.743e-05,1
35.096,-5.7908e-05,1
35.096,-8.0903e-05,1
35.097,-9.0806e-05,1
35.097,-8.3421e-05,1
35.098,-6.0426e-05,1
35.098,-2.9709e-05,1
35.099,3.1891e-06,1
35.099,3.1724e-05,1
35.1,4.1123e-05,1
35.101,2.5345e-05,1
35.101,-2.3499e-06,1
35.102,-1.8463e-05,1
35.102,-2.0478e-05,1
35.103,-2.266e-05,1
35.103,-2.8702e-05,1
35.104,-2.7695e-05,1
35.104,-9.0639e-06,1
35.105,2.3331e-05,1
35.105,4.6998e-05,1
35.106,4.3809e-05,1
35.106,4.8676e-06,1
35.107,-3.3234e-05,1
35.107,-4.1459e-05,1
35.108,-2.7024e-05,1
35.108,0,1
35.109,3.5584e-05,1
35.109,6.8818e-05,1
35.11,8.7785e-05,1
35.11,8.7114e-05,1
35.111,7.2007e-05,1
35.111,5.4719e-05,1
35.112,4.2802e-05,1
35.112,3.3738e-05,1
35.113,8.896e-06,1
35.114,-3.2395e-05,1
35.114,-6.6636e-05,1
35.115,-7.4861e-05,1
35.115,-5.2873e-05,1
35.116,-1.5274e-05,1
35.116,2.1317e-05,1
35.117,5.2201e-05,1
35.117,7.9057e-05,1
35.118,0.00010625,1
35.118,0.0001415,1
35.119,0.00017238,1
35.119,0.00017171,1
35.12,0.00013025,1
35.12,8.4764e-05,1
35.121,6.3615e-05,1
35.121,4.9516e-05,1
35.122,3.0716e-05,1
35.122,1.0575e-05,1
35.123,-8.7282e-06,1
35.123,-2.3331e-05,1
35.124,-2.9038e-05,1
35.124,-2.2995e-05,1
35.125,-2.8534e-06,1
35.125,2.3667e-05,1
35.126,4.7501e-05,1
35.126,6.9657e-05,1
35.127,8.3085e-05,1
35.128,7.5364e-05,1
35.128,6.2272e-05,1
35.129,6.009e-05,1
35.129,5.4887e-05,1
35.13,3.1388e-05,1
35.13,-8.896e-06,1
35.131,-5.1194e-05,1
35.131,-7.8218e-05,1
35.132,-8.8121e-05,1
35.132,-9.0135e-05,1
35.133,-8.3421e-05,1
35.133,-6.3447e-05,1
35.134,-3.2395e-05,1
35.134,-3.6927e-06,1
35.135,1.1078e-05,1
35.135,1.6953e-05,1
35.136,1.5274e-05,1
35.136,8.3925e-06,1
35.137,1.6785e-07,1
35.137,-4.5319e-06,1
35.138,-4.8676e-06,1
35.138,-3.357e-07,1
35.139,8.896e-06,1
35.139,1.8463e-05,1
35.14,2.3667e-05,1
35.141,1.9303e-05,1
35.141,4.5319e-06,1
35.142,-7.7211e-06,1
35.142,-5.7069e-06,1
35.143,6.0426e-06,1
35.143,1.7121e-05,1
35.144,2.1988e-05,1
35.144,2.0981e-05,1
35.145,1.7792e-05,1
35.145,1.796e-05,1
35.146,1.9638e-05,1
35.146,1.9638e-05,1
35.147,2.1317e-05,1
35.147,2.5345e-05,1
35.148,3.0549e-05,1
35.148,3.2059e-05,1
35.149,2.7527e-05,1
35.149,1.6281e-05,1
35.15,-2.8534e-06,1
35.15,-3.4073e-05,1
35.151,-7.2343e-05,1
35.151,-9.5171e-05,1
35.152,-9.1814e-05,1
35.152,-7.2847e-05,1
35.153,-5.2033e-05,1
35.153,-3.0045e-05,1
35.154,-1.8463e-06,1
35.155,2.1988e-05,1
35.155,2.8702e-05,1
35.156,2.1653e-05,1
35.156,1.6785e-07,1
35.157,-3.508e-05,1
35.157,-7.1672e-05,1
35.158,-9.2149e-05,1
35.158,-8.5435e-05,1
35.159,-5.4887e-05,1
35.159,-1.8463e-05,1
35.16,1.9638e-05,1
35.16,7.0665e-05,1
35.161,0.00011934,1
35.161,0.00014083,1
35.162,0.00014116,1
35.162,0.0001415,1
35.163,0.00015023,1
35.163,0.00016835,1
35.164,0.00019252,1
35.164,0.00021317,1
35.165,0.00021686,1
35.165,0.00020511,1
35.166,0.00019051,1
35.166,0.00017171,1
35.167,0.00014049,1
35.167,8.7785e-05,1
35.168,2.3667e-05,1
35.169,-5.1362e-05,1
35.169,-0.00013999,1
35.17,-0.00024724,1
35.17,-0.00032596,1
35.171,-0.00032982,1
35.171,-0.00027091,1
35.172,-0.00018816,1
35.172,-0.00010373,1
35.173,-2.0645e-05,1
35.173,6.3447e-05,1
35.174,0.00015811,1
35.174,0.00025194,1
35.175,0.00029625,1
35.175,0.00030565,1
35.176,0.00033285,1
35.176,0.00036809,1
35.177,0.00035433,1
35.177,0.00027141,1
35.178,0.00015375,1
35.178,4.9348e-05,1
35.179,-2.7359e-05,1
35.179,-7.8553e-05,1
35.18,-9.2149e-05,1
35.18,-7.1336e-05,1
35.181,-4.7837e-05,1
35.182,-5.0355e-05,1
35.182,-7.8721e-05,1
35.183,-0.00010726,1
35.183,-0.00010927,1
35.184,-6.8315e-05,1
35.184,1.2421e-05,1
35.185,0.00010105,1
35.185,0.00015828,1
35.186,0.0001749,1
35.186,0.00016432,1
35.187,0.00014116,1
35.187,0.00011917,1
35.188,0.00010289,1
35.188,8.51e-05,1
35.189,5.9251e-05,1
35.189,2.6688e-05,1
35.19,-9.7353e-06,1
35.19,-4.1459e-05,1
35.191,-6.5126e-05,1
35.191,-8.4428e-05,1
35.192,-0.00010373,1
35.192,-0.00012018,1
35.193,-0.00013025,1
35.193,-0.00013629,1
35.194,-0.00014234,1
35.194,-0.00013529,1
35.195,-0.00010793,1
35.196,-7.8553e-05,1
35.196,-6.0426e-05,1
35.197,-4.4984e-05,1
35.197,-2.501e-05,1
35.198,-4.6998e-06,1
35.198,1.2589e-05,1
35.199,2.501e-05,1
35.199,2.7695e-05,1
35.2,1.3428e-05,1
35.2,-1.4099e-05,1
35.201,-4.0116e-05,1
35.201,-5.0523e-05,1
35.202,-4.6494e-05,1
35.202,-3.4073e-05,1
35.203,-1.8967e-05,1
35.203,-8.896e-06,1
35.204,-8.2246e-06,1
35.204,-1.2085e-05,1
35.205,-1.0742e-05,1
35.205,3.1891e-06,1
35.206,1.9303e-05,1
35.206,3.0381e-05,1
35.207,3.4577e-05,1
35.207,2.9206e-05,1
35.208,7.7211e-06,1
35.209,-2.7359e-05,1
35.209,-5.9083e-05,1
35.21,-7.3686e-05,1
35.21,-7.0161e-05,1
35.211,-4.1459e-05,1
35.211,1.2589e-05,1
35.212,6.6972e-05,1
35.212,9.6178e-05,1
35.213,0.0001044,1
35.213,9.9031e-05,1
35.214,8.1071e-05,1
35.214,6.2943e-05,1
35.215,6.2272e-05,1
35.215,7.7714e-05,1
35.216,9.987e-05,1
35.216,0.00012538,1
35.217,0.00015828,1
35.217,0.00020175,1
35.218,0.00022475,1
35.218,0.00019857,1
35.219,0.00013143,1
35.219,5.0858e-05,1
35.22,-1.6953e-05,1
35.22,-6.4622e-05,1
35.221,-9.5338e-05,1
35.221,-0.00011716,1
35.222,-0.00014116,1
35.223,-0.0001801,1
35.223,-0.00022441,1
35.224,-0.00023398,1
35.224,-0.00019907,1
35.225,-0.00014519,1
35.225,-8.8289e-05,1
35.226,-3.2059e-05,1
35.226,2.031e-05,1
35.227,5.7908e-05,1
35.227,8.1575e-05,1
35.228,0.00010793,1
35.228,0.0001514,1
35.229,0.00020729,1
35.229,0.00025295,1
35.23,0.00026403,1
35.23,0.00023247,1
35.231,0.00019034,1
35.231,0.00017809,1
35.232,0.00018732,1
35.232,0.00017977,1
35.233,0.00014267,1
35.233,9.6345e-05,1
35.234,5.9754e-05,1
35.234,3.4409e-05,1
35.235,1.3931e-05,1
35.236,-5.7069e-06,1
35.236,-2.031e-05,1
35.237,-2.6352e-05,1
35.237,-3.0381e-05,1
35.238,-3.8102e-05,1
35.238,-4.5991e-05,1
35.239,-4.4816e-05,1
35.239,-3.827e-05,1
35.24,-3.8773e-05,1
35.24,-5.1865e-05,1
35.241,-7.1336e-05,1
35.241,-8.6107e-05,1
35.242,-9.6345e-05,1
35.242,-9.6178e-05,1
35.243,-7.1336e-05,1
35.243,-2.4674e-05,1
35.244,2.2324e-05,1
35.244,4.6494e-05,1
35.245,4.5151e-05,1
35.245,2.2156e-05,1
35.246,-2.1653e-05,1
35.246,-5.0019e-05,1
35.247,-3.4073e-05,1
35.247,1.0575e-05,1
35.248,5.7237e-05,1
35.248,8.5771e-05,1
35.249,8.8289e-05,1
35.25,6.0258e-05,1
35.25,7.0497e-06,1
35.251,-4.4144e-05,1
35.251,-5.6062e-05,1
35.252,-1.4603e-05,1
35.252,6.0929e-05,1
35.253,0.00013545,1
35.253,0.00017574,1
35.254,0.00016432,1
35.254,0.00010726,1
35.255,4.448e-05,1
35.255,9.2317e-06,1
35.256,8.3925e-07,1
35.256,5.7069e-06,1
35.257,2.3163e-05,1
35.257,4.1459e-05,1
35.258,3.9948e-05,1
35.258,8.3925e-06,1
35.259,-3.2059e-05,1
35.259,-3.6591e-05,1
35.26,-3.5248e-06,1
35.26,3.3738e-05,1
35.261,6.1097e-05,1
35.261,8.661e-05,1
35.262,0.00010977,1
35.263,0.00011498,1
35.263,9.6513e-05,1
35.264,6.8315e-05,1
35.264,5.1698e-05,1
35.265,5.3544e-05,1
35.265,6.4958e-05,1
35.266,7.5532e-05,1
35.266,6.6636e-05,1
35.267,4.0787e-05,1
35.267,1.9303e-05,1
35.268,6.8818e-06,1
35.268,-1.326e-05,1
35.269,-3.8773e-05,1
35.269,-5.7237e-05,1
35.27,-6.9154e-05,1
35.27,-8.5435e-05,1
35.271,-0.00010541,1
35.271,-0.00011632,1
35.272,-0.00011431,1
35.272,-0.00010289,1
35.273,-9.1142e-05,1
35.273,-9.3828e-05,1
35.274,-0.00011095,1
35.274,-0.00012673,1
35.275,-0.00012673,1
35.276,-0.00010977,1
35.276,-8.275e-05,1
35.277,-5.0858e-05,1
35.277,-2.1653e-05,1
35.278,4.1962e-06,1
35.278,3.0716e-05,1
35.279,5.6901e-05,1
35.279,8.04e-05,1
35.28,0.00010088,1
35.28,0.00011934,1
35.281,0.0001378,1
35.281,0.00015492,1
35.282,0.00015459,1
35.282,0.00013126,1
35.283,0.00010088,1
35.283,7.9057e-05,1
35.284,6.5629e-05,1
35.284,5.4047e-05,1
35.285,3.8437e-05,1
35.285,1.9471e-05,1
35.286,5.539e-06,1
35.286,-1.6785e-07,1
35.287,5.0355e-07,1
35.287,6.2104e-06,1
35.288,1.4603e-05,1
35.288,1.3596e-05,1
35.289,-1.5442e-05,1
35.29,-6.4286e-05,1
35.29,-9.5171e-05,1
35.291,-8.9128e-05,1
35.291,-5.153e-05,1
35.292,1.1078e-05,1
35.292,8.0232e-05,1
35.293,0.00013059,1
35.293,0.00014788,1
35.294,0.00014049,1
35.294,0.00012639,1
35.295,0.0001237,1
35.295,0.00013747,1
35.296,0.00015593,1
35.296,0.00016567,1
35.297,0.00016265,1
35.297,0.00014418,1
35.298,0.00011246,1
35.298,8.9464e-05,1
35.299,8.5435e-05,1
35.299,8.0903e-05,1
35.3,5.4551e-05,1
35.3,6.5461e-06,1
35.301,-4.8341e-05,1
35.301,-9.4499e-05,1
35.302,-0.00010893,1
35.303,-8.8121e-05,1
35.303,-6.0594e-05,1
35.304,-5.4887e-05,1
35.304,-7.1168e-05,1
35.305,-8.6275e-05,1
35.305,-9.6178e-05,1
35.306,-0.00010054,1
35.306,-8.1239e-05,1
35.307,-3.9277e-05,1
35.307,-3.0213e-06,1
35.308,1.1917e-05,1
35.308,7.0497e-06,1
35.309,-8.2246e-06,1
35.309,-2.4674e-05,1
35.31,-3.5416e-05,1
35.31,-3.9445e-05,1
35.311,-4.5151e-05,1
35.311,-4.8844e-05,1
35.312,-3.4409e-05,1
35.312,-2.0142e-06,1
35.313,3.0045e-05,1
35.313,4.2466e-05,1
35.314,3.8773e-05,1
35.314,3.6927e-05,1
35.315,4.1459e-05,1
35.315,4.213e-05,1
35.316,3.2059e-05,1
35.317,1.4267e-05,1
35.317,-2.6856e-06,1
35.318,-1.0407e-05,1
35.318,-8.2246e-06,1
35.319,4.1962e-06,1
35.319,2.266e-05,1
35.32,3.9277e-05,1
35.32,4.5487e-05,1
35.321,4.0955e-05,1
35.321,3.2059e-05,1
35.322,2.2995e-05,1
35.322,2.266e-05,1
35.323,3.1556e-05,1
35.323,3.7095e-05,1
35.324,4.2466e-05,1
35.324,4.6159e-05,1
35.325,3.5416e-05,1
35.325,9.9031e-06,1
35.326,-2.1653e-05,1
35.326,-4.8341e-05,1
35.327,-5.623e-05,1
35.327,-3.508e-05,1
35.328,1.326e-05,1
35.328,6.9993e-05,1
35.329,0.00010759,1
35.33,0.00011196,1
35.33,9.6513e-05,1
35.331,8.0735e-05,1
35.331,6.2608e-05,1
35.332,4.1459e-05,1
35.332,2.4506e-05,1
35.333,1.5274e-05,1
35.333,1.326e-05,1
35.334,1.6953e-05,1
35.334,2.2828e-05,1
35.335,2.5681e-05,1
35.335,2.6688e-05,1
35.336,2.501e-05,1
35.336,1.2589e-05,1
35.337,-1.4603e-05,1
35.337,-4.2969e-05,1
35.338,-5.5222e-05,1
35.338,-5.1194e-05,1
35.339,-4.0787e-05,1
35.339,-3.122e-05,1
35.34,-2.6017e-05,1
35.34,-3.122e-05,1
35.341,-4.2802e-05,1
35.341,-4.3305e-05,1
35.342,-2.1485e-05,1
35.342,2.3331e-05,1
35.343,7.5868e-05,1
35.344,0.00011128,1
35.344,0.00011514,1
35.345,9.836e-05,1
35.345,7.6036e-05,1
35.346,4.9851e-05,1
35.346,2.5681e-05,1
35.347,2.2492e-05,1
35.347,4.1962e-05,1
35.348,6.2272e-05,1
35.348,7.9728e-05,1
35.349,0.00010088,1
35.349,0.00011565,1
35.35,0.00012337,1
35.35,0.00012874,1
35.351,0.00012538,1
35.351,0.0001039,1
35.352,8.2414e-05,1
35.352,8.04e-05,1
35.353,8.7114e-05,1
35.353,8.2078e-05,1
35.354,7.0329e-05,1
35.354,7.6707e-05,1
35.355,0.00010373,1
35.355,0.00012874,1
35.356,0.0001373,1
35.356,0.00012572,1
35.357,0.00011128,1
35.358,0.00010373,1
35.358,8.1575e-05,1
35.359,4.213e-05,1
35.359,3.6927e-06,1
35.36,-2.1988e-05,1
35.36,-4.5487e-05,1
35.361,-8.7449e-05,1
35.361,-0.00013462,1
35.362,-0.00014955,1
35.362,-0.00012404,1
35.363,-7.6539e-05,1
35.363,-2.1317e-05,1
35.364,3.1556e-05,1
35.364,6.4118e-05,1
35.365,7.3686e-05,1
35.365,7.5029e-05,1
35.366,6.8986e-05,1
35.366,6.0929e-05,1
35.367,6.2608e-05,1
35.367,4.1627e-05,1
35.368,-5.539e-06,1
35.368,-5.5558e-05,1
35.369,-0.00010759,1
35.369,-0.00015375,1
35.37,-0.00018447,1
35.371,-0.00019588,1
35.371,-0.00019588,1
35.372,-0.00018531,1
35.372,-0.00015627,1
35.373,-0.00010541,1
35.373,-4.1962e-05,1
35.374,8.896e-06,1
35.374,2.9709e-05,1
35.375,3.0045e-05,1
35.375,3.0045e-05,1
35.376,3.122e-05,1
35.376,2.7359e-05,1
35.377,1.7121e-05,1
35.377,4.3641e-06,1
35.378,-5.7069e-06,1
35.378,-6.8818e-06,1
35.379,-3.0213e-06,1
35.379,-9.3996e-06,1
35.38,-3.1388e-05,1
35.38,-4.8005e-05,1
35.381,-4.9012e-05,1
35.381,-4.7166e-05,1
35.382,-5.388e-05,1
35.382,-5.3544e-05,1
35.383,-3.122e-05,1
35.383,-1.5106e-06,1
35.384,2.1317e-05,1
35.385,3.9445e-05,1
35.385,6.2608e-05,1
35.386,9.7856e-05,1
35.386,0.00013881,1
35.387,0.00015962,1
35.387,0.00015476,1
35.388,0.00014452,1
35.388,0.0001368,1
35.389,0.000118,1
35.389,8.426e-05,1
35.39,5.4551e-05,1
35.39,4.5991e-05,1
35.391,5.1194e-05,1
35.391,5.4047e-05,1
35.392,5.0187e-05,1
35.392,4.3473e-05,1
35.393,4.062e-05,1
35.393,4.7837e-05,1
35.394,5.9754e-05,1
35.394,6.4622e-05,1
35.395,5.9419e-05,1
35.395,4.918e-05,1
35.396,4.2634e-05,1
35.396,4.3137e-05,1
35.397,4.8508e-05,1
35.398,5.6397e-05,1
35.398,6.3615e-05,1
35.399,6.6636e-05,1
35.399,5.2537e-05,1
35.4,1.4267e-05,1
35.4,-3.0045e-05,1
35.401,-5.6565e-05,1
35.401,-6.1433e-05,1
35.402,-5.1362e-05,1
35.402,-3.7766e-05,1
35.403,-3.2563e-05,1
35.403,-3.2563e-05,1
35.404,-2.7695e-05,1
35.404,-1.5778e-05,1
35.405,2.182e-06,1
35.405,1.9974e-05,1
35.406,3.3402e-05,1
35.406,4.4144e-05,1
35.407,6.3615e-05,1
35.407,9.2317e-05,1
35.408,0.00011296,1
35.408,0.00011531,1
35.409,9.6513e-05,1
35.409,6.0929e-05,1
35.41,2.3667e-05,1
35.41,-1.5106e-06,1
35.411,-1.5106e-05,1
35.412,-2.6688e-05,1
35.412,-3.5752e-05,1
35.413,-4.3809e-05,1
35.413,-6.9657e-05,1
35.414,-0.00011699,1
35.414,-0.00015325,1
35.415,-0.00014871,1
35.415,-0.00010692,1
35.416,-4.5151e-05,1
35.416,2.3331e-05,1
35.417,7.6707e-05,1
35.417,9.987e-05,1
35.418,9.8695e-05,1
35.418,9.2149e-05,1
35.419,9.0974e-05,1
35.419,9.6849e-05,1
35.42,0.00010222,1
35.42,0.0001039,1
35.421,0.00010121,1
35.421,9.1814e-05,1
35.422,8.6946e-05,1
35.422,9.2988e-05,1
35.423,0.00010289,1
35.423,0.00010356,1
35.424,9.1142e-05,1
35.425,7.7043e-05,1
35.425,6.1601e-05,1
35.426,3.9277e-05,1
35.426,1.6785e-07,1
35.427,-4.4816e-05,1
35.427,-7.4693e-05,1
35.428,-8.51e-05,1
35.428,-7.9561e-05,1
35.429,-6.4286e-05,1
35.429,-5.0187e-05,1
35.43,-3.7095e-05,1
35.43,-1.5778e-05,1
35.431,1.2589e-05,1
35.431,3.5752e-05,1
35.432,4.918e-05,1
35.432,6.2776e-05,1
35.433,8.0903e-05,1
35.433,8.9799e-05,1
35.434,7.2343e-05,1
35.434,3.2731e-05,1
35.435,-1.7288e-05,1
35.435,-5.4047e-05,1
35.436,-5.7908e-05,1
35.436,-4.4144e-05,1
35.437,-3.9612e-05,1
35.438,-5.2537e-05,1
35.438,-6.7308e-05,1
35.439,-6.4286e-05,1
35.439,-3.6088e-05,1
35.44,1.1582e-05,1
35.44,5.5055e-05,1
35.441,7.0329e-05,1
35.441,6.0594e-05,1
35.442,4.448e-05,1
35.442,3.122e-05,1
35.443,2.0813e-05,1
35.443,2.3835e-05,1
35.444,3.9612e-05,1
35.444,5.4887e-05,1
35.445,5.623e-05,1
35.445,4.2634e-05,1
35.446,2.6017e-05,1
35.446,1.7288e-05,1
35.447,1.9638e-05,1
35.447,2.3499e-05,1
35.448,2.2995e-05,1
35.448,2.4338e-05,1
35.449,3.4073e-05,1
35.449,4.8005e-05,1
35.45,5.7908e-05,1
35.45,5.2873e-05,1
35.451,2.8367e-05,1
35.452,-4.0284e-06,1
35.452,-2.6856e-05,1
35.453,-3.0716e-05,1
35.453,-2.3331e-05,1
35.454,-1.9974e-05,1
35.454,-2.6352e-05,1
35.455,-3.6759e-05,1
35.455,-3.9277e-05,1
35.456,-3.3738e-05,1
35.456,-3.0381e-05,1
35.457,-2.4002e-05,1
35.457,5.2033e-06,1
35.458,5.5558e-05,1
35.458,9.6849e-05,1
35.459,0.00010994,1
35.459,9.5506e-05,1
35.46,7.3014e-05,1
35.46,5.5055e-05,1
35.461,4.2298e-05,1
35.461,2.3499e-05,1
35.462,7.5532e-06,1
35.462,1.9974e-05,1
35.463,6.0594e-05,1
35.463,0.00010222,1
35.464,0.00011363,1
35.465,7.9393e-05,1
35.465,3.2059e-05,1
35.466,1.2924e-05,1
35.466,3.508e-05,1
35.467,7.8889e-05,1
35.467,0.00010625,1
35.468,0.00010121,1
35.468,7.7043e-05,1
35.469,4.448e-05,1
35.469,4.6998e-06,1
35.47,-2.9877e-05,1
35.47,-4.448e-05,1
35.471,-4.213e-05,1
35.471,-4.1291e-05,1
35.472,-5.3544e-05,1
35.472,-7.5532e-05,1
35.473,-0.00010004,1
35.473,-0.00012052,1
35.474,-0.00012421,1
35.474,-0.00010843,1
35.475,-8.8289e-05,1
35.475,-7.1336e-05,1
35.476,-5.7404e-05,1
35.476,-4.448e-05,1
35.477,-1.4603e-05,1
35.477,3.8605e-05,1
35.478,9.1646e-05,1
35.479,0.0001086,1
35.479,8.1407e-05,1
35.48,3.0716e-05,1
35.48,-2.8367e-05,1
35.481,-8.7114e-05,1
35.481,-0.00010524,1
35.482,-6.3615e-05,1
35.482,3.5248e-06,1
35.483,5.5222e-05,1
35.483,8.04e-05,1
35.484,9.2485e-05,1
35.484,0.00010491,1
35.485,0.00012052,1
35.485,0.00013999,1
35.486,0.00015795,1
35.486,0.000165,1
35.487,0.00016164,1
35.487,0.00014754,1
35.488,0.0001232,1
35.488,0.00010037,1
35.489,8.9128e-05,1
35.489,8.4092e-05,1
35.49,7.4693e-05,1
35.49,6.1265e-05,1
35.491,4.3473e-05,1
35.492,1.9974e-05,1
35.492,-1.8967e-05,1
35.493,-7.335e-05,1
35.493,-0.00010776,1
35.494,-0.00010289,1
35.494,-6.7979e-05,1
35.495,-2.0813e-05,1
35.495,3.4577e-05,1
35.496,9.2821e-05,1
35.496,0.00012975,1
35.497,0.0001331,1
35.497,0.00011733,1
35.498,9.4835e-05,1
35.498,7.1336e-05,1
35.499,4.5487e-05,1
35.499,1.7288e-05,1
35.5,-1.796e-05,1
35.5,-5.9922e-05,1
35.501,-9.366e-05,1
35.501,-9.987e-05,1
35.502,-7.4693e-05,1
35.502,-3.7766e-05,1
35.503,-2.0142e-06,1
35.503,2.0981e-05,1
35.504,2.7192e-05,1
35.504,2.8031e-05,1
35.505,2.7192e-05,1
35.506,2.8031e-05,1
35.506,3.978e-05,1
35.507,6.2272e-05,1
35.507,8.2246e-05,1
35.508,8.896e-05,1
35.508,8.0064e-05,1
35.509,5.388e-05,1
35.509,1.8967e-05,1
35.51,-1.1246e-05,1
35.51,-3.2731e-05,1
35.511,-4.8844e-05,1
35.511,-5.4047e-05,1
35.512,-3.5752e-05,1
35.512,-1.0071e-05,1
35.513,6.714e-07,1
35.513,-1.0575e-05,1
35.514,-3.7263e-05,1
35.514,-7.2007e-05,1
35.515,-0.00010071,1
35.515,-0.00010608,1
35.516,-8.7785e-05,1
35.516,-6.9322e-05,1
35.517,-7.2007e-05,1
35.517,-9.2317e-05,1
35.518,-0.00011078,1
35.519,-0.00011498,1
35.519,-9.1478e-05,1
35.52,-4.448e-05,1
35.52,-9.7353e-06,1
35.521,-4.1962e-06,1
35.521,-9.7353e-06,1
35.522,-7.8889e-06,1
35.522,1.6617e-05,1
35.523,6.7643e-05,1
35.523,0.00012438,1
35.524,0.00015526,1
35.524,0.00014351,1
35.525,9.9535e-05,1
35.525,5.1026e-05,1
35.526,2.266e-05,1
35.526,2.2324e-05,1
35.527,4.2802e-05,1
35.527,6.8147e-05,1
35.528,8.661e-05,1
35.528,0.00010591,1
35.529,0.00014015,1
35.529,0.00018749,1
35.53,0.00022324,1
35.53,0.00022945,1
35.531,0.00021804,1
35.531,0.00019907,1
35.532,0.00016667,1
35.533,0.00012203,1
35.533,7.335e-05,1
35.534,2.4002e-05,1
35.534,-1.7121e-05,1
35.535,-4.1794e-05,1
35.535,-4.6326e-05,1
35.536,-3.5248e-05,1
35.536,-2.031e-05,1
35.537,-1.091e-05,1
35.537,-5.539e-06,1
35.538,-3.5248e-06,1
35.538,-9.0639e-06,1
35.539,-2.2324e-05,1
35.539,-4.683e-05,1
35.54,-8.275e-05,1
35.54,-0.00011733,1
35.541,-0.00012992,1
35.541,-0.00011699,1
35.542,-8.8121e-05,1
35.542,-4.2466e-05,1
35.543,2.1149e-05,1
35.543,7.9728e-05,1
35.544,0.00010994,1
35.544,0.00011196,1
35.545,9.9199e-05,1
35.545,8.1071e-05,1
35.546,6.4286e-05,1
35.547,5.6062e-05,1
35.547,5.4551e-05,1
35.548,5.4215e-05,1
35.548,5.0523e-05,1
35.549,3.2059e-05,1
35.549,-2.5177e-06,1
35.55,-3.978e-05,1
35.55,-6.5293e-05,1
35.551,-6.5797e-05,1
35.551,-5.7237e-05,1
35.552,-7.4189e-05,1
35.552,-9.601e-05,1
35.553,-8.426e-05,1
35.553,-5.2201e-05,1
35.554,-3.1724e-05,1
35.554,-3.3402e-05,1
35.555,-5.4383e-05,1
35.555,-9.0806e-05,1
35.556,-0.00012471,1
35.556,-0.00013008,1
35.557,-9.8863e-05,1
35.557,-5.5726e-05,1
35.558,-1.8128e-05,1
35.558,1.0575e-05,1
35.559,3.5416e-05,1
35.56,6.9657e-05,1
35.56,0.00012505,1
35.561,0.00018581,1
35.561,0.00022811,1
35.562,0.0002454,1
35.562,0.00024909,1
35.563,0.00024422,1
35.563,0.00022005,1
35.564,0.00017507,1
35.564,0.00012522,1
35.565,8.5771e-05,1
35.565,6.4958e-05,1
35.566,6.0761e-05,1
35.566,5.8915e-05,1
35.567,4.5823e-05,1
35.567,2.6017e-05,1
35.568,1.2421e-05,1
35.568,6.5461e-06,1
35.569,7.0497e-06,1
35.569,8.2246e-06,1
35.57,2.3499e-06,1
35.57,-1.5778e-05,1
35.571,-4.4816e-05,1
35.571,-7.1336e-05,1
35.572,-8.7953e-05,1
35.572,-9.3156e-05,1
35.573,-8.6275e-05,1
35.574,-7.335e-05,1
35.574,-6.0761e-05,1
35.575,-4.6494e-05,1
35.575,-3.1724e-05,1
35.576,-3.9109e-05,1
35.576,-8.2414e-05,1
35.577,-0.00012622,1
35.577,-0.00014083,1
35.578,-0.00012169,1
35.578,-8.275e-05,1
35.579,-5.0523e-05,1
35.579,-4.5151e-05,1
35.58,-6.0761e-05,1
35.58,-7.2175e-05,1
35.581,-6.9322e-05,1
35.581,-4.7669e-05,1
35.582,-5.0355e-07,1
35.582,7.3686e-05,1
35.583,0.0001462,1
35.583,0.00018379,1
35.584,0.00019185,1
35.584,0.00018984,1
35.585,0.00018363,1
35.585,0.00017288,1
35.586,0.00016097,1
35.587,0.00015845,1
35.587,0.00016936,1
35.588,0.00018631,1
35.588,0.0002177,1
35.589,0.00026033,1
35.589,0.00028719,1
35.59,0.00027645,1
35.59,0.00022861,1
35.591,0.00015627,1
35.591,7.7043e-05,1
35.592,5.8747e-06,1
35.592,-4.683e-05,1
35.593,-8.275e-05,1
35.593,-0.00010625,1
35.594,-0.00012001,1
35.594,-0.00012169,1
35.595,-0.00011649,1
35.595,-0.00011044,1
35.596,-9.3996e-05,1
35.596,-6.3783e-05,1
35.597,-3.5584e-05,1
35.597,-2.031e-05,1
35.598,-1.4267e-05,1
35.598,-1.2253e-05,1
35.599,-1.6785e-05,1
35.599,-2.7024e-05,1
35.6,-3.5416e-05,1
35.601,-4.0116e-05,1
35.601,-4.2466e-05,1
35.602,-3.2731e-05,1
35.602,-2.5177e-06,1
35.603,2.5681e-05,1
35.603,3.2059e-05,1
35.604,1.6953e-05,1
35.604,-7.8889e-06,1
35.605,-2.9206e-05,1
35.605,-4.1123e-05,1
35.606,-4.8005e-05,1
35.606,-5.388e-05,1
35.607,-5.3208e-05,1
35.607,-2.9877e-05,1
35.608,1.9806e-05,1
35.608,6.3951e-05,1
35.609,7.1336e-05,1
35.609,3.8773e-05,1
35.61,-1.0575e-05,1
35.61,-5.153e-05,1
35.611,-7.0665e-05,1
35.611,-7.3686e-05,1
35.612,-7.2679e-05,1
35.612,-6.8147e-05,1
35.613,-5.388e-05,1
35.614,-3.3234e-05,1
35.614,-1.8799e-05,1
35.615,-1.1749e-05,1
35.615,-3.0213e-06,1
35.616,9.0639e-06,1
35.616,1.8463e-05,1
35.617,2.3331e-05,1
35.617,2.7527e-05,1
35.618,3.4409e-05,1
35.618,4.6159e-05,1
35.619,5.1698e-05,1
35.619,4.213e-05,1
35.62,2.8199e-05,1
35.62,2.3163e-05,1
35.621,2.3667e-05,1
35.621,2.266e-05,1
35.622,1.9303e-05,1
35.622,1.2589e-05,1
35.623,4.1962e-06,1
35.623,6.2104e-06,1
35.624,2.9374e-05,1
35.624,5.5558e-05,1
35.625,6.9154e-05,1
35.625,6.9657e-05,1
35.626,5.6733e-05,1
35.627,3.0045e-05,1
35.627,5.8747e-06,1
35.628,5.2033e-06,1
35.628,3.3402e-05,1
35.629,7.2511e-05,1
35.629,9.7856e-05,1
35.63,0.00010004,1
35.63,7.8386e-05,1
35.631,4.3977e-05,1
35.631,1.4099e-05,1
35.632,-1.8463e-06,1
35.632,-6.5461e-06,1
35.633,-9.0639e-06,1
35.633,-1.7624e-05,1
35.634,-2.887e-05,1
35.634,-3.4241e-05,1
35.635,-2.652e-05,1
35.635,2.8534e-06,1
35.636,5.0858e-05,1
35.636,0.00010121,1
35.637,0.00013008,1
35.637,0.00013613,1
35.638,0.00013378,1
35.638,0.00013143,1
35.639,0.00012555,1
35.639,0.00011598,1
35.64,0.00010726,1
35.641,9.9702e-05,1
35.641,8.9464e-05,1
35.642,7.4022e-05,1
35.642,6.0426e-05,1
35.643,5.9754e-05,1
35.643,7.4525e-05,1
35.644,9.7688e-05,1
35.644,0.00011733,1
35.645,0.00012186,1
35.645,0.00010826,1
35.646,8.2582e-05,1
35.646,4.9348e-05,1
35.647,1.5946e-05,1
35.647,-5.8747e-06,1
35.648,-1.7121e-05,1
35.648,-2.9206e-05,1
35.649,-3.3402e-05,1
35.649,-2.1317e-05,1
35.65,-8.3925e-06,1
35.65,-9.5674e-06,1
35.651,-2.1988e-05,1
35.651,-4.3809e-05,1
35.652,-6.9154e-05,1
35.652,-8.6107e-05,1
35.653,-9.2988e-05,1
35.654,-9.7185e-05,1
35.654,-0.00010088,1
35.655,-9.836e-05,1
35.655,-8.8624e-05,1
35.656,-7.5029e-05,1
35.656,-5.4887e-05,1
35.657,-2.2492e-05,1
35.657,2.182e-05,1
35.658,4.3641e-05,1
35.658,2.2995e-05,1
35.659,-2.7359e-05,1
35.659,-7.2679e-05,1
35.66,-9.987e-05,1
35.66,-0.00011968,1
35.661,-0.00014032,1
35.661,-0.00015409,1
35.662,-0.00014418,1
35.662,-9.8192e-05,1
35.663,-3.2395e-05,1
35.663,3.1556e-05,1
35.664,8.2918e-05,1
35.664,0.00011766,1
35.665,0.0001368,1
35.665,0.00014284,1
35.666,0.00015207,1
35.666,0.00017574,1
35.667,0.00020394,1
35.668,0.00021367,1
35.668,0.00019773,1
35.669,0.00017037,1
35.669,0.00014418,1
35.67,0.0001185,1
35.67,7.8218e-05,1
35.671,2.8702e-05,1
35.671,-1.1917e-05,1
35.672,-4.2634e-05,1
35.672,-7.2679e-05,1
35.673,-0.00010088,1
35.673,-0.00011968,1
35.674,-0.00011934,1
35.674,-9.836e-05,1
35.675,-6.865e-05,1
35.675,-4.0787e-05,1
35.676,-1.3596e-05,1
35.676,1.6281e-05,1
35.677,5.0858e-05,1
35.677,8.4092e-05,1
35.678,0.00011044,1
35.678,0.00012941,1
35.679,0.00013646,1
35.679,0.0001274,1
35.68,0.00010658,1
35.681,8.8289e-05,1
35.681,8.2078e-05,1
35.682,8.3421e-05,1
35.682,8.0064e-05,1
35.683,6.7475e-05,1
35.683,5.2201e-05,1
35.684,3.743e-05,1
35.684,2.0645e-05,1
35.685,5.8747e-06,1
35.685,-3.0213e-06,1
35.686,-8.2246e-06,1
35.686,-1.2924e-05,1
35.687,-2.3667e-05,1
35.687,-4.6662e-05,1
35.688,-7.1504e-05,1
35.688,-8.3589e-05,1
35.689,-8.426e-05,1
35.689,-8.896e-05,1
35.69,-9.7017e-05,1
35.69,-9.0974e-05,1
35.691,-7.1839e-05,1
35.691,-5.6565e-05,1
35.692,-4.683e-05,1
35.692,-3.4745e-05,1
35.693,-4.8676e-06,1
35.693,3.6088e-05,1
35.694,6.5461e-05,1
35.695,7.2007e-05,1
35.695,6.0929e-05,1
35.696,5.069e-05,1
35.696,5.2873e-05,1
35.697,6.3783e-05,1
35.697,7.6875e-05,1
35.698,9.4331e-05,1
35.698,0.0001227,1
35.699,0.00016432,1
35.699,0.00019622,1
35.7,0.00019504,1
35.7,0.00015224,1
35.701,6.9993e-05,1
35.701,-3.2395e-05,1
35.702,-0.00011733,1
35.702,-0.00016466,1
35.703,-0.00017876,1
35.703,-0.00018044,1
35.704,-0.00018849,1
35.704,-0.0001989,1
35.705,-0.00019286,1
35.705,-0.00015694,1
35.706,-8.5939e-05,1
35.706,1.6953e-05,1
35.707,0.0001274,1
35.708,0.00021602,1
35.708,0.00026789,1
35.709,0.00027242,1
35.709,0.00023163,1
35.71,0.00017876,1
35.71,0.0001425,1
35.711,0.00011397,1
35.711,8.04e-05,1
35.712,4.8341e-05,1
35.712,2.2492e-05,1
35.713,0,1
35.713,-1.2924e-05,1
35.714,-1.4939e-05,1
35.714,-1.1414e-05,1
35.715,-8.5603e-06,1
35.715,-3.5248e-06,1
35.716,5.2033e-06,1
35.716,7.8889e-06,1
35.717,5.0355e-07,1
35.717,-9.3996e-06,1
35.718,-1.5946e-05,1
35.718,-2.1149e-05,1
35.719,-2.6017e-05,1
35.719,-3.6088e-05,1
35.72,-5.1194e-05,1
35.72,-6.5629e-05,1
35.721,-7.4189e-05,1
35.722,-7.1336e-05,1
35.722,-5.6901e-05,1
35.723,-3.4577e-05,1
35.723,-8.0568e-06,1
35.724,2.1653e-05,1
35.724,5.2873e-05,1
35.725,8.3925e-05,1
35.725,0.00011028,1
35.726,0.00012874,1
35.726,0.00014083,1
35.727,0.0001472,1
35.727,0.00014485,1
35.728,0.0001321,1
35.728,0.00010726,1
35.729,8.0064e-05,1
35.729,5.7237e-05,1
35.73,3.3066e-05,1
35.73,-1.5106e-06,1
35.731,-4.7669e-05,1
35.731,-9.5171e-05,1
35.732,-0.00012723,1
35.732,-0.00014603,1
35.733,-0.00016986,1
35.733,-0.00017574,1
35.734,-0.00013713,1
35.734,-7.2343e-05,1
35.735,-1.326e-05,1
35.736,3.2563e-05,1
35.736,7.7043e-05,1
35.737,0.00012136,1
35.737,0.00015677,1
35.738,0.00017708,1
35.738,0.00018296,1
35.739,0.00017507,1
35.739,0.00015157,1
35.74,0.00010726,1
35.74,5.4047e-05,1
35.741,3.4745e-05,1
35.741,4.8844e-05,1
35.742,5.0187e-05,1
35.742,1.9135e-05,1
35.743,-3.7095e-05,1
35.743,-9.6345e-05,1
35.744,-0.00013042,1
35.744,-0.00014351,1
35.745,-0.0001509,1
35.745,-0.0001321,1
35.746,-8.1239e-05,1
35.746,-1.4435e-05,1
35.747,5.8076e-05,1
35.747,0.00012035,1
35.748,0.00015644,1
35.749,0.00017272,1
35.749,0.0001848,1
35.75,0.00019387,1
35.75,0.00018547,1
35.751,0.00015023,1
35.751,9.1142e-05,1
35.752,3.6591e-05,1
35.752,1.9974e-05,1
35.753,2.9374e-05,1
35.753,3.827e-05,1
35.754,3.2059e-05,1
35.754,3.1891e-06,1
35.755,-2.9038e-05,1
35.755,-4.3809e-05,1
35.756,-4.9851e-05,1
35.756,-5.6901e-05,1
35.757,-5.5222e-05,1
35.757,-3.4409e-05,1
35.758,-2.3499e-06,1
35.758,2.6017e-05,1
35.759,4.683e-05,1
35.759,6.1601e-05,1
35.76,6.8315e-05,1
35.76,5.5894e-05,1
35.761,2.1988e-05,1
35.761,-1.9974e-05,1
35.762,-5.623e-05,1
35.763,-7.5364e-05,1
35.763,-7.9561e-05,1
35.764,-8.51e-05,1
35.764,-9.7353e-05,1
35.765,-9.987e-05,1
35.765,-8.8121e-05,1
35.766,-7.4357e-05,1
35.766,-5.7404e-05,1
35.767,-3.2395e-05,1
35.767,-5.539e-06,1
35.768,1.326e-05,1
35.768,2.1317e-05,1
35.769,3.0045e-05,1
35.769,4.7837e-05,1
35.77,7.3014e-05,1
35.77,9.366e-05,1
35.771,9.7856e-05,1
35.771,7.8889e-05,1
35.772,3.3738e-05,1
35.772,-3.0381e-05,1
35.773,-8.4764e-05,1
35.773,-0.00010356,1
35.774,-9.4499e-05,1
35.774,-9.0974e-05,1
35.775,-0.0001039,1
35.776,-0.00011884,1
35.776,-0.00012186,1
35.777,-0.00010121,1
35.777,-5.0523e-05,1
35.778,3.3906e-05,1
35.778,0.00014485,1
35.779,0.00025765,1
35.779,0.00033721,1
35.78,0.0003644,1
35.78,0.0003456,1
35.781,0.00030599,1
35.781,0.00025765,1
35.782,0.0002031,1
35.782,0.00014015,1
35.783,8.04e-05,1
35.783,3.508e-05,1
35.784,5.8747e-06,1
35.784,-6.8818e-06,1
35.785,-1.9974e-05,1
35.785,-4.0787e-05,1
35.786,-5.7908e-05,1
35.786,-5.3208e-05,1
35.787,-2.2324e-05,1
35.787,5.8747e-06,1
35.788,8.896e-06,1
35.788,-7.3854e-06,1
35.789,-2.9709e-05,1
35.79,-5.6901e-05,1
35.79,-7.8386e-05,1
35.791,-7.3014e-05,1
35.791,-4.2634e-05,1
35.792,-6.714e-06,1
35.792,3.1556e-05,1
35.793,6.9825e-05,1
35.793,8.661e-05,1
35.794,7.4357e-05,1
35.794,5.7572e-05,1
35.795,4.7501e-05,1
35.795,3.2395e-05,1
35.796,7.3854e-06,1
35.796,-1.3931e-05,1
35.797,-1.8296e-05,1
35.797,-1.3596e-05,1
35.798,-1.4939e-05,1
35.798,-2.5681e-05,1
35.799,-4.2298e-05,1
35.799,-6.0258e-05,1
35.8,-7.0329e-05,1
35.8,-7.4861e-05,1
35.801,-8.2078e-05,1
35.801,-9.0639e-05,1
35.802,-0.00010272,1
35.803,-0.00012203,1
35.803,-0.00013848,1
35.804,-0.00013579,1
35.804,-0.00011363,1
35.805,-8.3421e-05,1
35.805,-4.918e-05,1
35.806,-1.0239e-05,1
35.806,3.3906e-05,1
35.807,9.1478e-05,1
35.807,0.00015879,1
35.808,0.00021166,1
35.808,0.00023247,1
35.809,0.00022408,1
35.809,0.00020494,1
35.81,0.00017926,1
35.81,0.00014351,1
35.811,0.00010692,1
35.811,7.5029e-05,1
35.812,4.9012e-05,1
35.812,2.9374e-05,1
35.813,1.7792e-05,1
35.813,1.2924e-05,1
35.814,9.5674e-06,1
35.814,4.5319e-06,1
35.815,-1.5106e-06,1
35.816,-6.8818e-06,1
35.816,-1.4099e-05,1
35.817,-2.6352e-05,1
35.817,-4.0787e-05,1
35.818,-6.3615e-05,1
35.818,-7.8553e-05,1
35.819,-6.2608e-05,1
35.819,-2.7024e-05,1
35.82,9.2317e-06,1
35.82,3.4409e-05,1
35.821,4.683e-05,1
35.821,5.0187e-05,1
35.822,4.7837e-05,1
35.822,4.6662e-05,1
35.823,5.7572e-05,1
35.823,7.7882e-05,1
35.824,0.00010121,1
35.824,0.00012136,1
35.825,0.00012169,1
35.825,9.5506e-05,1
35.826,4.7837e-05,1
35.826,-3.5248e-06,1
35.827,-4.1794e-05,1
35.827,-7.0161e-05,1
35.828,-8.5267e-05,1
35.828,-6.6972e-05,1
35.829,-2.8031e-05,1
35.83,2.5177e-06,1
35.83,1.5946e-05,1
35.831,1.3931e-05,1
35.831,-5.0355e-07,1
35.832,-1.5946e-05,1
35.832,-2.3667e-05,1
35.833,-1.9471e-05,1
35.833,-1.8463e-06,1
35.834,2.5513e-05,1
35.834,5.8244e-05,1
35.835,9.2485e-05,1
35.835,0.0001091,1
35.836,9.5842e-05,1
35.836,6.4622e-05,1
35.837,3.4577e-05,1
35.837,1.1246e-05,1
35.838,-7.2175e-06,1
35.838,-1.561e-05,1
35.839,-2.1149e-05,1
35.839,-3.7598e-05,1
35.84,-6.2272e-05,1
35.84,-7.6875e-05,1
35.841,-6.7475e-05,1
35.841,-3.357e-05,1
35.842,-9.2317e-06,1
35.843,-9.9031e-06,1
35.843,-9.0639e-06,1
35.844,1.326e-05,1
35.844,4.7837e-05,1
35.845,8.2246e-05,1
35.845,0.00011145,1
35.846,0.00013596,1
35.846,0.00015409,1
35.847,0.0001608,1
35.847,0.00015543,1
35.848,0.00014351,1
35.848,0.00013948,1
35.849,0.00014217,1
35.849,0.00013713,1
35.85,0.00011128,1
35.85,5.9922e-05,1
35.851,-7.0497e-06,1
35.851,-6.9322e-05,1
35.852,-0.00011649,1
35.852,-0.00014435,1
35.853,-0.00014553,1
35.853,-0.00012169,1
35.854,-8.9632e-05,1
35.854,-6.3615e-05,1
35.855,-5.2201e-05,1
35.855,-5.1865e-05,1
35.856,-4.3977e-05,1
35.857,-1.8463e-05,1
35.857,4.5319e-06,1
35.858,8.5603e-06,1
35.858,1.9135e-05,1
35.859,4.1459e-05,1
35.859,5.2201e-05,1
35.86,4.3977e-05,1
35.86,2.6184e-05,1
35.861,1.2924e-05,1
35.861,1.4603e-05,1
35.862,3.2059e-05,1
35.862,5.2705e-05,1
35.863,6.7643e-05,1
35.863,8.8289e-05,1
35.864,0.00011498,1
35.864,0.00013243,1
35.865,0.00013613,1
35.865,0.00013344,1
35.866,0.00012857,1
35.866,0.0001185,1
35.867,9.3156e-05,1
35.867,6.2272e-05,1
35.868,4.4144e-05,1
35.868,2.4002e-05,1
35.869,-7.2175e-06,1
35.87,-2.8367e-05,1
35.87,-2.4674e-05,1
35.871,-5.3712e-06,1
35.871,1.6785e-06,1
35.872,-2.2995e-05,1
35.872,-6.8818e-05,1
35.873,-0.00010726,1
35.873,-0.00011984,1
35.874,-0.00010759,1
35.874,-7.4525e-05,1
35.875,-3.4577e-05,1
35.875,2.0142e-06,1
35.876,2.9374e-05,1
35.876,4.1794e-05,1
35.877,3.743e-05,1
35.877,2.5345e-05,1
35.878,1.3931e-05,1
35.878,-7.2175e-06,1
35.879,-5.2873e-05,1
35.879,-0.0001274,1
35.88,-0.00018682,1
35.88,-0.00018816,1
35.881,-0.00013579,1
35.881,-5.7404e-05,1
35.882,4.8676e-06,1
35.882,2.9038e-05,1
35.883,7.0497e-06,1
35.884,-5.9251e-05,1
35.884,-0.00010759,1
35.885,-8.4428e-05,1
35.885,7.8889e-06,1
35.886,0.00013143,1
35.886,0.00022811,1
35.887,0.00026,1
35.887,0.00025429,1
35.888,0.00024019,1
35.888,0.00021938,1
35.889,0.00019219,1
35.889,0.00016567,1
35.89,0.00013378,1
35.89,9.0806e-05,1
35.891,3.8941e-05,1
35.891,-1.326e-05,1
35.892,-5.4887e-05,1
35.892,-7.2679e-05,1
35.893,-6.3615e-05,1
35.893,-4.2802e-05,1
35.894,-2.0981e-05,1
35.894,5.2033e-06,1
35.895,3.4073e-05,1
35.895,6.3951e-05,1
35.896,9.1142e-05,1
35.897,0.00011296,1
35.897,0.00012807,1
35.898,0.00014015,1
35.898,0.0001519,1
35.899,0.00015459,1
35.899,0.00013613,1
35.9,9.7856e-05,1
35.9,5.6733e-05,1
35.901,2.2324e-05,1
35.901,-5.0355e-07,1
35.902,-1.3596e-05,1
35.902,-2.417e-05,1
35.903,-3.8605e-05,1
35.903,-5.9922e-05,1
35.904,-8.2918e-05,1
35.904,-9.6178e-05,1
35.905,-9.1478e-05,1
35.905,-6.7811e-05,1
35.906,-3.7766e-05,1
35.906,-1.5946e-05,1
35.907,-9.0639e-06,1
35.907,-1.9638e-05,1
35.908,-4.3809e-05,1
35.908,-7.4357e-05,1
35.909,-0.0001044,1
35.909,-0.00012757,1
35.91,-0.00013512,1
35.911,-0.00012404,1
35.911,-9.9031e-05,1
35.912,-6.7643e-05,1
35.912,-3.508e-05,1
35.913,0,1
35.913,4.8005e-05,1
35.914,0.0001039,1
35.914,0.0001462,1
35.915,0.00015895,1
35.915,0.00014737,1
35.916,0.00012404,1
35.916,9.4835e-05,1
35.917,6.3279e-05,1
35.917,2.6017e-05,1
35.918,-1.1246e-05,1
35.918,-3.3402e-05,1
35.919,-2.9541e-05,1
35.919,-6.5461e-06,1
35.92,1.1582e-05,1
35.92,2.1317e-05,1
35.921,3.9109e-05,1
35.921,5.9251e-05,1
35.922,6.5461e-05,1
35.922,5.9922e-05,1
35.923,5.4551e-05,1
35.923,5.4887e-05,1
35.924,5.7908e-05,1
35.925,6.7979e-05,1
35.925,8.7114e-05,1
35.926,9.6513e-05,1
35.926,8.0568e-05,1
35.927,4.4816e-05,1
35.927,5.7069e-06,1
35.928,-2.3667e-05,1
35.928,-4.5487e-05,1
35.929,-6.5293e-05,1
35.929,-7.3686e-05,1
35.93,-7.3854e-05,1
35.93,-7.1504e-05,1
35.931,-5.6733e-05,1
35.931,-1.8463e-05,1
35.932,2.4338e-05,1
35.932,4.1962e-05,1
35.933,2.8199e-05,1
35.933,1.2253e-05,1
35.934,1.6953e-05,1
35.934,2.8702e-05,1
35.935,3.1052e-05,1
35.935,2.3667e-05,1
35.936,1.4099e-05,1
35.936,9.7353e-06,1
35.937,1.8128e-05,1
35.938,4.5319e-05,1
35.938,8.7114e-05,1
35.939,0.00012706,1
35.939,0.00014838,1
35.94,0.000142,1
35.94,0.00011128,1
35.941,6.865e-05,1
35.941,2.9374e-05,1
35.942,7.5532e-06,1
35.942,-1.3428e-06,1
35.943,-1.2924e-05,1
35.943,-3.8437e-05,1
35.944,-7.7379e-05,1
35.944,-0.00011145,1
35.945,-0.00011934,1
35.945,-0.00010021,1
35.946,-6.3615e-05,1
35.946,-2.3499e-05,1
35.947,5.539e-06,1
35.947,1.6281e-05,1
35.948,1.3596e-05,1
35.948,8.0568e-06,1
35.949,5.539e-06,1
35.949,-2.8534e-06,1
35.95,-1.1078e-05,1
35.95,-3.357e-06,1
35.951,1.2253e-05,1
35.952,1.2924e-05,1
35.952,-9.0639e-06,1
35.953,-3.6759e-05,1
35.953,-4.1123e-05,1
35.954,-1.1917e-05,1
35.954,3.9277e-05,1
35.955,9.9535e-05,1
35.955,0.00016718,1
35.956,0.00022878,1
35.956,0.00026168,1
35.957,0.00025597,1
35.957,0.00022441,1
35.958,0.0001791,1
35.958,0.00012589,1
35.959,7.1e-05,1
35.959,2.266e-05,1
35.96,-1.6281e-05,1
35.96,-4.1123e-05,1
35.961,-4.7333e-05,1
35.961,-5.1194e-05,1
35.962,-6.1936e-05,1
35.962,-6.7475e-05,1
35.963,-4.1794e-05,1
35.963,-5.0355e-07,1
35.964,-5.0355e-07,1
35.965,-4.3809e-05,1
35.965,-8.1407e-05,1
35.966,-7.9896e-05,1
35.966,-4.2634e-05,1
35.967,7.8889e-06,1
35.967,4.5823e-05,1
35.968,5.8244e-05,1
35.968,7.3686e-05,1
35.969,9.8192e-05,1
35.969,0.0001133,1
35.97,0.00011145,1
35.97,8.9799e-05,1
35.971,4.9851e-05,1
35.971,-8.3925e-07,1
35.972,-4.3977e-05,1
35.972,-6.9993e-05,1
35.973,-7.57e-05,1
35.973,-4.8844e-05,1
35.974,1.3764e-05,1
35.974,8.2918e-05,1
35.975,0.00012303,1
35.975,0.00012203,1
35.976,9.9535e-05,1
35.976,6.9322e-05,1
35.977,3.5248e-05,1
35.977,7.5532e-06,1
35.978,-6.714e-06,1
35.979,-1.4939e-05,1
35.979,-1.796e-05,1
35.98,-1.8296e-05,1
35.98,-2.9038e-05,1
35.981,-5.388e-05,1
35.981,-7.5532e-05,1
35.982,-7.9393e-05,1
35.982,-6.7811e-05,1
35.983,-5.7404e-05,1
35.983,-6.0594e-05,1
35.984,-7.4189e-05,1
35.984,-8.6275e-05,1
35.985,-8.9464e-05,1
35.985,-8.51e-05,1
35.986,-7.9728e-05,1
35.986,-8.1743e-05,1
35.987,-8.1743e-05,1
35.987,-5.5222e-05,1
35.988,1.0071e-06,1
35.988,5.4719e-05,1
35.989,7.9728e-05,1
35.989,6.865e-05,1
35.99,3.7934e-05,1
35.99,1.1246e-05,1
35.991,1.1246e-05,1
35.992,4.4816e-05,1
35.992,8.9464e-05,1
35.993,0.00011464,1
35.993,0.00010927,1
35.994,8.9464e-05,1
35.994,8.7785e-05,1
35.995,0.00011162,1
35.995,0.0001472,1
35.996,0.00018379,1
35.996,0.00020964,1
35.997,0.00021334,1
35.997,0.00018984,1
35.998,0.00013931,1
35.998,7.805e-05,1
35.999,2.266e-05,1
35.999,-1.326e-05,1
36,-2.5177e-05,1
36,-1.6449e-05,1
36.001,1.1246e-05,1
36.001,4.5823e-05,1
36.002,7.3014e-05,1
36.002,7.9896e-05,1
36.003,6.3447e-05,1
36.003,3.357e-05,1
36.004,2.0142e-06,1
36.005,-2.9709e-05,1
36.005,-6.3783e-05,1
36.006,-9.4667e-05,1
36.006,-0.00011229,1
36.007,-0.00011699,1
36.007,-0.00011565,1
36.008,-0.00011363,1
36.008,-0.0001044,1
36.009,-6.714e-05,1
36.009,2.0142e-06,1
36.01,7.805e-05,1
36.01,0.00013579,1
36.011,0.00016349,1
36.011,0.00015459,1
36.012,0.00011682,1
36.012,7.1336e-05,1
36.013,3.8437e-05,1
36.013,2.4506e-05,1
36.014,1.561e-05,1
36.014,-2.182e-06,1
36.015,-2.6352e-05,1
36.015,-6.2943e-05,1
36.016,-0.00011397,1
36.016,-0.0001566,1
36.017,-0.00016852,1
36.017,-0.00014636,1
36.018,-0.00010407,1
36.019,-6.2943e-05,1
36.019,-5.8915e-05,1
36.02,-9.4331e-05,1
36.02,-0.00012387,1
36.021,-0.00012203,1
36.021,-8.2246e-05,1
36.022,-1.8631e-05,1
36.022,4.1794e-05,1
36.023,8.4932e-05,1
36.023,0.00010994,1
36.024,0.00012119,1
36.024,0.00012639,1
36.025,0.00013529,1
36.025,0.00015862,1
36.026,0.0002036,1
36.026,0.00024456,1
36.027,0.00025144,1
36.027,0.00022391,1
36.028,0.00017876,1
36.028,0.00012639,1
36.029,5.9251e-05,1
36.029,-9.2317e-06,1
36.03,-4.7166e-05,1
36.03,-5.6062e-05,1
36.031,-5.0858e-05,1
36.032,-4.3977e-05,1
36.032,-4.1291e-05,1
36.033,-3.8941e-05,1
36.033,-3.3738e-05,1
36.034,-2.1988e-05,1
36.034,-5.0355e-06,1
36.035,1.0575e-05,1
36.035,2.5345e-05,1
36.036,4.5487e-05,1
36.036,5.8747e-05,1
36.037,5.2033e-05,1
36.037,3.592e-05,1
36.038,1.5946e-05,1
36.038,-7.0497e-06,1
36.039,-1.796e-05,1
36.039,-4.1962e-06,1
36.04,1.7624e-05,1
36.04,2.887e-05,1
36.041,3.5584e-05,1
36.041,4.5487e-05,1
36.042,5.2537e-05,1
36.042,4.9516e-05,1
36.043,4.1291e-05,1
36.043,3.7095e-05,1
36.044,3.7095e-05,1
36.044,2.6017e-05,1
36.045,6.714e-07,1
36.046,-2.6352e-05,1
36.046,-4.7333e-05,1
36.047,-6.1265e-05,1
36.047,-7.57e-05,1
36.048,-8.5603e-05,1
36.048,-7.8386e-05,1
36.049,-5.3208e-05,1
36.049,-1.4939e-05,1
36.05,3.743e-05,1
36.05,9.7688e-05,1
36.051,0.00014318,1
36.051,0.00016231,1
36.052,0.00015492,1
36.052,0.00012136,1
36.053,6.6972e-05,1
36.053,1.1917e-05,1
36.054,-1.1078e-05,1
36.054,5.2033e-06,1
36.055,3.0716e-05,1
36.055,3.5752e-05,1
36.056,1.5106e-05,1
36.056,-1.5946e-05,1
36.057,-4.0452e-05,1
36.057,-4.5151e-05,1
36.058,-3.0045e-05,1
36.059,-5.539e-06,1
36.059,1.9974e-05,1
36.06,3.978e-05,1
36.06,5.2537e-05,1
36.061,5.4551e-05,1
36.061,4.7333e-05,1
36.062,4.1123e-05,1
36.062,4.2466e-05,1
36.063,4.1794e-05,1
36.063,2.8702e-05,1
36.064,5.8747e-06,1
36.064,-1.1917e-05,1
36.065,-1.6449e-05,1
36.065,-2.2492e-05,1
36.066,-3.9612e-05,1
36.066,-5.1362e-05,1
36.067,-5.7572e-05,1
36.067,-6.5965e-05,1
36.068,-7.0161e-05,1
36.068,-5.9754e-05,1
36.069,-3.9948e-05,1
36.069,-1.7624e-05,1
36.07,1.0575e-05,1
36.07,3.6423e-05,1
36.071,4.6159e-05,1
36.071,4.3137e-05,1
36.072,4.8173e-05,1
36.073,7.9728e-05,1
36.073,0.00012068,1
36.074,0.00014318,1
36.074,0.00014116,1
36.075,0.00012555,1
36.075,0.00010054,1
36.076,6.8147e-05,1
36.076,3.5584e-05,1
36.077,1.0071e-05,1
36.077,8.3925e-07,1
36.078,1.1078e-05,1
36.078,2.1988e-05,1
36.079,1.3428e-05,1
36.079,-1.2085e-05,1
36.08,-4.3473e-05,1
36.08,-6.3279e-05,1
36.081,-5.9922e-05,1
36.081,-3.8941e-05,1
36.082,-1.5274e-05,1
36.082,-3.6927e-06,1
36.083,-3.1891e-06,1
36.083,-3.5248e-06,1
36.084,-3.357e-07,1
36.084,5.539e-06,1
36.085,1.7624e-05,1
36.086,3.2395e-05,1
36.086,3.9109e-05,1
36.087,4.1459e-05,1
36.087,5.3208e-05,1
36.088,7.335e-05,1
36.088,9.1478e-05,1
36.089,9.6513e-05,1
36.089,8.5435e-05,1
36.09,6.6972e-05,1
36.09,4.9851e-05,1
36.091,3.592e-05,1
36.091,4.1962e-06,1
36.092,-4.448e-05,1
36.092,-6.6972e-05,1
36.093,-4.5991e-05,1
36.093,-1.796e-05,1
36.094,-9.5674e-06,1
36.094,-1.6785e-05,1
36.095,-2.3835e-05,1
36.095,-2.3163e-05,1
36.096,-1.326e-05,1
36.096,2.182e-06,1
36.097,2.4506e-05,1
36.097,6.0929e-05,1
36.098,0.00010289,1
36.098,0.00012404,1
36.099,0.00011112,1
36.1,6.8986e-05,1
36.1,1.9974e-05,1
36.101,-1.3764e-05,1
36.101,-1.6953e-05,1
36.102,3.5248e-06,1
36.102,2.1988e-05,1
36.103,2.3331e-05,1
36.103,5.0355e-07,1
36.104,-3.8941e-05,1
36.104,-7.6371e-05,1
36.105,-8.9296e-05,1
36.105,-6.8986e-05,1
36.106,-2.6352e-05,1
36.106,1.796e-05,1
36.107,5.4887e-05,1
36.107,9.9199e-05,1
36.108,0.00015694,1
36.108,0.00020595,1
36.109,0.00022593,1
36.109,0.00020394,1
36.11,0.00014888,1
36.11,8.661e-05,1
36.111,3.6088e-05,1
36.111,4.6998e-06,1
36.112,-7.8889e-06,1
36.112,-4.1962e-06,1
36.113,7.5532e-06,1
36.114,1.7624e-05,1
36.114,2.1653e-05,1
36.115,5.2033e-06,1
36.115,-2.887e-05,1
36.116,-7.7546e-05,1
36.116,-0.00014099,1
36.117,-0.0001848,1
36.117,-0.00018413,1
36.118,-0.0001425,1
36.118,-9.0806e-05,1
36.119,-5.0858e-05,1
36.119,-1.5778e-05,1
36.12,2.2995e-05,1
36.12,5.7069e-05,1
36.121,8.04e-05,1
36.121,9.5171e-05,1
36.122,0.00010726,1
36.122,0.00011565,1
36.123,0.00011498,1
36.123,0.00010776,1
36.124,9.6178e-05,1
36.124,7.8218e-05,1
36.125,5.7572e-05,1
36.125,3.7934e-05,1
36.126,2.1317e-05,1
36.127,7.8889e-06,1
36.127,-3.357e-06,1
36.128,-1.1078e-05,1
36.128,-2.5681e-05,1
36.129,-7.1672e-05,1
36.129,-0.00013629,1
36.13,-0.00016902,1
36.13,-0.00015526,1
36.131,-0.00012203,1
36.131,-9.6178e-05,1
36.132,-7.6707e-05,1
36.132,-6.1265e-05,1
36.133,-4.5151e-05,1
36.133,-2.3499e-05,1
36.134,7.5532e-06,1
36.134,5.0523e-05,1
36.135,0.00010188,1
36.135,0.00014553,1
36.136,0.00015979,1
36.136,0.00014536,1
36.137,0.00012908,1
36.137,0.00013327,1
36.138,0.0001566,1
36.138,0.00018648,1
36.139,0.00020545,1
36.139,0.0002031,1
36.14,0.00018027,1
36.141,0.00014502,1
36.141,0.00011061,1
36.142,8.5771e-05,1
36.142,6.714e-05,1
36.143,5.0355e-05,1
36.143,2.9709e-05,1
36.144,-1.3931e-05,1
36.144,-6.4622e-05,1
36.145,-8.6442e-05,1
36.145,-7.3518e-05,1
36.146,-4.7837e-05,1
36.146,-3.6255e-05,1
36.147,-4.448e-05,1
36.147,-5.5558e-05,1
36.148,-5.8915e-05,1
36.148,-5.1865e-05,1
36.149,-3.3738e-05,1
36.149,1.5106e-06,1
36.15,5.3376e-05,1
36.15,0.00010491,1
36.151,0.00013277,1
36.151,0.0001331,1
36.152,0.00012169,1
36.152,0.00011162,1
36.153,9.1478e-05,1
36.154,4.5823e-05,1
36.154,-1.3764e-05,1
36.155,-5.7237e-05,1
36.155,-7.4525e-05,1
36.156,-7.7546e-05,1
36.156,-6.7979e-05,1
36.157,-4.1459e-05,1
36.157,-8.896e-06,1
36.158,1.2085e-05,1
36.158,6.3783e-06,1
36.159,-2.3499e-05,1
36.159,-4.9851e-05,1
36.16,-5.2873e-05,1
36.16,-4.3137e-05,1
36.161,-3.2731e-05,1
36.161,-2.266e-05,1
36.162,-1.0575e-05,1
36.162,-8.2246e-06,1
36.163,-3.9109e-05,1
36.163,-0.00010574,1
36.164,-0.00017591,1
36.164,-0.00021015,1
36.165,-0.00020226,1
36.165,-0.00017456,1
36.166,-0.00014083,1
36.166,-9.8695e-05,1
36.167,-4.4648e-05,1
36.168,1.8296e-05,1
36.168,9.0471e-05,1
36.169,0.00017104,1
36.169,0.00025631,1
36.17,0.00034627,1
36.17,0.00040938,1
36.171,0.00040972,1
36.171,0.00034023,1
36.172,0.00023012,1
36.172,0.00012136,1
36.173,3.9445e-05,1
36.173,-1.6449e-05,1
36.174,-5.4887e-05,1
36.174,-8.04e-05,1
36.175,-9.1646e-05,1
36.175,-8.9799e-05,1
36.176,-8.1575e-05,1
36.176,-7.4022e-05,1
36.177,-6.3447e-05,1
36.177,-3.9277e-05,1
36.178,-7.7211e-06,1
36.178,1.2924e-05,1
36.179,1.8799e-05,1
36.179,1.9135e-05,1
36.18,2.266e-05,1
36.181,2.1653e-05,1
36.181,-1.5106e-06,1
36.182,-6.0929e-05,1
36.182,-0.00013075,1
36.183,-0.00017742,1
36.183,-0.00019168,1
36.184,-0.00017356,1
36.184,-0.00013747,1
36.185,-0.00010558,1
36.185,-9.6513e-05,1
36.186,-0.00011632,1
36.186,-0.00013646,1
36.187,-0.00011884,1
36.187,-3.3234e-05,1
36.188,0.00010658,1
36.188,0.0002454,1
36.189,0.00033285,1
36.189,0.00034896,1
36.19,0.00031505,1
36.19,0.00026772,1
36.191,0.0002271,1
36.191,0.00019991,1
36.192,0.0001942,1
36.192,0.00020494,1
36.193,0.00021233,1
36.194,0.00020293,1
36.194,0.00017691,1
36.195,0.00014754,1
36.195,0.00013109,1
36.196,0.0001133,1
36.196,7.5029e-05,1
36.197,2.2156e-05,1
36.197,-1.9638e-05,1
36.198,-3.9948e-05,1
36.198,-5.2537e-05,1
36.199,-7.0665e-05,1
36.199,-8.6107e-05,1
36.2,-8.7449e-05,1
36.2,-8.2246e-05,1
36.201,-8.04e-05,1
36.201,-7.8721e-05,1
36.202,-5.9586e-05,1
36.202,-1.6953e-05,1
36.203,3.3234e-05,1
36.203,6.3783e-05,1
36.204,6.2104e-05,1
36.204,3.5416e-05,1
36.205,1.8463e-06,1
36.205,-2.5345e-05,1
36.206,-3.827e-05,1
36.206,-3.978e-05,1
36.207,-3.6423e-05,1
36.208,-3.4241e-05,1
36.208,-3.827e-05,1
36.209,-5.8915e-05,1
36.209,-9.3324e-05,1
36.21,-0.00011783,1
36.21,-0.00010759,1
36.211,-5.9922e-05,1
36.211,-1.4939e-05,1
36.212,1.0071e-06,1
36.212,-8.3925e-07,1
36.213,-2.5177e-06,1
36.213,-4.3641e-06,1
36.214,-1.3764e-05,1
36.214,-2.8367e-05,1
36.215,-5.0523e-05,1
36.215,-9.5338e-05,1
36.216,-0.00015056,1
36.216,-0.0001895,1
36.217,-0.00020209,1
36.217,-0.0001848,1
36.218,-0.0001378,1
36.218,-6.8315e-05,1
36.219,-2.8534e-06,1
36.219,3.8437e-05,1
36.22,7.4693e-05,1
36.221,0.00014284,1
36.221,0.00023851,1
36.222,0.00032747,1
36.222,0.00038219,1
36.223,0.00039696,1
36.223,0.00038119,1
36.224,0.00033822,1
36.224,0.00027477,1
36.225,0.00020528,1
36.225,0.00014452,1
36.226,9.987e-05,1
36.226,7.0832e-05,1
36.227,4.6159e-05,1
36.227,1.326e-05,1
36.228,-1.7792e-05,1
36.228,-3.1052e-05,1
36.229,-3.3234e-05,1
36.229,-4.1794e-05,1
36.23,-6.865e-05,1
36.23,-0.00010961,1
36.231,-0.0001425,1
36.231,-0.00015459,1
36.232,-0.00014922,1
36.232,-0.0001321,1
36.233,-0.00010289,1
36.233,-6.3951e-05,1
36.234,-1.8296e-05,1
36.235,3.3738e-05,1
36.235,8.4428e-05,1
36.236,0.00011934,1
36.236,0.00013814,1
36.237,0.00014351,1
36.237,0.00012874,1
36.238,9.6513e-05,1
36.238,5.7572e-05,1
36.239,2.5345e-05,1
36.239,4.6998e-06,1
36.24,-4.8676e-06,1
36.24,-7.2175e-06,1
36.241,-8.3925e-06,1
36.241,-1.3596e-05,1
36.242,-1.9638e-05,1
36.242,-2.182e-05,1
36.243,-2.2995e-05,1
36.243,-2.9374e-05,1
36.244,-4.1459e-05,1
36.244,-5.3544e-05,1
36.245,-5.9922e-05,1
36.245,-5.5222e-05,1
36.246,-4.2802e-05,1
36.246,-3.2898e-05,1
36.247,-2.8367e-05,1
36.248,-2.7024e-05,1
36.248,-2.3163e-05,1
36.249,-6.3783e-06,1
36.249,2.5345e-05,1
36.25,4.8173e-05,1
36.25,3.5752e-05,1
36.251,-1.8463e-06,1
36.251,-3.592e-05,1
36.252,-5.4719e-05,1
36.252,-6.0594e-05,1
36.253,-5.8747e-05,1
36.253,-5.623e-05,1
36.254,-5.1194e-05,1
36.254,-3.7095e-05,1
36.255,-1.2253e-05,1
36.255,1.9638e-05,1
36.256,4.3473e-05,1
36.256,5.1194e-05,1
36.257,5.4887e-05,1
36.257,6.5293e-05,1
36.258,7.8721e-05,1
36.258,8.6778e-05,1
36.259,8.4596e-05,1
36.259,8.1071e-05,1
36.26,8.5771e-05,1
36.26,9.8527e-05,1
36.261,0.00010188,1
36.262,8.2582e-05,1
36.262,4.3641e-05,1
36.263,-2.2995e-05,1
36.263,-8.8792e-05,1
36.264,-0.00010726,1
36.264,-9.3492e-05,1
36.265,-7.6539e-05,1
36.265,-7.5364e-05,1
36.266,-8.6778e-05,1
36.266,-6.9825e-05,1
36.267,-1.3931e-05,1
36.267,3.3906e-05,1
36.268,4.2802e-05,1
36.268,4.0284e-05,1
36.269,7.1e-05,1
36.269,0.00013982,1
36.27,0.00021199,1
36.27,0.00026705,1
36.271,0.00030498,1
36.271,0.00031337,1
36.272,0.00028215,1
36.272,0.00021602,1
36.273,0.0001321,1
36.273,6.3951e-05,1
36.274,3.8102e-05,1
36.275,4.8173e-05,1
36.275,6.63e-05,1
36.276,7.0329e-05,1
36.276,5.6901e-05,1
36.277,3.6088e-05,1
36.277,2.2324e-05,1
36.278,1.5946e-05,1
36.278,1.0575e-05,1
36.279,5.2033e-06,1
36.279,-2.8534e-06,1
36.28,-1.5946e-05,1
36.28,-3.4073e-05,1
36.281,-5.0858e-05,1
36.281,-6.5965e-05,1
36.282,-7.9057e-05,1
36.282,-8.6778e-05,1
36.283,-8.7785e-05,1
36.283,-8.4596e-05,1
36.284,-8.2414e-05,1
36.284,-8.1575e-05,1
36.285,-7.805e-05,1
36.285,-6.7643e-05,1
36.286,-5.069e-05,1
36.286,-3.2563e-05,1
36.287,-3.0716e-05,1
36.287,-4.3473e-05,1
36.288,-4.8508e-05,1
36.289,-2.9374e-05,1
36.289,-3.0213e-06,1
36.29,6.2104e-06,1
36.29,-5.2033e-06,1
36.291,-2.031e-05,1
36.291,-1.9806e-05,1
36.292,-3.6927e-06,1
36.292,8.5603e-06,1
36.293,9.2317e-06,1
36.293,1.1749e-05,1
36.294,1.6449e-05,1
36.294,7.8889e-06,1
36.295,-1.6449e-05,1
36.295,-2.9374e-05,1
36.296,-1.326e-05,1
36.296,2.3667e-05,1
36.297,7.2175e-05,1
36.297,0.00012807,1
36.298,0.00017205,1
36.298,0.00018581,1
36.299,0.00017171,1
36.299,0.00015677,1
36.3,0.00016097,1
36.3,0.00017372,1
36.301,0.0001613,1
36.301,0.00011229,1
36.302,5.1865e-05,1
36.303,9.2317e-06,1
36.303,-1.4603e-05,1
36.304,-3.3402e-05,1
36.304,-6.0594e-05,1
36.305,-9.2485e-05,1
36.305,-0.00010994,1
36.306,-0.00010977,1
36.306,-0.00010994,1
36.307,-0.00011901,1
36.307,-0.00011313,1
36.308,-6.8315e-05,1
36.308,-5.2033e-06,1
36.309,2.4002e-05,1
36.309,-1.0071e-05,1
36.31,-6.7308e-05,1
36.31,-0.00010088,1
36.311,-0.0001039,1
36.311,-8.8121e-05,1
36.312,-6.865e-05,1
36.312,-5.5726e-05,1
36.313,-4.1123e-05,1
36.313,-8.896e-06,1
36.314,3.5416e-05,1
36.314,6.8986e-05,1
36.315,9.4667e-05,1
36.316,0.00012605,1
36.316,0.00016349,1
36.317,0.00019219,1
36.317,0.00019319,1
36.318,0.0001462,1
36.318,3.9445e-05,1
36.319,-6.9993e-05,1
36.319,-0.00011565,1
36.32,-9.2149e-05,1
36.32,-3.4073e-05,1
36.321,2.5681e-05,1
36.321,7.335e-05,1
36.322,0.00011598,1
36.322,0.00016265,1
36.323,0.00020511,1
36.323,0.00022811,1
36.324,0.00021585,1
36.324,0.00019907,1
36.325,0.00020377,1
36.325,0.00019857,1
36.326,0.00016768,1
36.326,0.00012656,1
36.327,9.5674e-05,1
36.327,7.9561e-05,1
36.328,5.7908e-05,1
36.328,2.0645e-05,1
36.329,-1.9135e-05,1
36.33,-4.7501e-05,1
36.33,-6.3447e-05,1
36.331,-7.5029e-05,1
36.331,-9.2149e-05,1
36.332,-0.00012169,1
36.332,-0.00015123,1
36.333,-0.00016013,1
36.333,-0.00014788,1
36.334,-0.00013176,1
36.334,-0.00011649,1
36.335,-8.8121e-05,1
36.335,-4.7837e-05,1
36.336,-1.2924e-05,1
36.336,7.7211e-06,1
36.337,1.1582e-05,1
36.337,7.0497e-06,1
36.338,-3.357e-07,1
36.338,-5.2033e-06,1
36.339,-3.5248e-06,1
36.339,5.0355e-07,1
36.34,1.8296e-05,1
36.34,5.6062e-05,1
36.341,9.1646e-05,1
36.341,9.6849e-05,1
36.342,7.3518e-05,1
36.343,4.4816e-05,1
36.343,3.0213e-05,1
36.344,3.5416e-05,1
36.344,4.7333e-05,1
36.345,4.8844e-05,1
36.345,4.5151e-05,1
36.346,4.4816e-05,1
36.346,4.3809e-05,1
36.347,3.508e-05,1
36.347,2.6352e-05,1
36.348,3.592e-05,1
36.348,6.63e-05,1
36.349,9.0471e-05,1
36.349,8.275e-05,1
36.35,4.3641e-05,1
36.35,-2.0142e-06,1
36.351,-3.508e-05,1
36.351,-4.6998e-05,1
36.352,-4.918e-05,1
36.352,-5.0523e-05,1
36.353,-4.8005e-05,1
36.353,-4.1291e-05,1
36.354,-4.1459e-05,1
36.354,-5.5558e-05,1
36.355,-7.6539e-05,1
36.355,-0.00011598,1
36.356,-0.00017624,1
36.357,-0.00021099,1
36.357,-0.00019051,1
36.358,-0.00013378,1
36.358,-7.4693e-05,1
36.359,-3.5752e-05,1
36.359,-2.0645e-05,1
36.36,-1.8967e-05,1
36.36,-1.8631e-05,1
36.361,-1.3596e-05,1
36.361,6.2104e-06,1
36.362,4.2634e-05,1
36.362,8.5771e-05,1
36.363,0.00012807,1
36.363,0.000165,1
36.364,0.00019622,1
36.364,0.00022358,1
36.365,0.00025161,1
36.365,0.00027745,1
36.366,0.00029122,1
36.366,0.00028182,1
36.367,0.00025328,1
36.367,0.00021736,1
36.368,0.0001791,1
36.368,0.00014133,1
36.369,0.00010457,1
36.37,7.2343e-05,1
36.37,4.5823e-05,1
36.371,2.2995e-05,1
36.371,9.2317e-06,1
36.372,1.6785e-06,1
36.372,-9.2317e-06,1
36.373,-2.0981e-05,1
36.373,-2.5345e-05,1
36.374,-2.182e-05,1
36.374,-8.2246e-06,1
36.375,1.8631e-05,1
36.375,5.0858e-05,1
36.376,7.9561e-05,1
36.376,8.6778e-05,1
36.377,6.3615e-05,1
36.377,1.2421e-05,1
36.378,-5.4383e-05,1
36.378,-0.00012136,1
36.379,-0.00018228,1
36.379,-0.00022844,1
36.38,-0.00024623,1
36.38,-0.00023633,1
36.381,-0.00020427,1
36.381,-0.00015828,1
36.382,-0.00010457,1
36.383,-4.6159e-05,1
36.383,1.9974e-05,1
36.384,9.5674e-05,1
36.384,0.0001603,1
36.385,0.00019957,1
36.385,0.00021585,1
36.386,0.00020494,1
36.386,0.00017372,1
36.387,0.00013898,1
36.387,0.00010323,1
36.388,5.4215e-05,1
36.388,-2.7527e-05,1
36.389,-0.0001138,1
36.389,-0.00014519,1
36.39,-0.00011632,1
36.39,-7.8553e-05,1
36.391,-8.0903e-05,1
36.391,-0.00011414,1
36.392,-0.00013327,1
36.392,-0.00012287,1
36.393,-9.5506e-05,1
36.393,-5.9251e-05,1
36.394,-1.2589e-05,1
36.394,4.5823e-05,1
36.395,0.00010692,1
36.395,0.00014586,1
36.396,0.00015694,1
36.397,0.00015895,1
36.397,0.00016063,1
36.398,0.00014553,1
36.398,9.6513e-05,1
36.399,3.5416e-05,1
36.399,-2.4002e-05,1
36.4,-6.6636e-05,1
36.4,-8.5267e-05,1
36.401,-8.7449e-05,1
36.401,-7.7379e-05,1
36.402,-6.1936e-05,1
36.402,-4.1627e-05,1
36.403,-1.2085e-05,1
36.403,2.7695e-05,1
36.404,7.1839e-05,1
36.404,0.00010625,1
36.405,0.0001086,1
36.405,7.0497e-05,1
36.406,2.7695e-05,1
36.406,1.5946e-05,1
36.407,3.7934e-05,1
36.407,7.2679e-05,1
36.408,0.00010356,1
36.408,0.00011733,1
36.409,0.00011229,1
36.41,0.00010256,1
36.41,0.00010188,1
36.411,0.00011481,1
36.411,0.00013512,1
36.412,0.00015526,1
36.412,0.00016063,1
36.413,0.00013042,1
36.413,5.8579e-05,1
36.414,-3.1052e-05,1
36.414,-9.1142e-05,1
36.415,-0.00010491,1
36.415,-8.7282e-05,1
36.416,-6.1265e-05,1
36.416,-2.9877e-05,1
36.417,1.0575e-05,1
36.417,5.5894e-05,1
36.418,9.7017e-05,1
36.418,0.00012807,1
36.419,0.00014385,1
36.419,0.00014133,1
36.42,0.00012773,1
36.42,0.00010524,1
36.421,6.6636e-05,1
36.421,1.796e-05,1
36.422,-2.7192e-05,1
36.422,-5.9251e-05,1
36.423,-7.8553e-05,1
36.424,-9.4163e-05,1
36.424,-0.00011011,1
36.425,-0.00012136,1
36.425,-0.00012421,1
36.426,-0.00011196,1
36.426,-8.6107e-05,1
36.427,-5.7404e-05,1
36.427,-3.592e-05,1
36.428,-2.2492e-05,1
36.428,-4.1962e-06,1
36.429,2.5849e-05,1
36.429,5.7908e-05,1
36.43,7.4861e-05,1
36.43,6.479e-05,1
36.431,3.9612e-05,1
36.431,6.0426e-06,1
36.432,-4.4312e-05,1
36.432,-9.987e-05,1
36.433,-0.00013378,1
36.433,-0.00013344,1
36.434,-0.00010994,1
36.434,-7.7043e-05,1
36.435,-3.8102e-05,1
36.435,8.2246e-06,1
36.436,5.7069e-05,1
36.437,9.3828e-05,1
36.437,0.00010759,1
36.438,0.00010222,1
36.438,9.6513e-05,1
36.439,9.7856e-05,1
36.439,9.4835e-05,1
36.44,7.6707e-05,1
36.44,4.4144e-05,1
36.441,1.2589e-05,1
36.441,-4.3641e-06,1
36.442,-3.8605e-06,1
36.442,7.3854e-06,1
36.443,2.2995e-05,1
36.443,4.3473e-05,1
36.444,6.2943e-05,1
36.444,5.8915e-05,1
36.445,2.1149e-05,1
36.445,-2.031e-05,1
36.446,-3.5416e-05,1
36.446,-3.2731e-05,1
36.447,-3.743e-05,1
36.447,-5.9251e-05,1
36.448,-8.6778e-05,1
36.448,-0.00010776,1
36.449,-0.0001091,1
36.449,-9.1142e-05,1
36.45,-5.9251e-05,1
36.451,-1.1246e-05,1
36.451,4.7837e-05,1
36.452,0.00010423,1
36.452,0.00014351,1
36.453,0.0001603,1
36.453,0.00016886,1
36.454,0.00018447,1
36.454,0.00020024,1
36.455,0.00021569,1
36.455,0.00023851,1
36.456,0.00024942,1
36.456,0.00022173,1
36.457,0.00015258,1
36.457,6.3111e-05,1
36.458,-1.9806e-05,1
36.458,-7.7379e-05,1
36.459,-0.00010608,1
36.459,-0.00010877,1
36.46,-8.7785e-05,1
36.46,-5.388e-05,1
36.461,-2.1653e-05,1
36.461,-5.8747e-06,1
36.462,-1.0239e-05,1
36.462,-2.7527e-05,1
36.463,-3.978e-05,1
36.464,-3.0045e-05,1
36.464,5.2033e-06,1
36.465,5.4887e-05,1
36.465,9.3828e-05,1
36.466,0.00010121,1
36.466,6.3951e-05,1
36.467,-1.4099e-05,1
36.467,-8.0903e-05,1
36.468,-9.8192e-05,1
36.468,-7.9393e-05,1
36.469,-4.9851e-05,1
36.469,-2.7192e-05,1
36.47,-1.9471e-05,1
36.47,-2.8367e-05,1
36.471,-4.3137e-05,1
36.471,-4.6326e-05,1
36.472,-3.4073e-05,1
36.472,-1.5946e-05,1
36.473,5.8747e-06,1
36.473,1.2924e-05,1
36.474,-7.5532e-06,1
36.474,1.5106e-06,1
36.475,5.7572e-05,1
36.475,0.00012102,1
36.476,0.00015593,1
36.476,0.00015425,1
36.477,0.00014083,1
36.478,0.00014284,1
36.478,0.00013327,1
36.479,9.366e-05,1
36.479,3.5248e-05,1
36.48,-1.2924e-05,1
36.48,-2.9877e-05,1
36.481,-3.3066e-05,1
36.481,-5.2537e-05,1
36.482,-8.4428e-05,1
36.482,-9.1814e-05,1
36.483,-6.9993e-05,1
36.483,-5.4887e-05,1
36.484,-6.7979e-05,1
36.484,-8.3253e-05,1
36.485,-6.3615e-05,1
36.485,-7.8889e-06,1
36.486,4.4816e-05,1
36.486,6.4958e-05,1
36.487,6.9993e-05,1
36.487,8.7785e-05,1
36.488,0.00010726,1
36.488,9.7185e-05,1
36.489,6.0929e-05,1
36.489,2.7359e-05,1
36.49,1.6617e-05,1
36.49,2.8702e-05,1
36.491,5.1865e-05,1
36.492,7.2343e-05,1
36.492,8.4428e-05,1
36.493,7.9896e-05,1
36.493,5.4719e-05,1
36.494,2.266e-05,1
36.494,1.1749e-06,1
36.495,-5.2033e-06,1
36.495,-1.0071e-06,1
36.496,-1.6785e-06,1
36.496,-7.2175e-06,1
36.497,1.6785e-06,1
36.497,3.2395e-05,1
36.498,6.2272e-05,1
36.498,7.0329e-05,1
36.499,3.9445e-05,1
36.499,-2.182e-05,1
36.5,-6.9993e-05,1
36.5,-8.4092e-05,1
36.501,-7.4022e-05,1
36.501,-5.1865e-05,1
36.502,-1.8631e-05,1
36.502,3.2059e-05,1
36.503,8.6442e-05,1
36.503,0.00011565,1
36.504,0.00011296,1
36.505,0.00010961,1
36.505,0.00012673,1
36.506,0.00014284,1
36.506,0.00012052,1
36.507,5.5558e-05,1
36.507,-2.3163e-05,1
36.508,-7.2175e-05,1
36.508,-7.0161e-05,1
36.509,-3.8437e-05,1
36.509,-5.8747e-06,1
36.51,2.4338e-05,1
36.51,5.2033e-05,1
36.511,4.1459e-05,1
36.511,-4.4648e-05,1
36.512,-0.00014989,1
36.512,-0.00018212,1
36.513,-0.0001185,1
36.513,-1.6617e-05,1
36.514,5.1362e-05,1
36.514,6.5461e-05,1
36.515,5.0858e-05,1
36.515,4.2466e-05,1
36.516,5.4887e-05,1
36.516,8.4428e-05,1
36.517,0.00012337,1
36.517,0.00015325,1
36.518,0.00014922,1
36.519,0.00010558,1
36.519,3.9277e-05,1
36.52,-2.4506e-05,1
36.52,-7.0329e-05,1
36.521,-9.0471e-05,1
36.521,-8.8792e-05,1
36.522,-8.0568e-05,1
36.522,-6.7308e-05,1
36.523,-3.8605e-05,1
36.523,1.1749e-05,1
36.524,7.7379e-05,1
36.524,0.00013126,1
36.525,0.00015895,1
36.525,0.00016852,1
36.526,0.00017356,1
36.526,0.00016852,1
36.527,0.00014553,1
36.527,0.0001086,1
36.528,6.6804e-05,1
36.528,3.6088e-05,1
36.529,1.8631e-05,1
36.529,3.8605e-06,1
36.53,-1.4939e-05,1
36.53,-3.6423e-05,1
36.531,-5.6397e-05,1
36.532,-7.0832e-05,1
36.532,-7.7211e-05,1
36.533,-7.7379e-05,1
36.533,-9.4163e-05,1
36.534,-0.00011901,1
36.534,-0.0001133,1
36.535,-7.4861e-05,1
36.535,-2.7192e-05,1
36.536,1.4603e-05,1
36.536,4.5823e-05,1
36.537,6.479e-05,1
36.537,6.8986e-05,1
36.538,6.0258e-05,1
36.538,5.2537e-05,1
36.539,5.0858e-05,1
36.539,5.0858e-05,1
36.54,4.8005e-05,1
36.54,4.062e-05,1
36.541,2.9206e-05,1
36.541,1.8463e-05,1
36.542,1.2253e-05,1
36.542,7.8889e-06,1
36.543,-1.6785e-07,1
36.543,-8.896e-06,1
36.544,-1.091e-05,1
36.544,-6.3783e-06,1
36.545,4.8676e-06,1
36.546,2.266e-05,1
36.546,3.6927e-05,1
36.547,3.6759e-05,1
36.547,2.1317e-05,1
36.548,-5.0355e-06,1
36.548,-3.3738e-05,1
36.549,-5.2873e-05,1
36.549,-5.5055e-05,1
36.55,-4.4816e-05,1
36.55,-2.9038e-05,1
36.551,-1.1582e-05,1
36.551,5.2033e-06,1
36.552,1.9303e-05,1
36.552,2.7024e-05,1
36.553,2.8702e-05,1
36.553,2.8702e-05,1
36.554,3.3738e-05,1
36.554,4.1459e-05,1
36.555,4.3137e-05,1
36.555,3.7095e-05,1
36.556,2.7359e-05,1
36.556,1.9303e-05,1
36.557,1.3596e-05,1
36.557,9.9031e-06,1
36.558,8.2246e-06,1
36.559,7.8889e-06,1
36.559,5.2033e-06,1
36.56,1.5106e-06,1
36.56,-8.3925e-07,1
36.561,-1.1749e-06,1
36.561,1.8463e-06,1
36.562,8.2246e-06,1
36.562,1.2924e-05,1
36.563,1.326e-05,1
36.563,1.2421e-05,1
36.564,6.714e-06,1
36.564,-1.8463e-06,1
36.565,-2.8534e-06,1
36.565,7.7211e-06,1
36.566,2.2828e-05,1
36.566,3.2395e-05,1
36.567,3.0045e-05,1
36.567,1.9974e-05,1
36.568,1.0575e-05,1
36.568,9.0639e-06,1
36.569,1.4939e-05,1
36.569,2.4338e-05,1
36.57,3.4073e-05,1
36.57,4.448e-05,1
36.571,5.8244e-05,1
36.572,7.335e-05,1
36.572,8.9128e-05,1
36.573,0.00010961,1
36.573,0.00013646,1
36.574,0.0001566,1
36.574,0.00015358,1
36.575,0.00011632,1
36.575,4.9348e-05,1
36.576,-1.7121e-05,1
36.576,-6.6972e-05,1
36.577,-9.7017e-05,1
36.577,-9.3996e-05,1
36.578,-6.8315e-05,1
36.578,-4.1291e-05,1
36.579,-2.9038e-05,1
36.579,-4.7333e-05,1
36.58,-8.6107e-05,1
36.58,-0.00010709,1
36.581,-7.8218e-05,1
36.581,-1.8463e-06,1
36.582,8.5771e-05,1
36.582,0.00015677,1
36.583,0.00020041,1
36.583,0.00021032,1
36.584,0.00018044,1
36.584,0.00012471,1
36.585,7.7043e-05,1
36.586,5.5894e-05,1
36.586,6.0761e-05,1
36.587,7.9561e-05,1
36.587,0.00010591,1
36.588,0.0001274,1
36.588,0.000118,1
36.589,7.2343e-05,1
36.589,1.4939e-05,1
36.59,-2.5681e-05,1
36.59,-3.7934e-05,1
36.591,-2.7192e-05,1
36.591,-6.5461e-06,1
36.592,1.6281e-05,1
36.592,4.2634e-05,1
36.593,7.8721e-05,1
36.593,0.00011666,1
36.594,0.00013814,1
36.594,0.0001368,1
36.595,0.00011833,1
36.595,8.7785e-05,1
36.596,5.4887e-05,1
36.596,2.4002e-05,1
36.597,-1.1749e-06,1
36.597,-1.7288e-05,1
36.598,-2.3499e-05,1
36.599,-1.8967e-05,1
36.599,-1.3428e-06,1
36.6,2.1317e-05,1
36.6,2.9038e-05,1
36.601,-1.5946e-05,1
36.601,-9.5506e-05,1
36.602,-0.00015409,1
36.602,-0.00016701,1
36.603,-0.00014586,1
36.603,-0.0001133,1
36.604,-7.4357e-05,1
36.604,-3.8437e-05,1
36.605,-1.8128e-05,1
36.605,-1.561e-05,1
36.606,-2.1653e-05,1
36.606,-2.0645e-05,1
36.607,-6.8818e-06,1
36.607,1.561e-05,1
36.608,3.9277e-05,1
36.608,5.2369e-05,1
36.609,4.7333e-05,1
36.609,3.508e-05,1
36.61,2.5177e-05,1
36.61,1.7792e-05,1
36.611,1.0239e-05,1
36.611,1.5106e-06,1
36.612,-1.6785e-06,1
36.613,8.3925e-07,1
36.613,5.0355e-07,1
36.614,-1.6785e-07,1
36.614,7.5532e-06,1
36.615,2.1317e-05,1
36.615,2.5345e-05,1
36.616,1.1582e-05,1
36.616,-1.8128e-05,1
36.617,-5.5558e-05,1
36.617,-8.6107e-05,1
36.618,-9.5842e-05,1
36.618,-8.1407e-05,1
36.619,-5.0019e-05,1
36.619,-2.0981e-05,1
36.62,-1.0239e-05,1
36.62,-1.7288e-05,1
36.621,-2.9206e-05,1
36.621,-3.508e-05,1
36.622,-2.2828e-05,1
36.622,1.7121e-05,1
36.623,7.6707e-05,1
36.623,0.00012639,1
36.624,0.00014217,1
36.624,0.00011867,1
36.625,6.7643e-05,1
36.626,1.3092e-05,1
36.626,-2.417e-05,1
36.627,-4.918e-05,1
36.627,-6.7475e-05,1
36.628,-6.865e-05,1
36.628,-5.304e-05,1
36.629,-3.3738e-05,1
36.629,-1.3764e-05,1
36.63,7.5532e-06,1
36.63,3.0045e-05,1
36.631,5.2873e-05,1
36.631,7.1504e-05,1
36.632,8.3589e-05,1
36.632,9.1646e-05,1
36.633,9.1478e-05,1
36.633,8.4092e-05,1
36.634,8.2414e-05,1
36.634,7.6371e-05,1
36.635,3.7766e-05,1
36.635,-1.091e-05,1
36.636,-2.6352e-05,1
36.636,-8.896e-06,1
36.637,2.5345e-05,1
36.637,6.9657e-05,1
36.638,0.00011162,1
36.638,0.00013848,1
36.639,0.0001472,1
36.64,0.00014653,1
36.64,0.0001519,1
36.641,0.0001702,1
36.641,0.00018749,1
36.642,0.00018682,1
36.642,0.00016533,1
36.643,0.00012807,1
36.643,7.8218e-05,1
36.644,2.182e-05,1
36.644,-2.5681e-05,1
36.645,-4.918e-05,1
36.645,-5.0355e-05,1
36.646,-3.6927e-05,1
36.646,-1.6617e-05,1
36.647,2.3499e-06,1
36.647,1.4267e-05,1
36.648,1.8631e-05,1
36.648,1.6449e-05,1
36.649,1.2421e-05,1
36.649,6.5461e-06,1
36.65,-3.357e-07,1
36.65,-5.0355e-06,1
36.651,-7.3854e-06,1
36.651,-1.5274e-05,1
36.652,-3.5752e-05,1
36.653,-5.8244e-05,1
36.653,-7.3182e-05,1
36.654,-7.6371e-05,1
36.654,-8.0064e-05,1
36.655,-9.3996e-05,1
36.655,-0.00010961,1
36.656,-0.00010994,1
36.656,-8.5603e-05,1
36.657,-3.9109e-05,1
36.657,1.1917e-05,1
36.658,4.062e-05,1
36.658,4.3641e-05,1
36.659,4.2802e-05,1
36.659,4.7837e-05,1
36.66,5.6565e-05,1
36.66,6.3111e-05,1
36.661,6.949e-05,1
36.661,9.4499e-05,1
36.662,0.00013881,1
36.662,0.00016634,1
36.663,0.00015291,1
36.663,0.00010155,1
36.664,4.0116e-05,1
36.664,1.8463e-06,1
36.665,-1.5106e-05,1
36.665,-4.2466e-05,1
36.666,-8.6107e-05,1
36.667,-0.00012387,1
36.667,-0.00014318,1
36.668,-0.00013613,1
36.668,-0.00010843,1
36.669,-7.8889e-05,1
36.669,-4.9851e-05,1
36.67,-1.326e-05,1
36.67,2.6688e-05,1
36.671,6.0594e-05,1
36.671,8.6442e-05,1
36.672,0.00010826,1
36.672,0.0001331,1
36.673,0.00015157,1
36.673,0.00014788,1
36.674,0.00012555,1
36.674,9.8863e-05,1
36.675,7.4357e-05,1
36.675,5.7404e-05,1
36.676,5.8579e-05,1
36.676,8.2078e-05,1
36.677,9.8192e-05,1
36.677,9.0471e-05,1
36.678,7.0329e-05,1
36.678,5.4551e-05,1
36.679,3.7095e-05,1
36.679,4.1962e-06,1
36.68,-3.0213e-05,1
36.681,-5.5055e-05,1
36.681,-6.9993e-05,1
36.682,-7.1e-05,1
36.682,-5.6733e-05,1
36.683,-4.0284e-05,1
36.683,-3.0045e-05,1
36.684,-2.3331e-05,1
36.684,-3.5752e-05,1
36.685,-7.6036e-05,1
36.685,-0.00010793,1
36.686,-9.2317e-05,1
36.686,-3.6759e-05,1
36.687,2.1988e-05,1
36.687,5.8244e-05,1
36.688,6.8986e-05,1
36.688,6.1601e-05,1
36.689,4.6662e-05,1
36.689,3.2563e-05,1
36.69,2.4002e-05,1
36.69,2.1653e-05,1
36.691,2.6352e-05,1
36.691,2.9709e-05,1
36.692,3.8605e-06,1
36.692,-4.3641e-05,1
36.693,-6.6972e-05,1
36.694,-5.7572e-05,1
36.694,-3.1724e-05,1
36.695,-7.8889e-06,1
36.695,-3.5248e-06,1
36.696,-1.1749e-06,1
36.696,3.1891e-05,1
36.697,9.2821e-05,1
36.697,0.00014754,1
36.698,0.00017339,1
36.698,0.00016046,1
36.699,0.00012253,1
36.699,7.9896e-05,1
36.7,3.6927e-05,1
36.7,-1.3596e-05,1
36.701,-6.63e-05,1
36.701,-0.00010457,1
36.702,-0.00011397,1
36.702,-9.6345e-05,1
36.703,-7.2679e-05,1
36.703,-5.3376e-05,1
36.704,-2.4338e-05,1
36.704,1.8631e-05,1
36.705,5.5726e-05,1
36.705,7.9561e-05,1
36.706,9.5506e-05,1
36.706,0.00011363,1
36.707,0.00014166,1
36.708,0.00017876,1
36.708,0.00021099,1
36.709,0.00021669,1
36.709,0.00019118,1
36.71,0.00015023,1
36.71,0.00011162,1
36.711,7.9728e-05,1
36.711,4.918e-05,1
36.712,1.9806e-05,1
36.712,-5.0355e-07,1
36.713,-4.1962e-06,1
36.713,-3.357e-07,1
36.714,3.357e-07,1
36.714,-2.182e-06,1
36.715,-4.1962e-06,1
36.715,2.182e-06,1
36.716,1.9806e-05,1
36.716,3.122e-05,1
36.717,2.266e-05,1
36.717,-6.714e-06,1
36.718,-5.7572e-05,1
36.718,-0.00012773,1
36.719,-0.0002031,1
36.719,-0.00026973,1
36.72,-0.00030565,1
36.721,-0.00029424,1
36.721,-0.00024472,1
36.722,-0.0001697,1
36.722,-8.6107e-05,1
36.723,-1.8631e-05,1
36.723,1.9974e-05,1
36.724,4.062e-05,1
36.724,6.2943e-05,1
36.725,9.7856e-05,1
36.725,0.00013948,1
36.726,0.00016516,1
36.726,0.00015828,1
36.727,0.00013378,1
36.727,0.00010658,1
36.728,7.1672e-05,1
36.728,3.2731e-05,1
36.729,8.2246e-06,1
36.729,5.7069e-06,1
36.73,1.1078e-05,1
36.73,1.0575e-05,1
36.731,5.7069e-06,1
36.731,3.8605e-06,1
36.732,6.2104e-06,1
36.732,6.8818e-06,1
36.733,9.5674e-06,1
36.733,3.8941e-05,1
36.734,9.752e-05,1
36.735,0.00012874,1
36.735,9.3156e-05,1
36.736,3.4913e-05,1
36.736,-3.357e-06,1
36.737,-7.0497e-06,1
36.737,1.9806e-05,1
36.738,3.9445e-05,1
36.738,3.0549e-05,1
36.739,1.5274e-05,1
36.739,2.2324e-05,1
36.74,5.6901e-05,1
36.74,0.00010373,1
36.741,0.00014687,1
36.741,0.00017893,1
36.742,0.00019689,1
36.742,0.00019857,1
36.743,0.00018648,1
36.743,0.00016265,1
36.744,0.00013747,1
36.744,0.00014821,1
36.745,0.00019202,1
36.745,0.00022525,1
36.746,0.00020629,1
36.746,0.00012639,1
36.747,1.3428e-05,1
36.748,-9.1478e-05,1
36.748,-0.00016281,1
36.749,-0.00019689,1
36.749,-0.0002036,1
36.75,-0.0001895,1
36.75,-0.00016684,1
36.751,-0.00014737,1
36.751,-0.00012924,1
36.752,-0.00010491,1
36.752,-7.2007e-05,1
36.753,-2.9709e-05,1
36.753,1.7121e-05,1
36.754,5.6565e-05,1
36.754,7.6036e-05,1
36.755,7.2007e-05,1
36.755,4.5487e-05,1
36.756,-2.8534e-06,1
36.756,-4.7837e-05,1
36.757,-7.6204e-05,1
36.757,-9.2988e-05,1
36.758,-9.1478e-05,1
36.758,-7.5364e-05,1
36.759,-4.8341e-05,1
36.759,-2.0645e-05,1
36.76,-4.0284e-06,1
36.761,7.8889e-06,1
36.761,2.3667e-05,1
36.762,4.3473e-05,1
36.762,5.9586e-05,1
36.763,6.3279e-05,1
36.763,6.5293e-05,1
36.764,6.714e-05,1
36.764,5.6733e-05,1
36.765,4.213e-05,1
36.765,3.4745e-05,1
36.766,3.5584e-05,1
36.766,3.4577e-05,1
36.767,2.8031e-05,1
36.767,1.6617e-05,1
36.768,3.6927e-06,1
36.768,-8.3925e-07,1
36.769,1.1749e-06,1
36.769,-5.7069e-06,1
36.77,-2.9206e-05,1
36.77,-5.6062e-05,1
36.771,-7.335e-05,1
36.771,-7.4525e-05,1
36.772,-6.2608e-05,1
36.772,-4.7501e-05,1
36.773,-3.3234e-05,1
36.773,-2.0645e-05,1
36.774,-1.5274e-05,1
36.775,-1.091e-05,1
36.775,2.182e-06,1
36.776,2.8702e-05,1
36.776,6.2608e-05,1
36.777,9.5842e-05,1
36.777,0.0001185,1
36.778,0.00012001,1
36.778,0.00011397,1
36.779,0.00012303,1
36.779,0.00013931,1
36.78,0.00014318,1
36.78,0.00013143,1
36.781,0.00011263,1
36.781,9.5506e-05,1
36.782,8.3421e-05,1
36.782,7.1504e-05,1
36.783,5.3544e-05,1
36.783,3.3066e-05,1
36.784,1.2757e-05,1
36.784,-6.8818e-06,1
36.785,-1.8463e-05,1
36.785,-1.4267e-05,1
36.786,-3.6927e-06,1
36.786,1.6785e-07,1
36.787,-9.5674e-06,1
36.788,-2.6017e-05,1
36.788,-3.2731e-05,1
36.789,-2.8534e-06,1
36.789,5.4215e-05,1
36.79,9.3828e-05,1
36.79,9.3828e-05,1
36.791,6.3951e-05,1
36.791,1.8631e-05,1
36.792,-3.3402e-05,1
36.792,-8.7449e-05,1
36.793,-0.00013764,1
36.793,-0.00015795,1
36.794,-0.00014788,1
36.794,-0.0001284,1
36.795,-0.00010289,1
36.795,-6.3279e-05,1
36.796,-1.6617e-05,1
36.796,1.7624e-05,1
36.797,3.8605e-05,1
36.797,6.0929e-05,1
36.798,8.6442e-05,1
36.798,0.00011699,1
36.799,0.00015023,1
36.799,0.00016835,1
36.8,0.0001556,1
36.8,0.00011682,1
36.801,4.1459e-05,1
36.802,-7.6539e-05,1
36.802,-0.00016449,1
36.803,-0.00017188,1
36.803,-0.00012119,1
36.804,-6.5293e-05,1
36.804,-2.5849e-05,1
36.805,1.4099e-05,1
36.805,6.2608e-05,1
36.806,0.00010054,1
36.806,0.00011598,1
36.807,0.00013143,1
36.807,0.00016835,1
36.808,0.00021971,1
36.808,0.0002647,1
36.809,0.00028148,1
36.809,0.00025765,1
36.81,0.00021233,1
36.81,0.00017423,1
36.811,0.00013931,1
36.811,8.8792e-05,1
36.812,2.7024e-05,1
36.812,-1.9638e-05,1
36.813,-4.1962e-05,1
36.813,-5.3376e-05,1
36.814,-6.63e-05,1
36.815,-0.00010054,1
36.815,-0.00014636,1
36.816,-0.00017406,1
36.816,-0.00016265,1
36.817,-0.00011984,1
36.817,-6.7308e-05,1
36.818,-1.091e-05,1
36.818,4.3137e-05,1
36.819,7.6036e-05,1
36.819,8.1575e-05,1
36.82,7.2343e-05,1
36.82,6.479e-05,1
36.821,7.3014e-05,1
36.821,0.00010759,1
36.822,0.0001556,1
36.822,0.00017826,1
36.823,0.00015476,1
36.823,9.601e-05,1
36.824,2.4674e-05,1
36.824,-4.1459e-05,1
36.825,-9.0806e-05,1
36.825,-0.00011229,1
36.826,-0.00011061,1
36.826,-9.8695e-05,1
36.827,-8.04e-05,1
36.827,-5.1865e-05,1
36.828,-2.2828e-05,1
36.829,-8.896e-06,1
36.829,-5.7069e-06,1
36.83,-2.182e-06,1
36.83,-7.8889e-06,1
36.831,-2.2995e-05,1
36.831,-3.357e-05,1
36.832,-2.9206e-05,1
36.832,-2.5681e-05,1
36.833,-3.743e-05,1
36.833,-6.4622e-05,1
36.834,-9.4163e-05,1
36.834,-0.00011196,1
36.835,-0.00011447,1
36.835,-0.00011296,1
36.836,-0.000118,1
36.836,-0.00012203,1
36.837,-0.00011514,1
36.837,-9.8192e-05,1
36.838,-7.335e-05,1
36.838,-3.8941e-05,1
36.839,7.8889e-06,1
36.839,6.2608e-05,1
36.84,0.00011128,1
36.84,0.00015157,1
36.841,0.00017977,1
36.842,0.0001942,1
36.842,0.00019689,1
36.843,0.00019806,1
36.843,0.00019722,1
36.844,0.00018312,1
36.844,0.00015828,1
36.845,0.00013243,1
36.845,0.0001138,1
36.846,0.00010524,1
36.846,9.987e-05,1
36.847,8.9632e-05,1
36.847,7.4861e-05,1
36.848,6.2104e-05,1
36.848,5.2537e-05,1
36.849,3.9948e-05,1
36.849,1.9974e-05,1
36.85,-3.0213e-06,1
36.85,-3.3738e-05,1
36.851,-7.4525e-05,1
36.851,-0.00010272,1
36.852,-0.00010944,1
36.852,-0.00010373,1
36.853,-8.7282e-05,1
36.853,-6.1097e-05,1
36.854,-3.1052e-05,1
36.854,-4.6998e-06,1
36.855,1.1917e-05,1
36.856,1.9974e-05,1
36.856,2.3163e-05,1
36.857,3.3234e-05,1
36.857,5.8915e-05,1
36.858,8.7617e-05,1
36.858,0.00010088,1
36.859,0.00010021,1
36.859,9.0806e-05,1
36.86,6.1936e-05,1
36.86,3.1891e-06,1
36.861,-6.3951e-05,1
36.861,-0.0001138,1
36.862,-0.00013915,1
36.862,-0.00013915,1
36.863,-0.00011632,1
36.863,-7.6539e-05,1
36.864,-3.9109e-05,1
36.864,-1.1246e-05,1
36.865,1.4771e-05,1
36.865,4.0116e-05,1
36.866,6.2608e-05,1
36.866,8.51e-05,1
36.867,0.00010121,1
36.867,9.8024e-05,1
36.868,7.805e-05,1
36.868,5.1026e-05,1
36.869,2.8367e-05,1
36.87,1.561e-05,1
36.87,7.7211e-06,1
36.871,-8.3925e-07,1
36.871,-9.5674e-06,1
36.872,-1.3596e-05,1
36.872,-1.6785e-07,1
36.873,3.7095e-05,1
36.873,7.805e-05,1
36.874,9.6513e-05,1
36.874,8.9128e-05,1
36.875,6.5629e-05,1
36.875,3.8773e-05,1
36.876,1.5946e-05,1
36.876,1.3931e-05,1
36.877,3.8773e-05,1
36.877,6.6972e-05,1
36.878,7.8553e-05,1
36.878,6.4958e-05,1
36.879,3.0716e-05,1
36.879,-8.896e-06,1
36.88,-4.1459e-05,1
36.88,-5.5894e-05,1
36.881,-5.8915e-05,1
36.881,-8.8792e-05,1
36.882,-0.0001415,1
36.883,-0.00016802,1
36.883,-0.00016315,1
36.884,-0.00014871,1
36.884,-0.00012975,1
36.885,-9.987e-05,1
36.885,-6.1769e-05,1
36.886,-2.2828e-05,1
36.886,1.8631e-05,1
36.887,7.2343e-05,1
36.887,0.0001321,1
36.888,0.00017775,1
36.888,0.00020209,1
36.889,0.00022408,1
36.889,0.00025765,1
36.89,0.00029206,1
36.89,0.00031606,1
36.891,0.00031136,1
36.891,0.00026537,1
36.892,0.0001942,1
36.892,0.00012522,1
36.893,7.5532e-05,1
36.893,4.6998e-05,1
36.894,3.0381e-05,1
36.894,3.6927e-06,1
36.895,-3.5752e-05,1
36.895,-7.5364e-05,1
36.896,-0.00010826,1
36.897,-0.00012605,1
36.897,-0.00012505,1
36.898,-0.00012287,1
36.898,-0.0001613,1
36.899,-0.00021468,1
36.899,-0.00021753,1
36.9,-0.00015459,1
36.9,-5.1698e-05,1
36.901,6.1601e-05,1
36.901,0.00016718,1
36.902,0.00024607,1
36.902,0.00027779,1
36.903,0.0002553,1
36.903,0.00020192,1
36.904,0.00015492,1
36.904,0.00013075,1
36.905,0.0001185,1
36.905,9.8527e-05,1
36.906,6.5461e-05,1
36.906,3.1052e-05,1
36.907,9.2317e-06,1
36.907,-2.182e-06,1
36.908,-1.3596e-05,1
36.908,-2.3835e-05,1
36.909,-2.5681e-05,1
36.91,-2.3331e-05,1
36.91,-2.2995e-05,1
36.911,-2.3667e-05,1
36.911,-2.4674e-05,1
36.912,-3.7095e-05,1
36.912,-6.0929e-05,1
36.913,-6.865e-05,1
36.913,-5.1194e-05,1
36.914,-3.0213e-05,1
36.914,-2.4674e-05,1
36.915,-3.5248e-05,1
36.915,-5.7572e-05,1
36.916,-8.3421e-05,1
36.916,-8.7449e-05,1
36.917,-6.1936e-05,1
36.917,-2.652e-05,1
36.918,-7.0497e-06,1
36.918,-1.6617e-05,1
36.919,-3.8102e-05,1
36.919,-4.1627e-05,1
36.92,-3.3906e-05,1
36.92,-3.9109e-05,1
36.921,-6.2776e-05,1
36.921,-9.6178e-05,1
36.922,-0.00011363,1
36.922,-8.9967e-05,1
36.923,-3.8437e-05,1
36.924,-6.5461e-06,1
36.924,-1.1078e-05,1
36.925,-2.7024e-05,1
36.925,-3.8437e-05,1
36.926,-4.2969e-05,1
36.926,-3.7095e-05,1
36.927,-2.1317e-05,1
36.927,8.3925e-06,1
36.928,5.2873e-05,1
36.928,9.6849e-05,1
36.929,0.00012438,1
36.929,0.00013193,1
36.93,0.00012757,1
36.93,0.0001274,1
36.931,0.00013445,1
36.931,0.00013747,1
36.932,0.00013344,1
36.932,0.00012874,1
36.933,0.00013143,1
36.933,0.0001368,1
36.934,0.00012035,1
36.934,8.1071e-05,1
36.935,4.5487e-05,1
36.935,2.7695e-05,1
36.936,2.4506e-05,1
36.937,3.0045e-05,1
36.937,3.8437e-05,1
36.938,4.1627e-05,1
36.938,3.7095e-05,1
36.939,3.0716e-05,1
36.939,2.8702e-05,1
36.94,2.8702e-05,1
36.94,2.4674e-05,1
36.941,2.031e-05,1
36.941,1.7288e-05,1
36.942,1.0239e-05,1
36.942,-1.8463e-06,1
36.943,-2.0981e-05,1
36.943,-4.1291e-05,1
36.944,-4.683e-05,1
36.944,-3.3234e-05,1
36.945,-9.5674e-06,1
36.945,1.5946e-05,1
36.946,3.6423e-05,1
36.946,3.4409e-05,1
36.947,-2.031e-05,1
36.947,-9.2317e-05,1
36.948,-0.00011481,1
36.948,-7.8721e-05,1
36.949,-2.5681e-05,1
36.95,1.3092e-05,1
36.95,4.2802e-05,1
36.951,5.9251e-05,1
36.951,4.8844e-05,1
36.952,2.5849e-05,1
36.952,8.5603e-06,1
36.953,0,1
36.953,-1.0071e-06,1
36.954,-6.2104e-06,1
36.954,-1.4603e-05,1
36.955,-6.0426e-06,1
36.955,3.743e-05,1
36.956,0.00010121,1
36.956,0.00013613,1
36.957,0.0001368,1
36.957,0.00011565,1
36.958,7.3014e-05,1
36.958,2.4506e-05,1
36.959,-3.8605e-06,1
36.959,-1.8463e-06,1
36.96,1.8296e-05,1
36.96,3.7766e-05,1
36.961,5.4215e-05,1
36.961,8.04e-05,1
36.962,0.00012505,1
36.962,0.00017809,1
36.963,0.00020259,1
36.964,0.00017641,1
36.964,0.00012203,1
36.965,7.9057e-05,1
36.965,5.2537e-05,1
36.966,3.0213e-05,1
36.966,8.7282e-06,1
36.967,-1.1917e-05,1
36.967,-3.122e-05,1
36.968,-3.9445e-05,1
36.968,-3.9612e-05,1
36.969,-5.0187e-05,1
36.969,-5.9754e-05,1
36.97,-5.1026e-05,1
36.97,-4.448e-05,1
36.971,-4.7501e-05,1
36.971,-4.3137e-05,1
36.972,-3.2059e-05,1
36.972,-2.9877e-05,1
36.973,-4.1291e-05,1
36.973,-6.0258e-05,1
36.974,-7.3014e-05,1
36.974,-6.865e-05,1
36.975,-4.7166e-05,1
36.975,-1.9471e-05,1
36.976,4.3641e-06,1
36.977,2.3835e-05,1
36.977,4.7501e-05,1
36.978,6.6804e-05,1
36.978,6.1601e-05,1
36.979,3.4409e-05,1
36.979,9.3996e-06,1
36.98,-5.0355e-07,1
36.98,-3.8605e-06,1
36.981,-1.1246e-05,1
36.981,-1.5946e-05,1
36.982,-1.2421e-05,1
36.982,-5.7069e-06,1
36.983,-1.6785e-07,1
36.983,7.5532e-06,1
36.984,1.9303e-05,1
36.984,3.0045e-05,1
36.985,3.8102e-05,1
36.985,4.6494e-05,1
36.986,4.8844e-05,1
36.986,3.6759e-05,1
36.987,1.5274e-05,1
36.987,-1.6785e-06,1
36.988,-1.4939e-05,1
36.988,-3.9948e-05,1
36.989,-6.6133e-05,1
36.989,-7.7211e-05,1
36.99,-7.4525e-05,1
36.991,-6.479e-05,1
36.991,-6.009e-05,1
36.992,-6.5293e-05,1
36.992,-6.9993e-05,1
36.993,-6.2272e-05,1
36.993,-3.2395e-05,1
36.994,1.6617e-05,1
36.994,7.0832e-05,1
36.995,0.00011917,1
36.995,0.00016231,1
36.996,0.00019554,1
36.996,0.00021048,1
36.997,0.00020931,1
36.997,0.00019655,1
36.998,0.00017238,1
36.998,0.00014032,1
36.999,0.00010625,1
36.999,7.2343e-05,1
37,4.0452e-05,1
37,1.4771e-05,1
37.001,-4.3641e-06,1
37.001,-1.5274e-05,1
37.002,-1.8463e-05,1
37.002,-1.0407e-05,1
37.003,1.4603e-05,1
37.004,4.5319e-05,1
37.004,6.5629e-05,1
37.005,7.1336e-05,1
37.005,6.8315e-05,1
37.006,5.7572e-05,1
37.006,4.1794e-05,1
37.007,2.0478e-05,1
37.007,-6.0426e-06,1
37.008,-3.827e-05,1
37.008,-7.6371e-05,1
37.009,-0.00010893,1
37.009,-0.00012723,1
37.01,-0.00012941,1
37.01,-0.00010793,1
37.011,-6.4622e-05,1
37.011,-1.8967e-05,1
37.012,1.0575e-05,1
37.012,2.4002e-05,1
37.013,3.743e-05,1
37.013,5.5222e-05,1
37.014,6.8315e-05,1
37.014,7.57e-05,1
37.015,8.2078e-05,1
37.015,8.8121e-05,1
37.016,8.9464e-05,1
37.016,8.5435e-05,1
37.017,8.1575e-05,1
37.018,8.04e-05,1
37.018,7.7714e-05,1
37.019,6.9322e-05,1
37.019,5.4719e-05,1
37.02,3.6088e-05,1
37.02,2.1317e-05,1
37.021,1.2589e-05,1
37.021,-2.8534e-06,1
37.022,-2.8031e-05,1
37.022,-3.8102e-05,1
37.023,-1.8296e-05,1
37.023,6.2104e-06,1
37.024,1.3931e-05,1
37.024,9.9031e-06,1
37.025,5.2033e-06,1
37.025,4.5319e-06,1
37.026,7.0497e-06,1
37.026,8.2246e-06,1
37.027,8.2246e-06,1
37.027,1.1749e-05,1
37.028,2.2324e-05,1
37.028,3.3066e-05,1
37.029,2.7359e-05,1
37.029,-4.8676e-06,1
37.03,-4.918e-05,1
37.031,-8.5939e-05,1
37.031,-0.00010373,1
37.032,-9.752e-05,1
37.032,-7.3518e-05,1
37.033,-3.9109e-05,1
37.033,5.2033e-06,1
37.034,4.9683e-05,1
37.034,7.8721e-05,1
37.035,8.1575e-05,1
37.035,6.5293e-05,1
37.036,5.5894e-05,1
37.036,6.3615e-05,1
37.037,8.04e-05,1
37.037,9.366e-05,1
37.038,9.7856e-05,1
37.038,8.9464e-05,1
37.039,7.5364e-05,1
37.039,6.63e-05,1
37.04,6.1936e-05,1
37.04,5.7404e-05,1
37.041,5.3544e-05,1
37.041,5.3544e-05,1
37.042,5.8915e-05,1
37.042,6.2272e-05,1
37.043,5.3544e-05,1
37.043,3.6255e-05,1
37.044,2.1988e-05,1
37.045,1.4267e-05,1
37.045,6.8818e-06,1
37.046,-2.6856e-06,1
37.046,-1.326e-05,1
37.047,-2.1653e-05,1
37.047,-2.7863e-05,1
37.048,-3.2563e-05,1
37.048,-3.6255e-05,1
37.049,-4.0452e-05,1
37.049,-4.683e-05,1
37.05,-5.623e-05,1
37.05,-6.4622e-05,1
37.051,-6.5461e-05,1
37.051,-6.1433e-05,1
37.052,-5.7572e-05,1
37.052,-5.0019e-05,1
37.053,-4.2298e-05,1
37.053,-4.062e-05,1
37.054,-4.3137e-05,1
37.054,-4.4984e-05,1
37.055,-4.2634e-05,1
37.055,-3.2731e-05,1
37.056,-1.3931e-05,1
37.056,1.3428e-05,1
37.057,5.0355e-05,1
37.057,9.3156e-05,1
37.058,0.00013109,1
37.059,0.00014821,1
37.059,0.00014133,1
37.06,0.00011061,1
37.06,5.6062e-05,1
37.061,-1.4771e-05,1
37.061,-7.7211e-05,1
37.062,-0.00010507,1
37.062,-9.8695e-05,1
37.063,-7.7714e-05,1
37.063,-5.6062e-05,1
37.064,-3.592e-05,1
37.064,-1.5778e-05,1
37.065,1.5946e-05,1
37.065,6.8315e-05,1
37.066,0.00012471,1
37.066,0.00017675,1
37.067,0.00021988,1
37.067,0.00025093,1
37.068,0.00026369,1
37.068,0.00024875,1
37.069,0.00021451,1
37.069,0.00018111,1
37.07,0.00016097,1
37.07,0.00015358,1
37.071,0.00015795,1
37.072,0.000166,1
37.072,0.00014922,1
37.073,8.8121e-05,1
37.073,1.0071e-06,1
37.074,-7.7379e-05,1
37.074,-0.00012203,1
37.075,-0.00013478,1
37.075,-0.00012975,1
37.076,-0.00012068,1
37.076,-0.00010759,1
37.077,-8.3421e-05,1
37.077,-5.5894e-05,1
37.078,-4.5655e-05,1
37.078,-5.2537e-05,1
37.079,-5.2873e-05,1
37.079,-3.4073e-05,1
37.08,-1.1246e-05,1
37.08,-1.6785e-07,1
37.081,8.3925e-07,1
37.081,1.8463e-06,1
37.082,3.8605e-06,1
37.082,1.0071e-06,1
37.083,-3.5248e-06,1
37.083,-7.0497e-06,1
37.084,-1.7288e-05,1
37.084,-3.9277e-05,1
37.085,-6.3951e-05,1
37.086,-8.3085e-05,1
37.086,-9.4835e-05,1
37.087,-9.4499e-05,1
37.087,-8.3757e-05,1
37.088,-8.5267e-05,1
37.088,-9.6178e-05,1
37.089,-9.0639e-05,1
37.089,-5.4215e-05,1
37.09,7.0497e-06,1
37.09,7.2343e-05,1
37.091,0.00012287,1
37.091,0.00015224,1
37.092,0.00016315,1
37.092,0.00016281,1
37.093,0.00014989,1
37.093,0.0001284,1
37.094,0.00010692,1
37.094,9.3492e-05,1
37.095,9.4835e-05,1
37.095,0.00011128,1
37.096,0.00013529,1
37.096,0.00015459,1
37.097,0.00015291,1
37.097,0.00011934,1
37.098,5.2537e-05,1
37.099,-3.3066e-05,1
37.099,-0.00011296,1
37.1,-0.000166,1
37.1,-0.00018766,1
37.101,-0.00019001,1
37.101,-0.00018027,1
37.102,-0.00016349,1
37.102,-0.00013915,1
37.103,-0.00010423,1
37.103,-5.8076e-05,1
37.104,-1.6785e-06,1
37.104,5.9922e-05,1
37.105,0.00011682,1
37.105,0.00015123,1
37.106,0.00015023,1
37.106,0.00012773,1
37.107,9.8192e-05,1
37.107,6.8147e-05,1
37.108,5.0187e-05,1
37.108,5.4887e-05,1
37.109,7.4693e-05,1
37.109,7.8721e-05,1
37.11,4.683e-05,1
37.11,5.0355e-07,1
37.111,-3.978e-05,1
37.111,-7.2007e-05,1
37.112,-9.2149e-05,1
37.113,-9.1142e-05,1
37.113,-6.9322e-05,1
37.114,-4.1291e-05,1
37.114,-1.5274e-05,1
37.115,2.1988e-05,1
37.115,6.8818e-05,1
37.116,0.00010188,1
37.116,0.00011414,1
37.117,0.00011263,1
37.117,0.00010373,1
37.118,9.0135e-05,1
37.118,7.7546e-05,1
37.119,6.5965e-05,1
37.119,5.9754e-05,1
37.12,6.5965e-05,1
37.12,8.4092e-05,1
37.121,0.00010507,1
37.121,0.00011733,1
37.122,0.00011263,1
37.122,9.9535e-05,1
37.123,9.2149e-05,1
37.123,8.5771e-05,1
37.124,7.1336e-05,1
37.124,5.1698e-05,1
37.125,3.5248e-05,1
37.126,3.3738e-05,1
37.126,5.8076e-05,1
37.127,8.2246e-05,1
37.127,7.3686e-05,1
37.128,2.9709e-05,1
37.128,-2.887e-05,1
37.129,-8.1575e-05,1
37.129,-0.0001138,1
37.13,-0.00012236,1
37.13,-0.00011615,1
37.131,-0.00010356,1
37.131,-8.9296e-05,1
37.132,-6.8986e-05,1
37.132,-3.0884e-05,1
37.133,2.2156e-05,1
37.133,6.8315e-05,1
37.134,9.5842e-05,1
37.134,0.00010558,1
37.135,9.8192e-05,1
37.135,7.3686e-05,1
37.136,3.8605e-05,1
37.136,4.6998e-06,1
37.137,-2.031e-05,1
37.137,-3.9109e-05,1
37.138,-5.2705e-05,1
37.139,-6.6804e-05,1
37.139,-8.6778e-05,1
37.14,-0.00011363,1
37.14,-0.00014083,1
37.141,-0.0001514,1
37.141,-0.00013982,1
37.142,-0.00011196,1
37.142,-7.9561e-05,1
37.143,-4.7166e-05,1
37.143,-1.0071e-05,1
37.144,2.652e-05,1
37.144,5.3208e-05,1
37.145,6.5797e-05,1
37.145,6.9322e-05,1
37.146,7.2007e-05,1
37.146,7.6036e-05,1
37.147,8.3085e-05,1
37.147,9.2821e-05,1
37.148,9.6513e-05,1
37.148,8.5771e-05,1
37.149,6.7308e-05,1
37.149,5.9586e-05,1
37.15,5.8915e-05,1
37.15,5.1865e-05,1
37.151,4.062e-05,1
37.151,3.6759e-05,1
37.152,5.0187e-05,1
37.153,8.4092e-05,1
37.153,0.00011867,1
37.154,0.00013193,1
37.154,0.00012169,1
37.155,9.752e-05,1
37.155,7.9057e-05,1
37.156,8.04e-05,1
37.156,8.7785e-05,1
37.157,7.8721e-05,1
37.157,5.7069e-05,1
37.158,4.1459e-05,1
37.158,2.5681e-05,1
37.159,-5.539e-06,1
37.159,-4.4816e-05,1
37.16,-7.3686e-05,1
37.16,-8.3925e-05,1
37.161,-9.5338e-05,1
37.161,-0.00013075,1
37.162,-0.00017154,1
37.162,-0.0001749,1
37.163,-0.00013629,1
37.163,-8.2582e-05,1
37.164,-3.2059e-05,1
37.164,8.5603e-06,1
37.165,4.4144e-05,1
37.166,7.8721e-05,1
37.166,0.00010524,1
37.167,0.00011666,1
37.167,0.00013025,1
37.168,0.00016634,1
37.168,0.00020662,1
37.169,0.00021921,1
37.169,0.00019454,1
37.17,0.00015157,1
37.17,0.00011666,1
37.171,0.00010121,1
37.171,8.5603e-05,1
37.172,3.5752e-05,1
37.172,-7.4861e-05,1
37.173,-0.0002412,1
37.173,-0.0003879,1
37.174,-0.00042264,1
37.174,-0.00034778,1
37.175,-0.0002266,1
37.175,-0.00010759,1
37.176,-6.5461e-06,1
37.176,7.9057e-05,1
37.177,0.00015123,1
37.177,0.00021669,1
37.178,0.00028316,1
37.178,0.00034493,1
37.179,0.0003879,1
37.18,0.00040049,1
37.18,0.00036776,1
37.181,0.00029323,1
37.181,0.00019924,1
37.182,0.00010843,1
37.182,3.5416e-05,1
37.183,-1.1414e-05,1
37.183,-3.0045e-05,1
37.184,-3.3738e-05,1
37.184,-3.5248e-05,1
37.185,-3.6088e-05,1
37.185,-3.2563e-05,1
37.186,-3.3738e-05,1
37.186,-4.683e-05,1
37.187,-6.6636e-05,1
37.187,-8.3253e-05,1
37.188,-8.8121e-05,1
37.188,-8.8792e-05,1
37.189,-9.8863e-05,1
37.189,-0.00011347,1
37.19,-0.00011783,1
37.19,-0.00010994,1
37.191,-9.8192e-05,1
37.191,-8.5771e-05,1
37.192,-6.7811e-05,1
37.193,-4.4648e-05,1
37.193,-2.6352e-05,1
37.194,-1.5778e-05,1
37.194,-6.8818e-06,1
37.195,-5.0355e-07,1
37.195,8.3925e-06,1
37.196,3.122e-05,1
37.196,5.4215e-05,1
37.197,5.8076e-05,1
37.197,4.7669e-05,1
37.198,4.0787e-05,1
37.198,4.1291e-05,1
37.199,3.4409e-05,1
37.199,9.7353e-06,1
37.2,-2.3835e-05,1
37.2,-3.8437e-05,1
37.201,-1.8967e-05,1
37.201,8.2246e-06,1
37.202,1.6953e-05,1
37.202,4.8676e-06,1
37.203,-1.6617e-05,1
37.203,-2.7024e-05,1
37.204,-1.9303e-05,1
37.204,-1.6281e-05,1
37.205,-3.0213e-05,1
37.205,-4.7501e-05,1
37.206,-4.8508e-05,1
37.207,-3.0213e-05,1
37.207,-4.5319e-06,1
37.208,2.2828e-05,1
37.208,5.153e-05,1
37.209,7.8721e-05,1
37.209,9.2149e-05,1
37.21,7.3686e-05,1
37.21,3.743e-05,1
37.211,1.9471e-05,1
37.211,3.3402e-05,1
37.212,6.2272e-05,1
37.212,9.2317e-05,1
37.213,0.00012337,1
37.213,0.00014351,1
37.214,0.00013948,1
37.214,0.00011128,1
37.215,7.4022e-05,1
37.215,4.1627e-05,1
37.216,1.5442e-05,1
37.216,2.3499e-06,1
37.217,7.5532e-06,1
37.217,1.8631e-05,1
37.218,2.5177e-05,1
37.218,3.1556e-05,1
37.219,3.6759e-05,1
37.219,3.0381e-05,1
37.22,1.3931e-05,1
37.221,-2.8534e-06,1
37.221,-1.8967e-05,1
37.222,-3.2395e-05,1
37.222,-4.0955e-05,1
37.223,-3.7095e-05,1
37.223,-1.9974e-05,1
37.224,1.8463e-06,1
37.224,2.2995e-05,1
37.225,4.4144e-05,1
37.225,6.1601e-05,1
37.226,7.1e-05,1
37.226,7.3686e-05,1
37.227,7.1672e-05,1
37.227,6.4622e-05,1
37.228,5.623e-05,1
37.228,5.2705e-05,1
37.229,4.918e-05,1
37.229,4.3137e-05,1
37.23,4.0116e-05,1
37.23,4.6159e-05,1
37.231,5.8915e-05,1
37.231,7.335e-05,1
37.232,8.4932e-05,1
37.232,8.7114e-05,1
37.233,8.1239e-05,1
37.234,7.3182e-05,1
37.234,6.63e-05,1
37.235,6.009e-05,1
37.235,5.388e-05,1
37.236,4.7669e-05,1
37.236,3.8102e-05,1
37.237,2.6352e-05,1
37.237,1.8799e-05,1
37.238,1.3764e-05,1
37.238,1.6785e-07,1
37.239,-2.1317e-05,1
37.239,-4.4648e-05,1
37.24,-7.2679e-05,1
37.24,-0.00010843,1
37.241,-0.00015425,1
37.241,-0.00021552,1
37.242,-0.0002746,1
37.242,-0.00030582,1
37.243,-0.00029575,1
37.243,-0.00025631,1
37.244,-0.00020931,1
37.244,-0.0001603,1
37.245,-9.4163e-05,1
37.245,-2.0478e-05,1
37.246,4.8173e-05,1
37.246,0.00011716,1
37.247,0.00019118,1
37.248,0.00026134,1
37.248,0.00030867,1
37.249,0.00031774,1
37.249,0.00029458,1
37.25,0.00026033,1
37.25,0.0002365,1
37.251,0.00022509,1
37.251,0.00021401,1
37.252,0.00017977,1
37.252,0.00011598,1
37.253,5.6733e-05,1
37.253,3.7766e-05,1
37.254,4.8844e-05,1
37.254,3.8102e-05,1
37.255,-3.2898e-05,1
37.255,-0.00011397,1
37.256,-0.00014183,1
37.256,-0.00012169,1
37.257,-0.00010642,1
37.257,-0.00010759,1
37.258,-7.5364e-05,1
37.258,5.2033e-06,1
37.259,9.3156e-05,1
37.259,0.00014351,1
37.26,0.00014284,1
37.261,0.00011397,1
37.261,8.8121e-05,1
37.262,7.1839e-05,1
37.262,5.5558e-05,1
37.263,4.1459e-05,1
37.263,4.4648e-05,1
37.264,6.2608e-05,1
37.264,7.2175e-05,1
37.265,5.5726e-05,1
37.265,1.6953e-05,1
37.266,-1.9974e-05,1
37.266,-3.7766e-05,1
37.267,-4.1123e-05,1
37.267,-3.743e-05,1
37.268,-2.6352e-05,1
37.268,-1.4435e-05,1
37.269,-1.4435e-05,1
37.269,-2.7527e-05,1
37.27,-4.448e-05,1
37.27,-5.8244e-05,1
37.271,-6.5965e-05,1
37.271,-7.0497e-05,1
37.272,-7.1672e-05,1
37.272,-7.2847e-05,1
37.273,-8.4092e-05,1
37.273,-0.00010625,1
37.274,-0.00012337,1
37.275,-0.00011548,1
37.275,-7.4861e-05,1
37.276,-1.8463e-05,1
37.276,2.8031e-05,1
37.277,5.388e-05,1
37.277,6.6468e-05,1
37.278,7.8721e-05,1
37.278,9.9199e-05,1
37.279,0.00012807,1
37.279,0.00015627,1
37.28,0.00017507,1
37.28,0.00017926,1
37.281,0.00016265,1
37.281,0.0001368,1
37.282,0.00012068,1
37.282,0.00012102,1
37.283,0.00013059,1
37.283,0.0001368,1
37.284,0.00013193,1
37.284,0.00011934,1
37.285,0.00010423,1
37.285,8.2246e-05,1
37.286,5.7237e-05,1
37.286,3.9948e-05,1
37.287,2.9206e-05,1
37.288,1.4603e-05,1
37.288,-4.8676e-06,1
37.289,-2.2828e-05,1
37.289,-3.8437e-05,1
37.29,-4.8508e-05,1
37.29,-4.5151e-05,1
37.291,-3.1724e-05,1
37.291,-2.182e-05,1
37.292,-2.501e-05,1
37.292,-4.213e-05,1
37.293,-5.6901e-05,1
37.293,-6.2608e-05,1
37.294,-7.1504e-05,1
37.294,-8.9632e-05,1
37.295,-0.00010877,1
37.295,-0.00011615,1
37.296,-0.00010222,1
37.296,-7.2511e-05,1
37.297,-4.4144e-05,1
37.297,-1.9806e-05,1
37.298,1.3596e-05,1
37.298,6.009e-05,1
37.299,9.6178e-05,1
37.299,9.6849e-05,1
37.3,6.4958e-05,1
37.3,2.2995e-05,1
37.301,-2.3331e-05,1
37.302,-8.6778e-05,1
37.302,-0.00015073,1
37.303,-0.00017305,1
37.303,-0.00015543,1
37.304,-0.00012706,1
37.304,-0.00010457,1
37.305,-9.131e-05,1
37.305,-8.3757e-05,1
37.306,-7.4357e-05,1
37.306,-4.3809e-05,1
37.307,1.2421e-05,1
37.307,7.335e-05,1
37.308,0.00012068,1
37.308,0.00015224,1
37.309,0.0001697,1
37.309,0.00016147,1
37.31,0.00012639,1
37.31,9.752e-05,1
37.311,9.3828e-05,1
37.311,9.5171e-05,1
37.312,7.2679e-05,1
37.312,2.3499e-05,1
37.313,-2.3331e-05,1
37.313,-4.6159e-05,1
37.314,-5.6565e-05,1
37.315,-7.4693e-05,1
37.315,-9.9367e-05,1
37.316,-0.00012219,1
37.316,-0.00013327,1
37.317,-0.0001227,1
37.317,-9.0471e-05,1
37.318,-5.0355e-05,1
37.318,-1.8296e-05,1
37.319,-4.8676e-06,1
37.319,-1.6281e-05,1
37.32,-3.6423e-05,1
37.32,-3.827e-05,1
37.321,-1.1582e-05,1
37.321,3.2059e-05,1
37.322,8.3589e-05,1
37.322,0.00014015,1
37.323,0.00019034,1
37.323,0.00021602,1
37.324,0.00021032,1
37.324,0.00019185,1
37.325,0.00018379,1
37.325,0.00018967,1
37.326,0.00019319,1
37.326,0.00017507,1
37.327,0.00013512,1
37.328,9.1646e-05,1
37.328,5.7908e-05,1
37.329,3.7095e-05,1
37.329,2.501e-05,1
37.33,9.9031e-06,1
37.33,-1.091e-05,1
37.331,-2.9206e-05,1
37.331,-3.6088e-05,1
37.332,-3.2898e-05,1
37.332,-3.0381e-05,1
37.333,-3.508e-05,1
37.333,-4.1962e-05,1
37.334,-4.0284e-05,1
37.334,-3.2395e-05,1
37.335,-1.9806e-05,1
37.335,5.0355e-07,1
37.336,2.0142e-05,1
37.336,2.501e-05,1
37.337,1.3092e-05,1
37.337,-1.6785e-07,1
37.338,-4.5319e-06,1
37.338,-3.0213e-06,1
37.339,-7.2175e-06,1
37.339,-2.6352e-05,1
37.34,-5.2705e-05,1
37.34,-5.8579e-05,1
37.341,-3.0716e-05,1
37.342,1.1917e-05,1
37.342,4.3473e-05,1
37.343,5.4047e-05,1
37.343,4.8508e-05,1
37.344,3.8437e-05,1
37.344,2.9877e-05,1
37.345,2.8367e-05,1
37.345,3.3066e-05,1
37.346,2.0981e-05,1
37.346,-1.4603e-05,1
37.347,-4.0452e-05,1
37.347,-5.0858e-05,1
37.348,-5.4719e-05,1
37.348,-5.3208e-05,1
37.349,-4.918e-05,1
37.349,-3.8773e-05,1
37.35,-1.4939e-05,1
37.35,1.9135e-05,1
37.351,5.5726e-05,1
37.351,8.3421e-05,1
37.352,8.9799e-05,1
37.352,7.9057e-05,1
37.353,6.9322e-05,1
37.353,6.5629e-05,1
37.354,6.4118e-05,1
37.355,6.1601e-05,1
37.355,5.9251e-05,1
37.356,6.2776e-05,1
37.356,7.4693e-05,1
37.357,9.2988e-05,1
37.357,0.00010977,1
37.358,0.00012203,1
37.358,0.00014066,1
37.359,0.0001754,1
37.359,0.00020864,1
37.36,0.00021065,1
37.36,0.00017339,1
37.361,0.00011246,1
37.361,4.7333e-05,1
37.362,-1.1078e-05,1
37.362,-5.8412e-05,1
37.363,-8.9799e-05,1
37.363,-0.00010625,1
37.364,-0.00010692,1
37.364,-9.5338e-05,1
37.365,-9.1142e-05,1
37.365,-0.000118,1
37.366,-0.0001603,1
37.366,-0.00016533,1
37.367,-0.00011766,1
37.367,-4.683e-05,1
37.368,1.8631e-05,1
37.369,6.63e-05,1
37.369,9.1142e-05,1
37.37,0.00010155,1
37.37,0.00010809,1
37.371,0.00011128,1
37.371,0.00010709,1
37.372,0.00010726,1
37.372,0.00011833,1
37.373,0.00011666,1
37.373,8.9128e-05,1
37.374,5.7908e-05,1
37.374,4.2802e-05,1
37.375,4.918e-05,1
37.375,7.1839e-05,1
37.376,8.9128e-05,1
37.376,8.7617e-05,1
37.377,7.6707e-05,1
37.377,7.335e-05,1
37.378,9.3492e-05,1
37.378,0.00013327,1
37.379,0.00015895,1
37.379,0.00013529,1
37.38,6.1601e-05,1
37.38,-2.887e-05,1
37.381,-9.8024e-05,1
37.382,-0.00013378,1
37.382,-0.00014687,1
37.383,-0.000142,1
37.383,-0.00012454,1
37.384,-0.00010961,1
37.384,-0.00010457,1
37.385,-0.00010423,1
37.385,-0.00010088,1
37.386,-9.5338e-05,1
37.386,-9.0806e-05,1
37.387,-8.9128e-05,1
37.387,-8.7114e-05,1
37.388,-8.0735e-05,1
37.388,-7.2007e-05,1
37.389,-6.3951e-05,1
37.389,-5.7069e-05,1
37.39,-6.1265e-05,1
37.39,-6.9322e-05,1
37.391,-5.7572e-05,1
37.391,-1.1582e-05,1
37.392,4.9851e-05,1
37.392,9.5171e-05,1
37.393,0.00011196,1
37.393,9.987e-05,1
37.394,6.5965e-05,1
37.394,3.2731e-05,1
37.395,2.3163e-05,1
37.396,4.3977e-05,1
37.396,8.6442e-05,1
37.397,0.00013411,1
37.397,0.00016785,1
37.398,0.00016768,1
37.398,0.00013143,1
37.399,8.896e-05,1
37.399,7.4693e-05,1
37.4,8.5771e-05,1
37.4,0.00010054,1
37.401,0.00011901,1
37.401,0.00015291,1
37.402,0.00018178,1
37.402,0.00017574,1
37.403,0.0001368,1
37.403,9.2485e-05,1
37.404,5.9922e-05,1
37.404,3.7263e-05,1
37.405,2.0645e-05,1
37.405,1.5778e-05,1
37.406,1.8799e-05,1
37.406,1.4771e-05,1
37.407,-3.5248e-06,1
37.407,-2.9541e-05,1
37.408,-5.623e-05,1
37.408,-6.63e-05,1
37.409,-5.388e-05,1
37.41,-3.9277e-05,1
37.41,-3.8773e-05,1
37.411,-4.918e-05,1
37.411,-6.0929e-05,1
37.412,-7.5029e-05,1
37.412,-8.9296e-05,1
37.413,-9.8192e-05,1
37.413,-9.5171e-05,1
37.414,-7.9728e-05,1
37.414,-5.7572e-05,1
37.415,-3.592e-05,1
37.415,-1.0071e-05,1
37.416,3.0549e-05,1
37.416,7.9728e-05,1
37.417,0.00011934,1
37.417,0.00013579,1
37.418,0.00012773,1
37.418,0.00011363,1
37.419,0.00011716,1
37.419,0.00014049,1
37.42,0.00016097,1
37.42,0.00015358,1
37.421,0.00011531,1
37.421,6.3447e-05,1
37.422,1.4435e-05,1
37.423,-2.4338e-05,1
37.423,-5.2033e-05,1
37.424,-7.0832e-05,1
37.424,-8.5603e-05,1
37.425,-9.5171e-05,1
37.425,-0.00010138,1
37.426,-0.00011968,1
37.426,-0.00015778,1
37.427,-0.00019554,1
37.427,-0.00021082,1
37.428,-0.00020008,1
37.428,-0.000166,1
37.429,-0.00011917,1
37.429,-7.4022e-05,1
37.43,-3.6423e-05,1
37.43,-2.5177e-06,1
37.431,3.508e-05,1
37.431,8.5771e-05,1
37.432,0.00015677,1
37.432,0.00023851,1
37.433,0.00029525,1
37.433,0.00030163,1
37.434,0.00026822,1
37.434,0.00021871,1
37.435,0.0001697,1
37.435,0.00012706,1
37.436,9.3156e-05,1
37.437,6.2608e-05,1
37.437,2.8031e-05,1
37.438,-6.714e-06,1
37.438,-2.8702e-05,1
37.439,-3.122e-05,1
37.439,-2.031e-05,1
37.44,-6.5461e-06,1
37.44,5.539e-06,1
37.441,1.5274e-05,1
37.441,1.8463e-05,1
37.442,1.3596e-05,1
37.442,7.8889e-06,1
37.443,9.2317e-06,1
37.443,-5.8747e-06,1
37.444,-4.7669e-05,1
37.444,-9.2485e-05,1
37.445,-0.00012169,1
37.445,-0.0001227,1
37.446,-9.5506e-05,1
37.446,-5.4887e-05,1
37.447,-1.0239e-05,1
37.447,3.2898e-05,1
37.448,7.7043e-05,1
37.448,0.00012656,1
37.449,0.00017943,1
37.45,0.00022039,1
37.45,0.00023214,1
37.451,0.00020931,1
37.451,0.00016634,1
37.452,0.00012236,1
37.452,8.2918e-05,1
37.453,4.7501e-05,1
37.453,2.1988e-05,1
37.454,1.9974e-05,1
37.454,4.3473e-05,1
37.455,8.3757e-05,1
37.455,0.00011598,1
37.456,0.00011347,1
37.456,6.5629e-05,1
37.457,-1.4267e-05,1
37.457,-9.4163e-05,1
37.458,-0.00013696,1
37.458,-0.00013512,1
37.459,-0.00011095,1
37.459,-8.7953e-05,1
37.46,-6.3951e-05,1
37.46,-3.6759e-05,1
37.461,-2.2324e-05,1
37.461,-3.1556e-05,1
37.462,-4.918e-05,1
37.462,-5.7572e-05,1
37.463,-5.3208e-05,1
37.464,-2.8367e-05,1
37.464,1.1917e-05,1
37.465,3.978e-05,1
37.465,3.9109e-05,1
37.466,1.3764e-05,1
37.466,-1.9638e-05,1
37.467,-5.5726e-05,1
37.467,-9.8863e-05,1
37.468,-0.00012757,1
37.468,-0.00012589,1
37.469,-0.00010961,1
37.469,-9.4835e-05,1
37.47,-7.5532e-05,1
37.47,-4.4816e-05,1
37.471,-1.3764e-05,1
37.471,1.4099e-05,1
37.472,4.5319e-05,1
37.472,8.04e-05,1
37.473,0.00011196,1
37.473,0.00013411,1
37.474,0.00015425,1
37.474,0.00016416,1
37.475,0.00015694,1
37.475,0.00013948,1
37.476,0.00011817,1
37.477,0.00010021,1
37.477,8.3757e-05,1
37.478,6.2272e-05,1
37.478,3.4577e-05,1
37.479,9.5674e-06,1
37.479,-5.7069e-06,1
37.48,-7.8889e-06,1
37.48,-1.1749e-06,1
37.481,1.1749e-06,1
37.481,-8.896e-06,1
37.482,-2.2324e-05,1
37.482,-2.4674e-05,1
37.483,-1.4267e-05,1
37.483,-2.8534e-06,1
37.484,2.182e-06,1
37.484,5.2033e-06,1
37.485,8.896e-06,1
37.485,1.1917e-05,1
37.486,1.4267e-05,1
37.486,1.3596e-05,1
37.487,1.326e-05,1
37.487,1.9974e-05,1
37.488,3.508e-05,1
37.488,5.2537e-05,1
37.489,6.244e-05,1
37.489,5.3208e-05,1
37.49,2.652e-05,1
37.491,-3.6927e-06,1
37.491,-2.8031e-05,1
37.492,-4.683e-05,1
37.492,-5.9251e-05,1
37.493,-6.5126e-05,1
37.493,-6.2608e-05,1
37.494,-5.1194e-05,1
37.494,-3.4577e-05,1
37.495,-1.3428e-05,1
37.495,1.1246e-05,1
37.496,3.6759e-05,1
37.496,6.9322e-05,1
37.497,0.00010289,1
37.497,0.00011901,1
37.498,0.00011397,1
37.498,9.6513e-05,1
37.499,7.1504e-05,1
37.499,3.5752e-05,1
37.5,-1.2421e-05,1
37.5,-4.8676e-05,1
37.501,-5.3208e-05,1
37.501,-3.6088e-05,1
37.502,-1.5946e-05,1
37.502,4.1962e-06,1
37.503,2.3667e-05,1
37.504,3.0884e-05,1
37.504,2.7192e-05,1
37.505,2.5681e-05,1
37.505,2.3163e-05,1
37.506,1.1917e-05,1
37.506,3.0213e-06,1
37.507,3.1891e-06,1
37.507,7.7211e-06,1
37.508,1.326e-05,1
37.508,1.8967e-05,1
37.509,2.501e-05,1
37.509,3.5248e-05,1
37.51,5.0019e-05,1
37.51,6.63e-05,1
37.511,7.9225e-05,1
37.511,9.0974e-05,1
37.512,0.0001039,1
37.512,0.0001091,1
37.513,0.00010121,1
37.513,8.2918e-05,1
37.514,5.9586e-05,1
37.514,3.743e-05,1
37.515,1.796e-05,1
37.515,1.8463e-06,1
37.516,-1.0575e-05,1
37.517,-1.796e-05,1
37.517,-2.2492e-05,1
37.518,-1.7288e-05,1
37.518,1.6785e-06,1
37.519,2.2492e-05,1
37.519,3.1388e-05,1
37.52,2.2995e-05,1
37.52,-4.3641e-06,1
37.521,-4.1962e-05,1
37.521,-6.9154e-05,1
37.522,-7.4022e-05,1
37.522,-6.2943e-05,1
37.523,-4.8173e-05,1
37.523,-3.2898e-05,1
37.524,-1.8967e-05,1
37.524,-5.0355e-06,1
37.525,1.1582e-05,1
37.525,2.0645e-05,1
37.526,1.8296e-05,1
37.526,9.9031e-06,1
37.527,-1.0071e-06,1
37.527,-1.5274e-05,1
37.528,-3.2059e-05,1
37.528,-4.1459e-05,1
37.529,-3.2898e-05,1
37.529,-2.0142e-06,1
37.53,3.6423e-05,1
37.531,5.9419e-05,1
37.531,5.3544e-05,1
37.532,3.0716e-05,1
37.532,1.7121e-05,1
37.533,3.2731e-05,1
37.533,6.8818e-05,1
37.534,9.752e-05,1
37.534,9.9199e-05,1
37.535,7.9561e-05,1
37.535,5.5894e-05,1
37.536,3.2898e-05,1
37.536,1.2253e-05,1
37.537,1.1749e-06,1
37.537,3.357e-06,1
37.538,1.5946e-05,1
37.538,3.3906e-05,1
37.539,4.6494e-05,1
37.539,4.3473e-05,1
37.54,3.0045e-05,1
37.54,2.0645e-05,1
37.541,2.3163e-05,1
37.541,3.5416e-05,1
37.542,5.2537e-05,1
37.542,7.3854e-05,1
37.543,9.0806e-05,1
37.544,9.2485e-05,1
37.544,7.7714e-05,1
37.545,4.9516e-05,1
37.545,2.0142e-05,1
37.546,2.182e-06,1
37.546,8.3925e-07,1
37.547,1.0071e-06,1
37.547,-1.5274e-05,1
37.548,-5.0858e-05,1
37.548,-9.366e-05,1
37.549,-0.00012404,1
37.549,-0.00013109,1
37.55,-0.00011716,1
37.55,-9.2149e-05,1
37.551,-6.3783e-05,1
37.551,-3.4577e-05,1
37.552,-9.7353e-06,1
37.552,1.1582e-05,1
37.553,3.8605e-05,1
37.553,8.0232e-05,1
37.554,0.00013193,1
37.554,0.00018044,1
37.555,0.00021065,1
37.555,0.00020461,1
37.556,0.00016231,1
37.556,0.00010927,1
37.557,6.5797e-05,1
37.558,4.1291e-05,1
37.558,3.592e-05,1
37.559,4.213e-05,1
37.559,4.6326e-05,1
37.56,4.213e-05,1
37.56,3.508e-05,1
37.561,3.2563e-05,1
37.561,2.6352e-05,1
37.562,5.2033e-06,1
37.562,-3.0716e-05,1
37.563,-9.1646e-05,1
37.563,-0.00018279,1
37.564,-0.00026067,1
37.564,-0.00028501,1
37.565,-0.00025261,1
37.565,-0.00018447,1
37.566,-0.00010138,1
37.566,-1.3092e-05,1
37.567,6.6804e-05,1
37.567,0.00012572,1
37.568,0.00017624,1
37.568,0.00022811,1
37.569,0.0002741,1
37.569,0.00029928,1
37.57,0.00029592,1
37.571,0.00027041,1
37.571,0.00024086,1
37.572,0.00021636,1
37.572,0.00019185,1
37.573,0.00015996,1
37.573,0.00011833,1
37.574,6.8315e-05,1
37.574,1.9135e-05,1
37.575,-1.6953e-05,1
37.575,-3.6088e-05,1
37.576,-4.2634e-05,1
37.576,-3.8605e-05,1
37.577,-3.0381e-05,1
37.577,-1.6281e-05,1
37.578,1.3428e-06,1
37.578,7.8889e-06,1
37.579,-4.3641e-06,1
37.579,-2.5849e-05,1
37.58,-4.7837e-05,1
37.58,-6.4958e-05,1
37.581,-7.8553e-05,1
37.581,-9.3156e-05,1
37.582,-0.00010289,1
37.582,-9.7017e-05,1
37.583,-7.7882e-05,1
37.583,-5.8076e-05,1
37.584,-5.1194e-05,1
37.585,-5.1362e-05,1
37.585,-4.3473e-05,1
37.586,-2.2156e-05,1
37.586,5.8747e-06,1
37.587,3.4577e-05,1
37.587,5.9251e-05,1
37.588,7.8721e-05,1
37.588,9.3828e-05,1
37.589,0.00010289,1
37.589,0.00010155,1
37.59,9.1646e-05,1
37.59,7.9728e-05,1
37.591,6.9657e-05,1
37.591,6.1265e-05,1
37.592,5.4887e-05,1
37.592,4.8508e-05,1
37.593,4.0116e-05,1
37.593,2.7863e-05,1
37.594,1.5946e-05,1
37.594,1.4267e-05,1
37.595,1.7288e-05,1
37.595,1.3931e-05,1
37.596,3.357e-06,1
37.596,-9.3996e-06,1
37.597,-2.182e-05,1
37.597,-3.2059e-05,1
37.598,-3.8437e-05,1
37.599,-2.6856e-05,1
37.599,7.7211e-06,1
37.6,4.3809e-05,1
37.6,5.2201e-05,1
37.601,2.266e-05,1
37.601,-2.1653e-05,1
37.602,-5.7237e-05,1
37.602,-8.3421e-05,1
37.603,-0.00010491,1
37.603,-0.00011833,1
37.604,-0.00011196,1
37.604,-8.4428e-05,1
37.605,-5.2033e-05,1
37.605,-3.4745e-05,1
37.606,-3.4745e-05,1
37.606,-4.0116e-05,1
37.607,-4.2969e-05,1
37.607,-2.8702e-05,1
37.608,1.7288e-05,1
37.608,7.2175e-05,1
37.609,9.8192e-05,1
37.609,8.896e-05,1
37.61,6.6972e-05,1
37.61,5.623e-05,1
37.611,6.0258e-05,1
37.612,6.7643e-05,1
37.612,7.4022e-05,1
37.613,8.275e-05,1
37.613,9.3996e-05,1
37.614,0.0001039,1
37.614,0.00010591,1
37.615,9.6345e-05,1
37.615,7.7043e-05,1
37.616,5.8915e-05,1
37.616,5.3208e-05,1
37.617,5.2873e-05,1
37.617,4.448e-05,1
37.618,2.9541e-05,1
37.618,1.561e-05,1
37.619,5.2033e-06,1
37.619,-2.8534e-06,1
37.62,-7.8889e-06,1
37.62,-1.2253e-05,1
37.621,-2.9374e-05,1
37.621,-5.2873e-05,1
37.622,-6.0594e-05,1
37.622,-5.2873e-05,1
37.623,-4.6662e-05,1
37.623,-4.3305e-05,1
37.624,-2.031e-05,1
37.624,2.0645e-05,1
37.625,4.4144e-05,1
37.626,2.8702e-05,1
37.626,-1.9806e-05,1
37.627,-7.7211e-05,1
37.627,-0.0001232,1
37.628,-0.00014754,1
37.628,-0.00014737,1
37.629,-0.00012287,1
37.629,-7.3182e-05,1
37.63,-8.3925e-07,1
37.63,7.3854e-05,1
37.631,0.0001321,1
37.631,0.00016869,1
37.632,0.00019437,1
37.632,0.00021535,1
37.633,0.00022341,1
37.633,0.00021585,1
37.634,0.00019554,1
37.634,0.00015895,1
37.635,8.8289e-05,1
37.635,3.8605e-06,1
37.636,-4.8508e-05,1
37.636,-6.1265e-05,1
37.637,-5.4551e-05,1
37.637,-4.7166e-05,1
37.638,-3.4409e-05,1
37.639,2.8534e-06,1
37.639,5.623e-05,1
37.64,0.0001044,1
37.64,0.00013445,1
37.641,0.00014922,1
37.641,0.0001519,1
37.642,0.00014418,1
37.642,0.00012706,1
37.643,0.00010323,1
37.643,8.2414e-05,1
37.644,6.8315e-05,1
37.644,5.4887e-05,1
37.645,4.4144e-05,1
37.645,3.6088e-05,1
37.646,2.1988e-05,1
37.646,4.6998e-06,1
37.647,-5.0355e-06,1
37.647,-3.6927e-06,1
37.648,-1.1749e-06,1
37.648,-1.2924e-05,1
37.649,-5.2873e-05,1
37.649,-9.4331e-05,1
37.65,-0.00010759,1
37.65,-8.7617e-05,1
37.651,-3.9445e-05,1
37.651,1.1414e-05,1
37.652,3.5416e-05,1
37.653,3.0045e-05,1
37.653,9.2317e-06,1
37.654,-1.1917e-05,1
37.654,-2.9374e-05,1
37.655,-4.0787e-05,1
37.655,-3.1388e-05,1
37.656,-8.2246e-06,1
37.656,5.0355e-06,1
37.657,-3.6927e-06,1
37.657,-2.4338e-05,1
37.658,-2.652e-05,1
37.658,1.1749e-06,1
37.659,2.8031e-05,1
37.659,1.2589e-05,1
37.66,-4.0116e-05,1
37.66,-8.8121e-05,1
37.661,-9.9535e-05,1
37.661,-7.2847e-05,1
37.662,-3.6423e-05,1
37.662,-1.8967e-05,1
37.663,-1.326e-05,1
37.663,1.4603e-05,1
37.664,7.7379e-05,1
37.664,0.00013848,1
37.665,0.00015962,1
37.666,0.00014284,1
37.666,0.00011649,1
37.667,9.2821e-05,1
37.667,7.4357e-05,1
37.668,5.9251e-05,1
37.668,4.918e-05,1
37.669,4.7501e-05,1
37.669,5.2537e-05,1
37.67,5.8915e-05,1
37.67,6.0258e-05,1
37.671,4.9851e-05,1
37.671,2.8702e-05,1
37.672,5.0355e-06,1
37.672,-1.2421e-05,1
37.673,-3.0045e-05,1
37.673,-5.1362e-05,1
37.674,-6.4286e-05,1
37.674,-6.1769e-05,1
37.675,-3.8773e-05,1
37.675,-5.0355e-06,1
37.676,9.2317e-06,1
37.676,-1.0407e-05,1
37.677,-5.2873e-05,1
37.677,-9.3828e-05,1
37.678,-0.00011044,1
37.678,-9.8527e-05,1
37.679,-6.3615e-05,1
37.68,-1.6449e-05,1
37.68,3.6255e-05,1
37.681,8.7785e-05,1
37.681,0.00012706,1
37.682,0.00013545,1
37.682,0.00011531,1
37.683,8.2414e-05,1
37.683,5.9586e-05,1
37.684,5.8915e-05,1
37.684,6.7643e-05,1
37.685,6.7475e-05,1
37.685,5.8076e-05,1
37.686,4.4816e-05,1
37.686,3.5248e-05,1
37.687,3.3402e-05,1
37.687,3.0716e-05,1
37.688,2.3331e-05,1
37.688,2.182e-05,1
37.689,2.9877e-05,1
37.689,4.0787e-05,1
37.69,4.7837e-05,1
37.69,5.1194e-05,1
37.691,5.539e-05,1
37.691,6.4286e-05,1
37.692,7.4189e-05,1
37.693,7.5532e-05,1
37.693,6.2608e-05,1
37.694,3.4409e-05,1
37.694,2.182e-06,1
37.695,-1.9974e-05,1
37.695,-2.182e-05,1
37.696,-7.2175e-06,1
37.696,1.1917e-05,1
37.697,2.4674e-05,1
37.697,2.6184e-05,1
37.698,1.7288e-05,1
37.698,6.3783e-06,1
37.699,1.5106e-06,1
37.699,6.8818e-06,1
37.7,1.8799e-05,1
37.7,2.4002e-05,1
37.701,1.8631e-05,1
37.701,5.2033e-06,1
37.702,-1.4435e-05,1
37.702,-3.6759e-05,1
37.703,-5.388e-05,1
37.703,-6.3615e-05,1
37.704,-7.0665e-05,1
37.704,-7.5868e-05,1
37.705,-7.5532e-05,1
37.706,-6.1936e-05,1
37.706,-2.4338e-05,1
37.707,2.6352e-05,1
37.707,4.6494e-05,1
37.708,1.326e-05,1
37.708,-5.6901e-05,1
37.709,-0.00012555,1
37.709,-0.00015056,1
37.71,-0.00011531,1
37.71,-4.1459e-05,1
37.711,4.1123e-05,1
37.711,0.00010205,1
37.712,0.00010289,1
37.712,3.6088e-05,1
37.713,-3.9109e-05,1
37.713,-7.6036e-05,1
37.714,-6.6133e-05,1
37.714,-2.3331e-05,1
37.715,1.0239e-05,1
37.715,2.6017e-05,1
37.716,3.9948e-05,1
37.716,5.1865e-05,1
37.717,6.6133e-05,1
37.717,9.1142e-05,1
37.718,0.00012589,1
37.718,0.00016097,1
37.719,0.00017775,1
37.72,0.00016953,1
37.72,0.00015761,1
37.721,0.00015761,1
37.721,0.00017104,1
37.722,0.00019655,1
37.722,0.00021602,1
37.723,0.00020931,1
37.723,0.00017137,1
37.724,0.00011464,1
37.724,6.3279e-05,1
37.725,2.9374e-05,1
37.725,6.8818e-06,1
37.726,-1.0575e-05,1
37.726,-2.3331e-05,1
37.727,-2.6017e-05,1
37.727,-1.6953e-05,1
37.728,-1.3428e-06,1
37.728,1.2253e-05,1
37.729,1.6953e-05,1
37.729,1.1078e-05,1
37.73,1.6785e-07,1
37.73,-7.8889e-06,1
37.731,-1.4603e-05,1
37.731,-2.7527e-05,1
37.732,-4.9012e-05,1
37.733,-7.0665e-05,1
37.733,-8.0903e-05,1
37.734,-8.4932e-05,1
37.734,-8.6442e-05,1
37.735,-6.8482e-05,1
37.735,-3.3906e-05,1
37.736,-5.539e-06,1
37.736,6.2104e-06,1
37.737,0,1
37.737,-1.8631e-05,1
37.738,-3.827e-05,1
37.738,-6.1936e-05,1
37.739,-9.0135e-05,1
37.739,-8.4764e-05,1
37.74,-3.3234e-05,1
37.74,1.2253e-05,1
37.741,1.9638e-05,1
37.741,-5.7069e-06,1
37.742,-4.6662e-05,1
37.742,-8.1407e-05,1
37.743,-8.9464e-05,1
37.743,-6.5629e-05,1
37.744,-1.2253e-05,1
37.744,6.0594e-05,1
37.745,0.00012975,1
37.745,0.00017339,1
37.746,0.00017893,1
37.747,0.00014385,1
37.747,8.9464e-05,1
37.748,4.8844e-05,1
37.748,3.2395e-05,1
37.749,2.0981e-05,1
37.749,-1.0575e-05,1
37.75,-7.0665e-05,1
37.75,-0.00014133,1
37.751,-0.00018447,1
37.751,-0.00018279,1
37.752,-0.0001425,1
37.752,-7.805e-05,1
37.753,2.8534e-06,1
37.753,8.426e-05,1
37.754,0.00014049,1
37.754,0.00017171,1
37.755,0.00019437,1
37.755,0.0002125,1
37.756,0.00022542,1
37.756,0.00024523,1
37.757,0.00026302,1
37.757,0.00025345,1
37.758,0.00020981,1
37.758,0.00014989,1
37.759,9.5506e-05,1
37.76,5.8579e-05,1
37.76,4.062e-05,1
37.761,2.9038e-05,1
37.761,9.9031e-06,1
37.762,-9.9031e-06,1
37.762,-1.9974e-05,1
37.763,-1.7792e-05,1
37.763,-1.0239e-05,1
37.764,-3.0213e-06,1
37.764,2.182e-06,1
37.765,3.8605e-06,1
37.765,2.5177e-06,1
37.766,6.714e-07,1
37.766,0,1
37.767,-4.1962e-06,1
37.767,-1.4603e-05,1
37.768,-2.8031e-05,1
37.768,-4.5487e-05,1
37.769,-8.275e-05,1
37.769,-0.00012303,1
37.77,-0.00013075,1
37.77,-0.00011044,1
37.771,-8.2918e-05,1
37.771,-5.9251e-05,1
37.772,-4.5151e-05,1
37.772,-5.0858e-05,1
37.773,-7.2679e-05,1
37.774,-9.1142e-05,1
37.774,-9.8024e-05,1
37.775,-9.5506e-05,1
37.775,-8.4932e-05,1
37.776,-6.6133e-05,1
37.776,-4.3641e-05,1
37.777,-2.3163e-05,1
37.777,-4.0284e-06,1
37.778,2.1317e-05,1
37.778,4.9851e-05,1
37.779,7.5532e-05,1
37.779,0.00010121,1
37.78,0.00012337,1
37.78,0.00013008,1
37.781,0.00011347,1
37.781,8.7449e-05,1
37.782,6.9993e-05,1
37.782,6.2272e-05,1
37.783,5.4719e-05,1
37.783,4.4816e-05,1
37.784,3.743e-05,1
37.784,3.6759e-05,1
37.785,4.0787e-05,1
37.785,4.0452e-05,1
37.786,3.4745e-05,1
37.786,3.4577e-05,1
37.787,4.7669e-05,1
37.788,7.2175e-05,1
37.788,9.0974e-05,1
37.789,8.4428e-05,1
37.789,5.2369e-05,1
37.79,1.4267e-05,1
37.79,-7.0497e-06,1
37.791,5.8747e-06,1
37.791,3.2059e-05,1
37.792,1.326e-05,1
37.792,-4.0787e-05,1
37.793,-7.2679e-05,1
37.793,-7.4693e-05,1
37.794,-7.7882e-05,1
37.794,-0.00010054,1
37.795,-0.00011951,1
37.795,-0.00010541,1
37.796,-6.7475e-05,1
37.796,-3.2563e-05,1
37.797,-2.501e-05,1
37.797,-3.6423e-05,1
37.798,-3.6255e-05,1
37.798,-5.539e-06,1
37.799,4.2802e-05,1
37.799,7.8889e-05,1
37.8,9.1814e-05,1
37.801,9.7017e-05,1
37.801,0.0001133,1
37.802,0.00013864,1
37.802,0.00015492,1
37.803,0.00015492,1
37.803,0.00013931,1
37.804,0.00010726,1
37.804,7.2343e-05,1
37.805,4.2466e-05,1
37.805,1.2924e-05,1
37.806,-1.6449e-05,1
37.806,-3.508e-05,1
37.807,-2.8534e-05,1
37.807,7.7211e-06,1
37.808,5.4887e-05,1
37.808,9.0135e-05,1
37.809,9.9702e-05,1
37.809,9.2149e-05,1
37.81,7.6036e-05,1
37.81,5.8915e-05,1
37.811,4.448e-05,1
37.811,3.5416e-05,1
37.812,2.7024e-05,1
37.812,9.2317e-06,1
37.813,-1.9303e-05,1
37.813,-5.153e-05,1
37.814,-6.7811e-05,1
37.815,-5.623e-05,1
37.815,-2.3667e-05,1
37.816,1.6953e-05,1
37.816,5.0019e-05,1
37.817,5.4887e-05,1
37.817,3.4073e-05,1
37.818,-2.8534e-06,1
37.818,-4.4648e-05,1
37.819,-5.0187e-05,1
37.819,-1.2253e-05,1
37.82,4.0116e-05,1
37.82,8.9296e-05,1
37.821,0.00013327,1
37.821,0.00016735,1
37.822,0.00018849,1
37.822,0.00019722,1
37.823,0.00019857,1
37.823,0.00019521,1
37.824,0.00017154,1
37.824,0.00013176,1
37.825,7.8386e-05,1
37.825,1.7624e-05,1
37.826,-3.0549e-05,1
37.826,-5.6062e-05,1
37.827,-6.3951e-05,1
37.828,-6.8818e-05,1
37.828,-7.0832e-05,1
37.829,-5.6397e-05,1
37.829,-2.887e-05,1
37.83,1.8463e-06,1
37.83,3.0884e-05,1
37.831,5.3544e-05,1
37.831,5.7908e-05,1
37.832,3.2563e-05,1
37.832,-1.1749e-05,1
37.833,-5.388e-05,1
37.833,-8.8121e-05,1
37.834,-0.00011128,1
37.834,-0.00012421,1
37.835,-0.0001373,1
37.835,-0.0001462,1
37.836,-0.00013646,1
37.836,-0.00011464,1
37.837,-9.6681e-05,1
37.837,-9.2317e-05,1
37.838,-9.4499e-05,1
37.838,-8.5435e-05,1
37.839,-5.9922e-05,1
37.839,-2.1988e-05,1
37.84,3.1891e-05,1
37.84,9.6849e-05,1
37.841,0.00015476,1
37.842,0.0001848,1
37.842,0.00018312,1
37.843,0.00015795,1
37.843,0.00012303,1
37.844,9.5506e-05,1
37.844,8.4428e-05,1
37.845,8.1239e-05,1
37.845,7.3686e-05,1
37.846,6.2943e-05,1
37.846,5.1865e-05,1
37.847,3.9948e-05,1
37.847,2.8702e-05,1
37.848,1.9806e-05,1
37.848,1.2757e-05,1
37.849,4.1962e-06,1
37.849,-8.5603e-06,1
37.85,-1.7792e-05,1
37.85,-2.3835e-05,1
37.851,-3.4409e-05,1
37.851,-4.448e-05,1
37.852,-4.7837e-05,1
37.852,-4.3305e-05,1
37.853,-2.9709e-05,1
37.853,-8.5603e-06,1
37.854,1.1917e-05,1
37.855,1.3092e-05,1
37.855,-1.0071e-05,1
37.856,-2.6352e-05,1
37.856,-2.0813e-05,1
37.857,-7.5532e-06,1
37.857,1.5274e-05,1
37.858,3.6423e-05,1
37.858,1.6617e-05,1
37.859,-5.1194e-05,1
37.859,-0.00013445,1
37.86,-0.00019789,1
37.86,-0.00021367,1
37.861,-0.00017708,1
37.861,-0.00010893,1
37.862,-3.0716e-05,1
37.862,4.213e-05,1
37.863,9.8863e-05,1
37.863,0.00014687,1
37.864,0.00020125,1
37.864,0.00026537,1
37.865,0.00032865,1
37.865,0.00037313,1
37.866,0.0003832,1
37.866,0.00035534,1
37.867,0.000307,1
37.867,0.00025463,1
37.868,0.00020125,1
37.869,0.00014972,1
37.869,0.00010809,1
37.87,8.9464e-05,1
37.87,0.00011397,1
37.871,0.00016231,1
37.871,0.00018447,1
37.872,0.00015224,1
37.872,7.5029e-05,1
37.873,-1.7792e-05,1
37.873,-9.9535e-05,1
37.874,-0.00015795,1
37.874,-0.00019252,1
37.875,-0.00020931,1
37.875,-0.00022022,1
37.876,-0.00021804,1
37.876,-0.00019554,1
37.877,-0.00016298,1
37.877,-0.00013747,1
37.878,-0.00011649,1
37.878,-8.7114e-05,1
37.879,-5.4047e-05,1
37.879,-2.8702e-05,1
37.88,-9.5674e-06,1
37.88,9.9031e-06,1
37.881,2.9709e-05,1
37.882,4.4144e-05,1
37.882,5.0858e-05,1
37.883,4.9012e-05,1
37.883,3.592e-05,1
37.884,1.0575e-05,1
37.884,-1.561e-05,1
37.885,-3.3402e-05,1
37.885,-4.1291e-05,1
37.886,-4.2466e-05,1
37.886,-3.8437e-05,1
37.887,-3.3738e-05,1
37.887,-3.0381e-05,1
37.888,-2.5345e-05,1
37.888,-2.0645e-05,1
37.889,-2.2324e-05,1
37.889,-2.5681e-05,1
37.89,-2.6017e-05,1
37.89,-2.266e-05,1
37.891,-2.1317e-05,1
37.891,-2.3163e-05,1
37.892,-2.7024e-05,1
37.892,-3.2731e-05,1
37.893,-4.213e-05,1
37.893,-4.7166e-05,1
37.894,-3.8102e-05,1
37.895,-1.6281e-05,1
37.895,1.6617e-05,1
37.896,4.6494e-05,1
37.896,5.4887e-05,1
37.897,4.8173e-05,1
37.897,4.6159e-05,1
37.898,5.1865e-05,1
37.898,6.2608e-05,1
37.899,7.4022e-05,1
37.899,8.4764e-05,1
37.9,9.3828e-05,1
37.9,9.5674e-05,1
37.901,8.9128e-05,1
37.901,7.6707e-05,1
37.902,6.2608e-05,1
37.902,5.4047e-05,1
37.903,4.8508e-05,1
37.903,4.3137e-05,1
37.904,3.6088e-05,1
37.904,2.6352e-05,1
37.905,1.9974e-05,1
37.905,2.1317e-05,1
37.906,2.4338e-05,1
37.906,2.2995e-05,1
37.907,2.501e-05,1
37.907,3.6423e-05,1
37.908,2.9038e-05,1
37.909,-2.1149e-05,1
37.909,-9.3492e-05,1
37.91,-0.00014116,1
37.91,-0.0001472,1
37.911,-0.00012924,1
37.911,-0.00011078,1
37.912,-9.3156e-05,1
37.912,-6.5126e-05,1
37.913,-2.5513e-05,1
37.913,2.4002e-05,1
37.914,8.426e-05,1
37.914,0.00015207,1
37.915,0.000213,1
37.915,0.00024825,1
37.916,0.00024053,1
37.916,0.00017339,1
37.917,6.6636e-05,1
37.917,-1.1582e-05,1
37.918,-3.1388e-05,1
37.918,-1.4435e-05,1
37.919,9.9031e-06,1
37.919,3.6088e-05,1
37.92,8.7953e-05,1
37.92,0.00015341,1
37.921,0.00019689,1
37.922,0.00022307,1
37.922,0.00023616,1
37.923,0.0002271,1
37.923,0.00019185,1
37.924,0.00013663,1
37.924,7.0329e-05,1
37.925,3.357e-06,1
37.925,-4.4816e-05,1
37.926,-5.9251e-05,1
37.926,-4.8508e-05,1
37.927,-3.6423e-05,1
37.927,-3.508e-05,1
37.928,-4.6159e-05,1
37.928,-5.8076e-05,1
37.929,-7.3686e-05,1
37.929,-9.8192e-05,1
37.93,-0.00012236,1
37.93,-0.00013126,1
37.931,-0.00012689,1
37.931,-0.00011431,1
37.932,-9.3828e-05,1
37.932,-6.8315e-05,1
37.933,-4.3137e-05,1
37.933,-2.031e-05,1
37.934,-2.3499e-06,1
37.934,1.1246e-05,1
37.935,2.9709e-05,1
37.936,6.1097e-05,1
37.936,0.00010155,1
37.937,0.00013814,1
37.937,0.00015274,1
37.938,0.0001373,1
37.938,0.00010021,1
37.939,6.0258e-05,1
37.939,3.6088e-05,1
37.94,3.508e-05,1
37.94,4.7333e-05,1
37.941,5.3376e-05,1
37.941,4.7837e-05,1
37.942,3.6759e-05,1
37.942,2.266e-05,1
37.943,7.3854e-06,1
37.943,-6.2104e-06,1
37.944,-1.2924e-05,1
37.944,-1.4939e-05,1
37.945,-1.5106e-05,1
37.945,-1.3092e-05,1
37.946,-1.1078e-05,1
37.946,-1.2589e-05,1
37.947,-1.1917e-05,1
37.947,-6.5461e-06,1
37.948,-2.182e-06,1
37.949,1.5106e-06,1
37.949,9.0639e-06,1
37.95,4.5319e-06,1
37.95,-2.031e-05,1
37.951,-5.0355e-05,1
37.951,-6.7811e-05,1
37.952,-7.0832e-05,1
37.952,-6.3111e-05,1
37.953,-4.8844e-05,1
37.953,-3.2059e-05,1
37.954,-1.2253e-05,1
37.954,1.0575e-05,1
37.955,3.3066e-05,1
37.955,5.8579e-05,1
37.956,8.9967e-05,1
37.956,0.00011397,1
37.957,0.00011934,1
37.957,0.00010726,1
37.958,8.6778e-05,1
37.958,7.335e-05,1
37.959,6.8818e-05,1
37.959,6.2943e-05,1
37.96,4.2634e-05,1
37.96,6.8818e-06,1
37.961,-3.4745e-05,1
37.961,-6.7308e-05,1
37.962,-8.1071e-05,1
37.963,-7.8889e-05,1
37.963,-6.6636e-05,1
37.964,-4.3137e-05,1
37.964,-1.091e-05,1
37.965,2.3331e-05,1
37.965,4.7501e-05,1
37.966,5.4719e-05,1
37.966,5.069e-05,1
37.967,4.6494e-05,1
37.967,7.0161e-05,1
37.968,0.0001227,1
37.968,0.00015962,1
37.969,0.00014553,1
37.969,8.3421e-05,1
37.97,7.8889e-06,1
37.97,-4.2466e-05,1
37.971,-6.1601e-05,1
37.971,-6.7979e-05,1
37.972,-6.2943e-05,1
37.972,-3.6927e-05,1
37.973,1.4099e-05,1
37.973,7.9728e-05,1
37.974,0.00012303,1
37.974,0.00012119,1
37.975,8.9296e-05,1
37.975,5.8244e-05,1
37.976,3.6088e-05,1
37.977,1.5106e-05,1
37.977,3.6927e-06,1
37.978,8.7282e-06,1
37.978,2.6352e-05,1
37.979,4.683e-05,1
37.979,5.7908e-05,1
37.98,5.0523e-05,1
37.98,2.8367e-05,1
37.981,5.0355e-07,1
37.981,-2.0981e-05,1
37.982,-3.4409e-05,1
37.982,-4.5487e-05,1
37.983,-5.774e-05,1
37.983,-6.6468e-05,1
37.984,-6.5461e-05,1
37.984,-5.4551e-05,1
37.985,-3.8437e-05,1
37.985,-2.4338e-05,1
37.986,-1.8799e-05,1
37.986,-1.6449e-05,1
37.987,-9.5674e-06,1
37.987,5.8747e-06,1
37.988,2.7695e-05,1
37.988,5.5558e-05,1
37.989,9.0806e-05,1
37.99,0.00012303,1
37.99,0.00013411,1
37.991,0.0001274,1
37.991,0.00011028,1
37.992,8.6778e-05,1
37.992,6.1769e-05,1
37.993,4.5487e-05,1
37.993,3.4745e-05,1
37.994,2.4002e-05,1
37.994,1.2589e-05,1
37.995,-1.6114e-05,1
37.995,-8.4092e-05,1
37.996,-0.0001566,1
37.996,-0.00017557,1
37.997,-0.00013143,1
37.997,-6.7308e-05,1
37.998,-1.7624e-05,1
37.998,1.0407e-05,1
37.999,3.4073e-05,1
37.999,6.2272e-05,1
38,8.9128e-05,1
38,0.00011867,1
38.001,0.00014217,1
38.001,0.00015023,1
38.002,0.00014183,1
38.002,0.00011263,1
38.003,6.8986e-05,1
38.004,3.1388e-05,1
38.004,1.1246e-05,1
38.005,-2.6856e-06,1
38.005,-1.1749e-05,1
38.006,-2.7359e-05,1
38.006,-6.4622e-05,1
38.007,-9.5003e-05,1
38.007,-8.9464e-05,1
38.008,-5.623e-05,1
38.008,-1.1246e-05,1
38.009,3.2563e-05,1
38.009,6.3951e-05,1
38.01,8.0735e-05,1
38.01,6.9154e-05,1
38.011,2.6184e-05,1
38.011,-2.0478e-05,1
38.012,-3.9445e-05,1
38.012,-2.4506e-05,1
38.013,5.8747e-06,1
38.013,3.6088e-05,1
38.014,5.7572e-05,1
38.014,6.2776e-05,1
38.015,4.4816e-05,1
38.015,-1.4603e-05,1
38.016,-0.00010037,1
38.017,-0.00016986,1
38.017,-0.00020511,1
38.018,-0.00021115,1
38.018,-0.00019672,1
38.019,-0.00017037,1
38.019,-0.00013059,1
38.02,-6.5629e-05,1
38.02,1.9974e-05,1
38.021,0.00011917,1
38.021,0.00023046,1
38.022,0.00034073,1
38.022,0.00042869,1
38.023,0.00048391,1
38.023,0.00049734,1
38.024,0.0004584,1
38.024,0.00038421,1
38.025,0.00030314,1
38.025,0.00022525,1
38.026,0.00015258,1
38.026,9.2149e-05,1
38.027,4.3809e-05,1
38.027,-1.0575e-05,1
38.028,-5.4047e-05,1
38.028,-6.0594e-05,1
38.029,-5.2537e-05,1
38.029,-6.5629e-05,1
38.03,-9.2317e-05,1
38.031,-0.00010759,1
38.031,-0.00010893,1
38.032,-0.00010491,1
38.032,-9.9702e-05,1
38.033,-9.5338e-05,1
38.033,-8.9632e-05,1
38.034,-8.275e-05,1
38.034,-7.9057e-05,1
38.035,-8.4596e-05,1
38.035,-9.9535e-05,1
38.036,-0.00011061,1
38.036,-0.00011548,1
38.037,-0.00011917,1
38.037,-0.0001237,1
38.038,-0.0001331,1
38.038,-0.00014922,1
38.039,-0.000166,1
38.039,-0.00017339,1
38.04,-0.00015795,1
38.04,-0.00011867,1
38.041,-7.2847e-05,1
38.041,-2.7024e-05,1
38.042,2.3499e-05,1
38.042,6.2272e-05,1
38.043,7.8889e-05,1
38.044,9.1142e-05,1
38.044,0.00012438,1
38.045,0.00016936,1
38.045,0.00018715,1
38.046,0.00016953,1
38.046,0.00014553,1
38.047,0.00013646,1
38.047,0.00013243,1
38.048,0.00011431,1
38.048,6.244e-05,1
38.049,-3.0381e-05,1
38.049,-0.00011632,1
38.05,-0.00012538,1
38.05,-6.5629e-05,1
38.051,1.4939e-05,1
38.051,8.2918e-05,1
38.052,0.00012186,1
38.052,0.00013529,1
38.053,0.00012941,1
38.053,0.00010574,1
38.054,8.1407e-05,1
38.054,8.2414e-05,1
38.055,0.00011565,1
38.055,0.00016164,1
38.056,0.00019051,1
38.056,0.00018413,1
38.057,0.00014855,1
38.058,0.00010423,1
38.058,6.3951e-05,1
38.059,3.4073e-05,1
38.059,1.9303e-05,1
38.06,1.7288e-05,1
38.06,1.8631e-05,1
38.061,1.1917e-05,1
38.061,-4.8676e-06,1
38.062,-2.6017e-05,1
38.062,-4.4816e-05,1
38.063,-5.623e-05,1
38.063,-5.9922e-05,1
38.064,-6.0929e-05,1
38.064,-6.714e-05,1
38.065,-7.805e-05,1
38.065,-8.5771e-05,1
38.066,-8.7617e-05,1
38.066,-8.7449e-05,1
38.067,-8.8121e-05,1
38.067,-8.2078e-05,1
38.068,-6.714e-05,1
38.068,-4.7669e-05,1
38.069,-2.7192e-05,1
38.069,-7.8889e-06,1
38.07,6.2104e-06,1
38.071,8.0568e-06,1
38.071,-3.0213e-06,1
38.072,-1.8296e-05,1
38.072,-2.5345e-05,1
38.073,-2.0981e-05,1
38.073,-1.3092e-05,1
38.074,-7.2175e-06,1
38.074,-4.3641e-06,1
38.075,5.8747e-06,1
38.075,3.122e-05,1
38.076,5.7237e-05,1
38.076,6.7475e-05,1
38.077,5.8747e-05,1
38.077,4.0955e-05,1
38.078,2.4674e-05,1
38.078,5.539e-06,1
38.079,-2.266e-05,1
38.079,-5.2873e-05,1
38.08,-6.479e-05,1
38.08,-4.4144e-05,1
38.081,3.5248e-06,1
38.081,5.9251e-05,1
38.082,0.00010323,1
38.082,0.00012656,1
38.083,0.0001373,1
38.084,0.00014015,1
38.084,0.00013848,1
38.085,0.00013948,1
38.085,0.00014754,1
38.086,0.0001613,1
38.086,0.00016852,1
38.087,0.00015879,1
38.087,0.00013059,1
38.088,9.5842e-05,1
38.088,6.3279e-05,1
38.089,2.4338e-05,1
38.089,-3.7095e-05,1
38.09,-9.1646e-05,1
38.09,-0.00010759,1
38.091,-9.8863e-05,1
38.091,-9.836e-05,1
38.092,-0.00012018,1
38.092,-0.0001556,1
38.093,-0.00018531,1
38.093,-0.00019319,1
38.094,-0.00017809,1
38.094,-0.00013999,1
38.095,-7.5364e-05,1
38.095,3.6927e-06,1
38.096,8.3421e-05,1
38.096,0.0001519,1
38.097,0.00020377,1
38.098,0.00024355,1
38.098,0.00029172,1
38.099,0.00034241,1
38.099,0.00034795,1
38.1,0.00030062,1
38.1,0.00023952,1
38.101,0.00017708,1
38.101,0.00010256,1
38.102,3.0381e-05,1
38.102,-1.0239e-05,1
38.103,-1.0239e-05,1
38.103,2.031e-05,1
38.104,5.6733e-05,1
38.104,7.3686e-05,1
38.105,6.0258e-05,1
38.105,2.8702e-05,1
38.106,3.357e-07,1
38.106,-2.031e-05,1
38.107,-4.1794e-05,1
38.107,-6.3111e-05,1
38.108,-7.5868e-05,1
38.108,-8.0735e-05,1
38.109,-8.9632e-05,1
38.109,-0.00010205,1
38.11,-0.00010994,1
38.111,-0.00011279,1
38.111,-0.00011313,1
38.112,-0.00010893,1
38.112,-0.00010088,1
38.113,-8.9296e-05,1
38.113,-7.57e-05,1
38.114,-6.4118e-05,1
38.114,-6.1265e-05,1
38.115,-7.5364e-05,1
38.115,-0.00010507,1
38.116,-0.00013931,1
38.116,-0.00017053,1
38.117,-0.00016986,1
38.117,-0.0001326,1
38.118,-0.00010239,1
38.118,-9.5003e-05,1
38.119,-9.6849e-05,1
38.119,-0.0001086,1
38.12,-0.0001185,1
38.12,-0.00010642,1
38.121,-5.8412e-05,1
38.121,3.1052e-05,1
38.122,0.0001519,1
38.122,0.00027846,1
38.123,0.00037783,1
38.123,0.00043322,1
38.124,0.00044111,1
38.125,0.00039243,1
38.125,0.00029256,1
38.126,0.00017238,1
38.126,5.8244e-05,1
38.127,-3.9445e-05,1
38.127,-0.0001138,1
38.128,-0.00015979,1
38.128,-0.00018212,1
38.129,-0.00018514,1
38.129,-0.00017339,1
38.13,-0.00015006,1
38.13,-0.00011347,1
38.131,-5.304e-05,1
38.131,3.2731e-05,1
38.132,0.00012337,1
38.132,0.00020461,1
38.133,0.00026973,1
38.133,0.00030834,1
38.134,0.00030666,1
38.134,0.00026067,1
38.135,0.00019437,1
38.135,0.00013646,1
38.136,9.9031e-05,1
38.136,7.8889e-05,1
38.137,6.6636e-05,1
38.138,5.539e-05,1
38.138,4.4984e-05,1
38.139,4.5151e-05,1
38.139,6.4622e-05,1
38.14,8.1743e-05,1
38.14,7.7379e-05,1
38.141,5.7069e-05,1
38.141,3.1388e-05,1
38.142,4.1962e-06,1
38.142,-2.652e-05,1
38.143,-5.5558e-05,1
38.143,-7.7379e-05,1
38.144,-9.0806e-05,1
38.144,-9.366e-05,1
38.145,-8.6946e-05,1
38.145,-8.2918e-05,1
38.146,-8.9632e-05,1
38.146,-9.5842e-05,1
38.147,-8.51e-05,1
38.147,-6.2608e-05,1
38.148,-4.2802e-05,1
38.148,-3.0549e-05,1
38.149,-2.6688e-05,1
38.149,-2.6688e-05,1
38.15,-2.4674e-05,1
38.15,-2.1988e-05,1
38.151,-1.8967e-05,1
38.152,-1.091e-05,1
38.152,-1.0071e-06,1
38.153,2.5177e-06,1
38.153,-1.3428e-06,1
38.154,-4.3641e-06,1
38.154,-7.8889e-06,1
38.155,-1.561e-05,1
38.155,-2.0478e-05,1
38.156,-2.3835e-05,1
38.156,-3.2395e-05,1
38.157,-4.5487e-05,1
38.157,-5.5558e-05,1
38.158,-5.2201e-05,1
38.158,-3.6088e-05,1
38.159,-1.6281e-05,1
38.159,4.1962e-06,1
38.16,2.4002e-05,1
38.16,4.2634e-05,1
38.161,5.8747e-05,1
38.161,7.5364e-05,1
38.162,9.1142e-05,1
38.162,9.7856e-05,1
38.163,8.9799e-05,1
38.163,6.8315e-05,1
38.164,4.6159e-05,1
38.164,3.592e-05,1
38.165,3.7095e-05,1
38.166,4.062e-05,1
38.166,3.9109e-05,1
38.167,3.4913e-05,1
38.167,3.3738e-05,1
38.168,3.508e-05,1
38.168,2.9206e-05,1
38.169,1.091e-05,1
38.169,-4.1962e-06,1
38.17,-9.9031e-06,1
38.17,-1.1414e-05,1
38.171,-2.1317e-05,1
38.171,-4.5319e-05,1
38.172,-7.335e-05,1
38.172,-9.1646e-05,1
38.173,-9.4163e-05,1
38.173,-7.6204e-05,1
38.174,-3.3738e-05,1
38.174,3.978e-05,1
38.175,0.0001368,1
38.175,0.00022794,1
38.176,0.00027762,1
38.176,0.0002751,1
38.177,0.00023851,1
38.177,0.00018648,1
38.178,0.00012706,1
38.179,7.0161e-05,1
38.179,2.8199e-05,1
38.18,5.0355e-07,1
38.18,-2.9709e-05,1
38.181,-7.7211e-05,1
38.181,-0.00012572,1
38.182,-0.0001462,1
38.182,-0.00012605,1
38.183,-6.6636e-05,1
38.183,2.3163e-05,1
38.184,0.00012253,1
38.184,0.00021065,1
38.185,0.00025832,1
38.185,0.00025026,1
38.186,0.00020562,1
38.186,0.0001561,1
38.187,0.00012068,1
38.187,9.9199e-05,1
38.188,8.0232e-05,1
38.188,5.2537e-05,1
38.189,2.2492e-05,1
38.189,-1.0071e-06,1
38.19,-1.5946e-05,1
38.19,-2.4002e-05,1
38.191,-3.1724e-05,1
38.191,-4.0787e-05,1
38.192,-4.5319e-05,1
38.193,-4.5319e-05,1
38.193,-3.9109e-05,1
38.194,-1.8296e-05,1
38.194,1.091e-05,1
38.195,2.4002e-05,1
38.195,7.8889e-06,1
38.196,-2.9374e-05,1
38.196,-6.5293e-05,1
38.197,-8.4092e-05,1
38.197,-8.8121e-05,1
38.198,-8.426e-05,1
38.198,-7.1336e-05,1
38.199,-5.1194e-05,1
38.199,-3.3738e-05,1
38.2,-2.501e-05,1
38.2,-2.4674e-05,1
38.201,-3.0045e-05,1
38.201,-4.4816e-05,1
38.202,-6.5126e-05,1
38.202,-7.9561e-05,1
38.203,-8.3253e-05,1
38.203,-8.1407e-05,1
38.204,-7.805e-05,1
38.204,-6.7811e-05,1
38.205,-6.1936e-05,1
38.206,-8.7282e-05,1
38.206,-0.00012035,1
38.207,-0.0001237,1
38.207,-0.00011431,1
38.208,-0.00011212,1
38.208,-9.5171e-05,1
38.209,-5.153e-05,1
38.209,-1.5106e-06,1
38.21,3.1891e-05,1
38.21,5.7237e-05,1
38.211,8.5435e-05,1
38.211,0.00010927,1
38.212,0.00012689,1
38.212,0.00014888,1
38.213,0.00018363,1
38.213,0.00022458,1
38.214,0.00024791,1
38.214,0.00023751,1
38.215,0.00019521,1
38.215,0.00015023,1
38.216,0.00012538,1
38.216,0.00010726,1
38.217,8.0232e-05,1
38.217,6.5461e-05,1
38.218,7.8218e-05,1
38.218,0.00010658,1
38.219,0.00013075,1
38.22,0.00013948,1
38.22,0.00013361,1
38.221,0.00012471,1
38.221,0.00012136,1
38.222,0.00012136,1
38.222,0.00012136,1
38.223,0.00011833,1
38.223,0.00010574,1
38.224,8.1071e-05,1
38.224,3.8773e-05,1
38.225,-1.796e-05,1
38.225,-7.5364e-05,1
38.226,-0.00011498,1
38.226,-0.00012975,1
38.227,-0.00011934,1
38.227,-0.00010088,1
38.228,-9.7185e-05,1
38.228,-0.00010222,1
38.229,-9.836e-05,1
38.229,-8.9967e-05,1
38.23,-7.7043e-05,1
38.23,-5.2033e-05,1
38.231,-2.0981e-05,1
38.231,0,1
38.232,8.2246e-06,1
38.233,1.4603e-05,1
38.233,2.1149e-05,1
38.234,1.7288e-05,1
38.234,1.6785e-06,1
38.235,-1.4267e-05,1
38.235,-2.7527e-05,1
38.236,-4.1962e-05,1
38.236,-5.5055e-05,1
38.237,-5.8747e-05,1
38.237,-4.1123e-05,1
38.238,-7.2175e-06,1
38.238,1.1246e-05,1
38.239,-3.0213e-06,1
38.239,-3.7263e-05,1
38.24,-7.1839e-05,1
38.24,-8.7282e-05,1
38.241,-7.9728e-05,1
38.241,-6.2608e-05,1
38.242,-4.4144e-05,1
38.242,-3.0213e-05,1
38.243,-2.3835e-05,1
38.243,-2.9709e-05,1
38.244,-3.9445e-05,1
38.244,-4.8508e-05,1
38.245,-5.0858e-05,1
38.245,-3.978e-05,1
38.246,-2.1988e-05,1
38.247,-1.2589e-05,1
38.247,-1.5106e-06,1
38.248,4.6159e-05,1
38.248,0.00013042,1
38.249,0.00020511,1
38.249,0.00025396,1
38.25,0.00028635,1
38.25,0.00029189,1
38.251,0.0002751,1
38.251,0.00025866,1
38.252,0.00024489,1
38.252,0.00022324,1
38.253,0.00019319,1
38.253,0.00015895,1
38.254,0.00011917,1
38.254,7.7714e-05,1
38.255,3.1556e-05,1
38.255,-2.3163e-05,1
38.256,-7.7546e-05,1
38.256,-0.00011733,1
38.257,-0.00013109,1
38.257,-0.00012505,1
38.258,-0.00011363,1
38.258,-0.00010524,1
38.259,-0.00011984,1
38.26,-0.00019051,1
38.26,-0.00028736,1
38.261,-0.00032496,1
38.261,-0.00028098,1
38.262,-0.00019236,1
38.262,-9.5506e-05,1
38.263,-9.0639e-06,1
38.263,6.5293e-05,1
38.264,0.00012807,1
38.264,0.00014788,1
38.265,0.00011128,1
38.265,8.9464e-05,1
38.266,0.00011968,1
38.266,0.00016265,1
38.267,0.00017691,1
38.267,0.00016332,1
38.268,0.00012505,1
38.268,5.9586e-05,1
38.269,-1.1749e-06,1
38.269,-2.6184e-05,1
38.27,-9.9031e-06,1
38.27,5.1865e-05,1
38.271,0.00015023,1
38.271,0.0002459,1
38.272,0.00029961,1
38.273,0.00029424,1
38.273,0.00024002,1
38.274,0.00017305,1
38.274,0.0001274,1
38.275,9.7688e-05,1
38.275,6.8818e-05,1
38.276,3.7766e-05,1
38.276,2.182e-06,1
38.277,-4.2466e-05,1
38.277,-8.9967e-05,1
38.278,-0.00013126,1
38.278,-0.00015862,1
38.279,-0.00016399,1
38.279,-0.0001462,1
38.28,-0.00010491,1
38.28,-5.0187e-05,1
38.281,4.5319e-06,1
38.281,7.6707e-05,1
38.282,0.0002182,1
38.282,0.00037414,1
38.283,0.0004349,1
38.283,0.00036944,1
38.284,0.00022206,1
38.284,6.9657e-05,1
38.285,-2.7695e-05,1
38.285,-7.3014e-05,1
38.286,-0.00010356,1
38.287,-0.00014116,1
38.287,-0.0001942,1
38.288,-0.00026067,1
38.288,-0.00031942,1
38.289,-0.00034073,1
38.289,-0.00033805,1
38.29,-0.00032294,1
38.29,-0.00027964,1
38.291,-0.00021283,1
38.291,-0.000142,1
38.292,-8.1407e-05,1
38.292,-4.2298e-05,1
38.293,-9.5674e-06,1
38.293,5.388e-05,1
38.294,0.0001425,1
38.294,0.00021535,1
38.295,0.0002412,1
38.295,0.00020847,1
38.296,0.00013579,1
38.296,6.5293e-05,1
38.297,1.5274e-05,1
38.297,-1.5946e-05,1
38.298,-1.3931e-05,1
38.298,1.1246e-05,1
38.299,1.9974e-05,1
38.3,-2.9709e-05,1
38.3,-0.00012052,1
38.301,-0.00020713,1
38.301,-0.00026067,1
38.302,-0.00025966,1
38.302,-0.00021149,1
38.303,-0.00014267,1
38.303,-7.9057e-05,1
38.304,-3.122e-05,1
38.304,-1.1749e-06,1
38.305,1.1414e-05,1
38.305,2.4842e-05,1
38.306,8.51e-05,1
38.306,0.00019051,1
38.307,0.00028769,1
38.307,0.00033587,1
38.308,0.0003315,1
38.308,0.00029357,1
38.309,0.00023835,1
38.309,0.00018564,1
38.31,0.00017104,1
38.31,0.00023767,1
38.311,0.00032412,1
38.311,0.00033553,1
38.312,0.00027141,1
38.312,0.0001937,1
38.313,0.00015962,1
38.314,0.0001707,1
38.314,0.00018463,1
38.315,0.00016097,1
38.315,9.752e-05,1
38.316,2.1149e-05,1
38.316,-4.1123e-05,1
38.317,-8.0232e-05,1
38.317,-8.896e-05,1
38.318,-7.4189e-05,1
38.318,-4.683e-05,1
38.319,-3.4577e-05,1
38.319,-6.9322e-05,1
38.32,-0.00014536,1
38.32,-0.00022223,1
38.321,-0.00027242,1
38.321,-0.0002986,1
38.322,-0.00030314,1
38.322,-0.00027813,1
38.323,-0.00023331,1
38.323,-0.00018614,1
38.324,-0.0001331,1
38.324,-6.865e-05,1
38.325,2.6856e-06,1
38.325,9.1142e-05,1
38.326,0.00018715,1
38.327,0.00024724,1
38.327,0.00023214,1
38.328,0.00013445,1
38.328,5.0355e-07,1
38.329,-0.00010105,1
38.329,-0.00014553,1
38.33,-0.00014418,1
38.33,-0.00010759,1
38.331,-4.683e-05,1
38.331,1.4099e-05,1
38.332,5.623e-05,1
38.332,0.00012018,1
38.333,0.00022911,1
38.333,0.00034862,1
38.334,0.00043859,1
38.334,0.00045806,1
38.335,0.00044396,1
38.335,0.00040804,1
38.336,0.00031656,1
38.336,0.00015459,1
38.337,-3.5584e-05,1
38.337,-0.00017255,1
38.338,-0.00022777,1
38.338,-0.00022878,1
38.339,-0.0001994,1
38.339,-0.00014989,1
38.34,-7.9393e-05,1
38.341,2.5345e-05,1
38.341,0.00011128,1
38.342,0.00011917,1
38.342,5.4215e-05,1
38.343,-1.0239e-05,1
38.343,-4.2298e-05,1
38.344,-5.5894e-05,1
38.344,-5.5894e-05,1
38.345,-3.2059e-05,1
38.345,2.182e-06,1
38.346,2.6017e-05,1
38.346,2.652e-05,1
38.347,1.3428e-06,1
38.347,-3.0045e-05,1
38.348,-4.5991e-05,1
38.348,-4.7333e-05,1
38.349,-6.6133e-05,1
38.349,-9.9535e-05,1
38.35,-5.623e-05,1
38.35,4.918e-05,1
38.351,0.00010625,1
38.351,8.5771e-05,1
38.352,3.3402e-05,1
38.352,-1.8463e-05,1
38.353,-5.9251e-05,1
38.353,-7.6371e-05,1
38.354,-7.2007e-05,1
38.355,-4.5151e-05,1
38.355,-7.8889e-06,1
38.356,1.3931e-05,1
38.356,7.5532e-06,1
38.357,-1.3596e-05,1
38.357,-4.8173e-05,1
38.358,-0.00010961,1
38.358,-0.00019991,1
38.359,-0.00030095,1
38.359,-0.00035853,1
38.36,-0.00035013,1
38.36,-0.0003033,1
38.361,-0.00022878,1
38.361,-0.00013109,1
38.362,-3.6255e-05,1
38.362,4.062e-05,1
38.363,9.601e-05,1
38.363,0.0001472,1
38.364,0.0002177,1
38.364,0.00030716,1
38.365,0.0003785,1
38.365,0.00041408,1
38.366,0.00042332,1
38.366,0.00039998,1
38.367,0.0003555,1
38.368,0.00030632,1
38.368,0.00024758,1
38.369,0.00018279,1
38.369,0.0001274,1
38.37,8.9799e-05,1
38.37,5.153e-05,1
38.371,-1.8967e-05,1
38.371,-8.6778e-05,1
38.372,-0.00010826,1
38.372,-8.8121e-05,1
38.373,-5.2201e-05,1
38.373,-1.8967e-05,1
38.374,-8.3925e-07,1
38.374,-2.8534e-06,1
38.375,-2.2828e-05,1
38.375,-3.7095e-05,1
38.376,-2.0813e-05,1
38.376,4.1962e-06,1
38.377,1.8296e-05,1
38.377,2.5849e-05,1
38.378,3.0716e-05,1
38.378,3.5584e-05,1
38.379,3.7934e-05,1
38.379,3.1891e-05,1
38.38,1.8631e-05,1
38.38,-1.8463e-06,1
38.381,-3.3906e-05,1
38.382,-7.2847e-05,1
38.382,-0.00010121,1
38.383,-0.00011296,1
38.383,-0.00011061,1
38.384,-8.6778e-05,1
38.384,-2.4338e-05,1
38.385,3.8102e-05,1
38.385,5.8412e-05,1
38.386,4.2802e-05,1
38.386,4.5319e-06,1
38.387,-2.9374e-05,1
38.387,-3.2395e-05,1
38.388,2.8534e-06,1
38.388,4.7166e-05,1
38.389,6.2272e-05,1
38.389,4.8844e-05,1
38.39,2.501e-05,1
38.39,4.5319e-06,1
38.391,5.7069e-06,1
38.391,2.8534e-05,1
38.392,5.0523e-05,1
38.392,5.8579e-05,1
38.393,5.4887e-05,1
38.393,5.1194e-05,1
38.394,4.9516e-05,1
38.395,4.3473e-05,1
38.395,3.4745e-05,1
38.396,2.8702e-05,1
38.396,2.3835e-05,1
38.397,1.7288e-05,1
38.397,6.2104e-06,1
38.398,-1.326e-05,1
38.398,-3.5752e-05,1
38.399,-2.7359e-05,1
38.399,1.0071e-05,1
38.4,2.5849e-05,1
38.4,1.1917e-05,1
38.401,2.0981e-05,1
38.401,5.2033e-05,1
38.402,7.57e-05,1
38.402,4.683e-05,1
38.403,-3.4745e-05,1
38.403,-0.00012001,1
38.404,-0.00017809,1
38.404,-0.0001989,1
38.405,-0.00017322,1
38.405,-0.00012824,1
38.406,-0.00010759,1
38.406,-7.6036e-05,1
38.407,-8.5603e-06,1
38.407,2.5177e-06,1
38.408,-8.8792e-05,1
38.409,-0.00016701,1
38.409,-0.00013864,1
38.41,-4.1962e-05,1
38.41,5.304e-05,1
38.411,0.00012522,1
38.411,0.00017977,1
38.412,0.00022307,1
38.412,0.00026,1
38.413,0.00029525,1
38.413,0.00033587,1
38.414,0.00037346,1
38.414,0.00039277,1
38.415,0.0003879,1
38.415,0.00034292,1
38.416,0.00027091,1
38.416,0.00019689,1
38.417,0.00013075,1
38.417,0.00010826,1
38.418,0.00013361,1
38.418,0.000142,1
38.419,9.7185e-05,1
38.419,1.8128e-05,1
38.42,-6.3279e-05,1
38.42,-0.00012068,1
38.421,-0.00015241,1
38.422,-0.00015761,1
38.422,-0.00012941,1
38.423,-7.6707e-05,1
38.423,-2.1317e-05,1
38.424,1.5946e-05,1
38.424,3.2898e-05,1
38.425,1.8799e-05,1
38.425,-1.9974e-05,1
38.426,-5.2201e-05,1
38.426,-6.9322e-05,1
38.427,-8.4092e-05,1
38.427,-8.4092e-05,1
38.428,-5.0858e-05,1
38.428,1.8463e-06,1
38.429,5.8244e-05,1
38.429,9.6513e-05,1
38.43,9.3492e-05,1
38.43,5.6733e-05,1
38.431,7.8889e-06,1
38.431,-4.1962e-05,1
38.432,-7.9561e-05,1
38.432,-0.00010105,1
38.433,-0.00013327,1
38.433,-0.00018463,1
38.434,-0.00022643,1
38.434,-0.00023331,1
38.435,-0.00020024,1
38.436,-0.00013814,1
38.436,-8.2414e-05,1
38.437,-7.4693e-05,1
38.437,-9.2821e-05,1
38.438,-9.4835e-05,1
38.438,-5.7908e-05,1
38.439,-1.6785e-07,1
38.439,3.2563e-05,1
38.44,3.4409e-05,1
38.44,2.0981e-05,1
38.441,8.3925e-07,1
38.441,-2.6017e-05,1
38.442,-3.508e-05,1
38.442,-1.2924e-05,1
38.443,2.266e-05,1
38.443,7.5532e-05,1
38.444,0.00015056,1
38.444,0.00023449,1
38.445,0.00032747,1
38.445,0.00039864,1
38.446,0.00039948,1
38.446,0.00031875,1
38.447,0.00018245,1
38.447,5.3376e-05,1
38.448,5.0355e-07,1
38.449,-1.8799e-05,1
38.449,-6.4622e-05,1
38.45,-6.7811e-05,1
38.45,1.9471e-05,1
38.451,9.1646e-05,1
38.451,6.1601e-05,1
38.452,-3.0549e-05,1
38.452,-9.4499e-05,1
38.453,-9.0303e-05,1
38.453,-4.448e-05,1
38.454,7.5532e-06,1
38.454,4.4816e-05,1
38.455,5.6565e-05,1
38.455,4.9516e-05,1
38.456,5.2705e-05,1
38.456,6.5797e-05,1
38.457,5.5726e-05,1
38.457,2.1317e-05,1
38.458,-1.2924e-05,1
38.458,-3.1052e-05,1
38.459,-3.4745e-05,1
38.459,-4.4984e-05,1
38.46,-7.9728e-05,1
38.46,-0.00010356,1
38.461,-8.661e-05,1
38.462,-3.8102e-05,1
38.462,3.0045e-05,1
38.463,0.00010021,1
38.463,0.00014049,1
38.464,0.00012639,1
38.464,6.3951e-05,1
38.465,-4.1962e-06,1
38.465,-4.0955e-05,1
38.466,-4.0955e-05,1
38.466,-2.0981e-05,1
38.467,-2.8534e-06,1
38.467,6.3783e-06,1
38.468,1.0239e-05,1
38.468,8.896e-06,1
38.469,-5.0355e-07,1
38.469,-5.8747e-06,1
38.47,1.1246e-05,1
38.47,4.6159e-05,1
38.471,7.4022e-05,1
38.471,8.5435e-05,1
38.472,9.7856e-05,1
38.472,0.00011078,1
38.473,9.5842e-05,1
38.473,4.7837e-05,1
38.474,-8.7282e-06,1
38.474,-4.7333e-05,1
38.475,-7.2847e-05,1
38.476,-9.836e-05,1
38.476,-9.7353e-05,1
38.477,-5.2537e-05,1
38.477,-8.5603e-06,1
38.478,1.1749e-06,1
38.478,-1.0071e-06,1
38.479,1.5946e-05,1
38.479,4.5991e-05,1
38.48,5.1194e-05,1
38.48,2.4002e-05,1
38.481,-1.4771e-05,1
38.481,-5.5894e-05,1
38.482,-9.0974e-05,1
38.482,-0.00011833,1
38.483,-0.00012891,1
38.483,-0.00011565,1
38.484,-8.3757e-05,1
38.484,-5.5558e-05,1
38.485,-4.6159e-05,1
38.485,-4.1123e-05,1
38.486,-1.0407e-05,1
38.486,4.4648e-05,1
38.487,9.0135e-05,1
38.487,0.00011867,1
38.488,0.00016617,1
38.489,0.00021132,1
38.489,0.00019991,1
38.49,0.0001509,1
38.49,0.0001039,1
38.491,9.836e-05,1
38.491,0.00015291,1
38.492,0.00021653,1
38.492,0.00023751,1
38.493,0.00020797,1
38.493,0.00013713,1
38.494,3.3738e-05,1
38.494,-4.1291e-05,1
38.495,-3.122e-05,1
38.495,1.5274e-05,1
38.496,9.5674e-06,1
38.496,-8.0903e-05,1
38.497,-0.00021115,1
38.497,-0.00028719,1
38.498,-0.00024875,1
38.498,-0.00015274,1
38.499,-7.0665e-05,1
38.499,-1.3092e-05,1
38.5,5.1194e-05,1
38.5,0.00012303,1
38.501,0.0001519,1
38.501,0.00012085,1
38.502,9.2317e-05,1
38.503,9.8527e-05,1
38.503,0.00014049,1
38.504,0.00022358,1
38.504,0.00031136,1
38.505,0.00032882,1
38.505,0.00022928,1
38.506,1.561e-05,1
38.506,-0.00020175,1
38.507,-0.00032529,1
38.507,-0.00036692,1
38.508,-0.00035148,1
38.508,-0.00029256,1
38.509,-0.00022206,1
38.509,-0.000165,1
38.51,-0.0001331,1
38.51,-0.00012035,1
38.511,-8.4932e-05,1
38.511,2.3667e-05,1
38.512,0.00016953,1
38.512,0.00028484,1
38.513,0.0003597,1
38.513,0.000402,1
38.514,0.0003973,1
38.514,0.0003503,1
38.515,0.00028283,1
38.516,0.00022341,1
38.516,0.00019773,1
38.517,0.00020797,1
38.517,0.00021585,1
38.518,0.00019152,1
38.518,0.00014939,1
38.519,0.00011128,1
38.519,9.1478e-05,1
38.52,6.1601e-05,1
38.52,-1.796e-05,1
38.521,-0.00013713,1
38.521,-0.00021888,1
38.522,-0.0002177,1
38.522,-0.00015241,1
38.523,-7.2343e-05,1
38.523,-2.9709e-05,1
38.524,-2.9709e-05,1
38.524,-4.7166e-05,1
38.525,-2.9374e-05,1
38.525,8.9799e-05,1
38.526,0.00031035,1
38.526,0.00046444,1
38.527,0.00038253,1
38.527,9.2149e-05,1
38.528,-0.00021686,1
38.528,-0.00039377,1
38.529,-0.00043825,1
38.53,-0.00038488,1
38.53,-0.00028333,1
38.531,-0.00021451,1
38.531,-0.00022139,1
38.532,-0.00027846,1
38.532,-0.00032831,1
38.533,-0.00033855,1
38.533,-0.0003122,1
38.534,-0.00026873,1
38.534,-0.00024456,1
38.535,-0.00032126,1
38.535,-0.00045185,1
38.536,-0.00050036,1
38.536,-0.00041744,1
38.537,-0.00025731,1
38.537,-9.9535e-05,1
38.538,2.1988e-05,1
38.538,0.00011028,1
38.539,0.00017641,1
38.539,0.00026352,1
38.54,0.00041241,1
38.54,0.0006014,1
38.541,0.00078537,1
38.541,0.00089984,1
38.542,0.00088138,1
38.542,0.00073501,1
38.543,0.00053007,1
38.544,0.00035299,1
38.544,0.00024154,1
38.545,0.00018749,1
38.545,0.0001744,1
38.546,0.00016869,1
38.546,0.00013478,1
38.547,7.1336e-05,1
38.547,4.5319e-06,1
38.548,-4.213e-05,1
38.548,-7.8721e-05,1
38.549,-0.00011296,1
38.549,-0.00013092,1
38.55,-0.00013092,1
38.55,-0.00012505,1
38.551,-0.00011867,1
38.551,-0.00011162,1
38.552,-0.00010491,1
38.552,-9.6849e-05,1
38.553,-8.8457e-05,1
38.553,-7.8386e-05,1
38.554,-6.63e-05,1
38.554,-5.3376e-05,1
38.555,-4.3977e-05,1
38.555,-4.5823e-05,1
38.556,-6.4118e-05,1
38.557,-0.00010961,1
38.557,-0.00015526,1
38.558,-0.00016315,1
38.558,-0.00013411,1
38.559,-8.8792e-05,1
38.559,-4.2969e-05,1
38.56,-8.7282e-06,1
38.56,9.9031e-06,1
38.561,1.8967e-05,1
38.561,2.2492e-05,1
38.562,3.6088e-05,1
38.562,7.8218e-05,1
38.563,0.00012673,1
38.563,0.00015811,1
38.564,0.00017993,1
38.564,0.00017758,1
38.565,0.00013277,1
38.565,5.8915e-05,1
38.566,-7.7211e-06,1
38.566,-5.4887e-05,1
38.567,-9.7017e-05,1
38.567,-0.00015056,1
38.568,-0.00021753,1
38.568,-0.00026705,1
38.569,-0.00027292,1
38.569,-0.00023734,1
38.57,-0.00017507,1
38.571,-0.00010138,1
38.571,-2.7359e-05,1
38.572,3.8605e-05,1
38.572,9.0806e-05,1
38.573,0.00014099,1
38.573,0.00019454,1
38.574,0.00024103,1
38.574,0.00026705,1
38.575,0.00026772,1
38.575,0.00024825,1
38.576,0.00021736,1
38.576,0.0001848,1
38.577,0.00015291,1
38.577,0.00012572,1
38.578,0.00010625,1
38.578,9.2485e-05,1
38.579,8.0064e-05,1
38.579,6.6972e-05,1
38.58,5.5222e-05,1
38.58,4.5151e-05,1
38.581,3.4745e-05,1
38.581,2.7527e-05,1
38.582,1.5274e-05,1
38.582,-9.2317e-06,1
38.583,-3.6423e-05,1
38.584,-5.4047e-05,1
38.584,-3.827e-05,1
38.585,7.7211e-06,1
38.585,4.6998e-06,1
38.586,-0.00010272,1
38.586,-0.00027745,1
38.587,-0.0004161,1
38.587,-0.00041677,1
38.588,-0.00031942,1
38.588,-0.00025295,1
38.589,-0.00020545,1
38.589,-0.00012874,1
38.59,-6.0594e-05,1
38.59,-2.4002e-05,1
38.591,-1.6281e-05,1
38.591,1.2085e-05,1
38.592,9.6178e-05,1
38.592,0.00020343,1
38.593,0.00024422,1
38.593,0.00018514,1
38.594,0.00010037,1
38.594,7.0161e-05,1
38.595,9.2485e-05,1
38.595,0.00014435,1
38.596,0.00019655,1
38.596,0.00019168,1
38.597,0.00013579,1
38.598,7.7546e-05,1
38.598,1.2924e-05,1
38.599,-4.0787e-05,1
38.599,-1.4435e-05,1
38.6,9.4835e-05,1
38.6,0.00018849,1
38.601,0.00020629,1
38.601,0.0001462,1
38.602,6.2608e-05,1
38.602,3.0045e-05,1
38.603,7.0329e-05,1
38.603,0.00015946,1
38.604,0.00026369,1
38.604,0.00037766,1
38.605,0.00048391,1
38.605,0.00052755,1
38.606,0.0004829,1
38.606,0.00037649,1
38.607,0.00023616,1
38.607,9.5171e-05,1
38.608,-7.0497e-06,1
38.608,-5.4719e-05,1
38.609,-6.9993e-05,1
38.609,-7.6371e-05,1
38.61,-6.1601e-05,1
38.611,-2.9038e-05,1
38.611,-3.0045e-05,1
38.612,-6.0929e-05,1
38.612,-0.00010977,1
38.613,-0.00015929,1
38.613,-0.00018614,1
38.614,-0.00018413,1
38.614,-0.00016718,1
38.615,-0.00014989,1
38.615,-0.00013428,1
38.616,-0.00012001,1
38.616,-0.00011011,1
38.617,-0.00010172,1
38.617,-0.00010222,1
38.618,-0.00011615,1
38.618,-0.00012605,1
38.619,-0.00012303,1
38.619,-0.00012387,1
38.62,-0.0001321,1
38.62,-0.00013411,1
38.621,-0.00012538,1
38.621,-0.00010877,1
38.622,-9.2485e-05,1
38.622,-8.2582e-05,1
38.623,-7.5029e-05,1
38.623,-6.8315e-05,1
38.624,-6.9322e-05,1
38.625,-8.1239e-05,1
38.625,-9.2653e-05,1
38.626,-4.4816e-05,1
38.626,8.4932e-05,1
38.627,0.00018715,1
38.627,0.00017607,1
38.628,6.6804e-05,1
38.628,-5.0523e-05,1
38.629,-8.9296e-05,1
38.629,-8.6778e-05,1
38.63,-0.00010121,1
38.63,-0.00011078,1
38.631,-0.00012102,1
38.631,-0.00013848,1
38.632,-0.00012152,1
38.632,-6.6133e-05,1
38.633,-1.8463e-06,1
38.633,6.5629e-05,1
38.634,0.00012068,1
38.634,0.00014569,1
38.635,0.00017221,1
38.635,0.00022676,1
38.636,0.00027913,1
38.636,0.00030146,1
38.637,0.00030867,1
38.638,0.00031237,1
38.638,0.00029055,1
38.639,0.000236,1
38.639,0.00017708,1
38.64,0.00013747,1
38.64,0.00010977,1
38.641,8.04e-05,1
38.641,4.8508e-05,1
38.642,2.4002e-05,1
38.642,1.2253e-05,1
38.643,5.2033e-06,1
38.643,-4.8676e-06,1
38.644,-1.0407e-05,1
38.644,-7.2175e-06,1
38.645,0,1
38.645,9.5674e-06,1
38.646,2.0645e-05,1
38.646,2.9877e-05,1
38.647,2.7863e-05,1
38.647,-1.4099e-05,1
38.648,-7.8386e-05,1
38.648,-0.00010256,1
38.649,-7.8218e-05,1
38.649,-3.3402e-05,1
38.65,1.2589e-05,1
38.651,5.4383e-05,1
38.651,8.2414e-05,1
38.652,0.00010491,1
38.652,0.00011649,1
38.653,0.00010188,1
38.653,6.7475e-05,1
38.654,2.6352e-05,1
38.654,-1.2589e-05,1
38.655,-4.8508e-05,1
38.655,-7.6707e-05,1
38.656,-9.6849e-05,1
38.656,-0.00010961,1
38.657,-0.00013965,1
38.657,-0.00021921,1
38.658,-0.00031304,1
38.658,-0.00036222,1
38.659,-0.00035752,1
38.659,-0.00031438,1
38.66,-0.00024556,1
38.66,-0.00016281,1
38.661,-8.3757e-05,1
38.661,-1.3931e-05,1
38.662,4.4144e-05,1
38.662,0.00010826,1
38.663,0.00019689,1
38.663,0.0002835,1
38.664,0.00034359,1
38.665,0.00037414,1
38.665,0.00037028,1
38.666,0.00032882,1
38.666,0.00025866,1
38.667,0.00018363,1
38.667,9.7688e-05,1
38.668,-9.2317e-06,1
38.668,-0.00011498,1
38.669,-0.00020494,1
38.669,-0.00025681,1
38.67,-0.00025983,1
38.67,-0.00022626,1
38.671,-0.00016466,1
38.671,-7.7714e-05,1
38.672,2.0645e-05,1
38.672,0.00010658,1
38.673,0.00019521,1
38.673,0.00030599,1
38.674,0.00039696,1
38.674,0.00043288,1
38.675,0.00043053,1
38.675,0.00039864,1
38.676,0.00033721,1
38.676,0.00026252,1
38.677,0.00019185,1
38.678,0.00013109,1
38.678,7.9728e-05,1
38.679,4.0787e-05,1
38.679,2.4338e-05,1
38.68,4.6159e-05,1
38.68,0.0001039,1
38.681,0.00018766,1
38.681,0.00023113,1
38.682,0.00014888,1
38.682,-2.4338e-05,1
38.683,-0.00017607,1
38.683,-0.00024103,1
38.684,-0.00024321,1
38.684,-0.0002276,1
38.685,-0.00020562,1
38.685,-0.00017473,1
38.686,-0.00015056,1
38.686,-0.00013109,1
38.687,-0.00010021,1
38.687,-6.8315e-05,1
38.688,-4.0452e-05,1
38.688,-1.7792e-05,1
38.689,-2.3499e-06,1
38.689,7.8889e-06,1
38.69,3.5248e-06,1
38.69,-3.122e-05,1
38.691,-8.7114e-05,1
38.692,-0.0001185,1
38.692,-0.00010591,1
38.693,-7.7714e-05,1
38.693,-5.623e-05,1
38.694,-3.4745e-05,1
38.694,-7.2175e-06,1
38.695,4.6159e-05,1
38.695,0.00014099,1
38.696,0.00020931,1
38.696,0.00018849,1
38.697,0.00010088,1
38.697,-2.182e-06,1
38.698,-9.8192e-05,1
38.698,-0.00015862,1
38.699,-0.00017826,1
38.699,-0.00016567,1
38.7,-0.00014015,1
38.7,-0.00012689,1
38.701,-0.0001227,1
38.701,-0.00010961,1
38.702,-8.3757e-05,1
38.702,-5.2873e-05,1
38.703,-2.1317e-05,1
38.703,1.5442e-05,1
38.704,7.4357e-05,1
38.705,0.00015509,1
38.705,0.00021703,1
38.706,0.00022676,1
38.706,0.00018833,1
38.707,0.00013378,1
38.707,8.1743e-05,1
38.708,6.714e-06,1
38.708,-8.6442e-05,1
38.709,-0.00015241,1
38.709,-0.00018228,1
38.71,-0.0001613,1
38.71,-0.00010541,1
38.711,-7.0161e-05,1
38.711,-7.8721e-05,1
38.712,-0.00011212,1
38.712,-0.00012236,1
38.713,-0.00011044,1
38.713,-7.9057e-05,1
38.714,2.5345e-05,1
38.714,0.00017372,1
38.715,0.00028585,1
38.715,0.00033285,1
38.716,0.00033687,1
38.716,0.00032311,1
38.717,0.00029525,1
38.717,0.00025396,1
38.718,0.00017574,1
38.719,8.6778e-05,1
38.719,4.918e-05,1
38.72,5.8915e-05,1
38.72,7.4022e-05,1
38.721,8.7953e-05,1
38.721,6.1265e-05,1
38.722,-5.0355e-07,1
38.722,-3.5416e-05,1
38.723,-3.2395e-05,1
38.723,-9.5674e-06,1
38.724,1.4099e-05,1
38.724,2.5681e-05,1
38.725,2.3835e-05,1
38.725,1.9806e-05,1
38.726,2.8031e-05,1
38.726,4.9516e-05,1
38.727,8.5771e-05,1
38.727,0.00012639,1
38.728,0.0001509,1
38.728,0.0001514,1
38.729,0.00013327,1
38.729,0.00010658,1
38.73,7.4525e-05,1
38.73,3.6927e-05,1
38.731,-2.5177e-06,1
38.731,-3.508e-05,1
38.732,-5.6733e-05,1
38.733,-6.8818e-05,1
38.733,-7.4693e-05,1
38.734,-7.7379e-05,1
38.734,-6.8482e-05,1
38.735,1.0071e-06,1
38.735,0.00010961,1
38.736,0.00014284,1
38.736,5.8244e-05,1
38.737,-6.6468e-05,1
38.737,-0.00014519,1
38.738,-0.00015996,1
38.738,-0.00013915,1
38.739,-0.0001138,1
38.739,-0.00010021,1
38.74,-9.9535e-05,1
38.74,-9.3828e-05,1
38.741,-6.7308e-05,1
38.741,-4.448e-05,1
38.742,-4.3137e-05,1
38.742,-5.6901e-05,1
38.743,-7.2679e-05,1
38.743,-8.275e-05,1
38.744,-8.275e-05,1
38.744,-7.3182e-05,1
38.745,-6.2943e-05,1
38.746,-5.8579e-05,1
38.746,-4.7166e-05,1
38.747,-2.5849e-05,1
38.747,-1.796e-05,1
38.748,-3.0549e-05,1
38.748,-6.6133e-05,1
38.749,-0.00013579,1
38.749,-0.00019286,1
38.75,-0.00018363,1
38.75,-0.00012102,1
38.751,-4.8508e-05,1
38.751,-2.8534e-06,1
38.752,1.5946e-05,1
38.752,3.592e-05,1
38.753,7.5029e-05,1
38.753,0.00015106,1
38.754,0.00028652,1
38.754,0.00047787,1
38.755,0.00063363,1
38.755,0.00063497,1
38.756,0.0004829,1
38.756,0.00029155,1
38.757,0.00016147,1
38.757,0.00011598,1
38.758,0.00012807,1
38.758,0.00014855,1
38.759,0.00013713,1
38.76,8.8121e-05,1
38.76,2.1317e-05,1
38.761,-2.8534e-05,1
38.761,-4.3137e-05,1
38.762,-3.8437e-05,1
38.762,-3.8102e-05,1
38.763,-4.8508e-05,1
38.763,-7.0329e-05,1
38.764,-9.1814e-05,1
38.764,-0.00010155,1
38.765,-0.00010423,1
38.765,-0.00010826,1
38.766,-0.00011498,1
38.766,-0.00011431,1
38.767,-9.8024e-05,1
38.767,-7.6204e-05,1
38.768,-6.1769e-05,1
38.768,-5.4047e-05,1
38.769,-4.3305e-05,1
38.769,-2.5513e-05,1
38.77,-4.3641e-06,1
38.77,1.4267e-05,1
38.771,2.7527e-05,1
38.771,3.1724e-05,1
38.772,3.3906e-05,1
38.773,4.3809e-05,1
38.773,5.5222e-05,1
38.774,6.2608e-05,1
38.774,6.8147e-05,1
38.775,7.57e-05,1
38.775,8.0903e-05,1
38.776,7.7714e-05,1
38.776,6.3615e-05,1
38.777,4.1627e-05,1
38.777,1.9471e-05,1
38.778,3.5248e-06,1
38.778,-5.7069e-06,1
38.779,-8.5603e-06,1
38.779,-7.8889e-06,1
38.78,-1.1582e-05,1
38.78,-1.6617e-05,1
38.781,-2.0645e-05,1
38.781,-2.7359e-05,1
38.782,-3.3234e-05,1
38.782,-2.9206e-05,1
38.783,-1.4603e-05,1
38.783,-5.8747e-06,1
38.784,-4.9348e-05,1
38.784,-0.00012052,1
38.785,-0.00013881,1
38.785,-9.5171e-05,1
38.786,-4.3641e-05,1
38.787,-2.5513e-05,1
38.787,-4.0955e-05,1
38.788,-6.4622e-05,1
38.788,-6.3279e-05,1
38.789,-3.0716e-05,1
38.789,8.5603e-06,1
38.79,3.6255e-05,1
38.79,5.4047e-05,1
38.791,6.7475e-05,1
38.791,6.5293e-05,1
38.792,4.3977e-05,1
38.792,3.8437e-05,1
38.793,7.3686e-05,1
38.793,0.00014015,1
38.794,0.00021669,1
38.794,0.00026973,1
38.795,0.00025093,1
38.795,0.00017876,1
38.796,0.0001284,1
38.796,0.00011582,1
38.797,0.000118,1
38.797,9.6513e-05,1
38.798,2.1149e-05,1
38.798,-8.5603e-05,1
38.799,-0.00017238,1
38.8,-0.00019168,1
38.8,-0.00014133,1
38.801,-7.9896e-05,1
38.801,-5.7237e-05,1
38.802,-5.7404e-05,1
38.802,-4.7501e-05,1
38.803,-1.1078e-05,1
38.803,6.1265e-05,1
38.804,0.00016365,1
38.804,0.00023784,1
38.805,0.00022609,1
38.805,0.00015291,1
38.806,8.8457e-05,1
38.806,5.539e-05,1
38.807,4.1459e-05,1
38.807,3.5416e-05,1
38.808,3.2059e-05,1
38.808,3.3738e-05,1
38.809,4.5151e-05,1
38.809,6.0929e-05,1
38.81,6.3951e-05,1
38.81,5.3208e-05,1
38.811,3.9445e-05,1
38.811,3.3402e-05,1
38.812,4.5487e-05,1
38.812,5.4719e-05,1
38.813,3.5752e-05,1
38.814,-1.1749e-05,1
38.814,-7.8386e-05,1
38.815,-0.00014888,1
38.815,-0.00020024,1
38.816,-0.00018967,1
38.816,-0.00010239,1
38.817,-1.3596e-05,1
38.817,6.3783e-06,1
38.818,-3.2731e-05,1
38.818,-4.9851e-05,1
38.819,-1.4939e-05,1
38.819,4.0452e-05,1
38.82,8.9799e-05,1
38.82,0.00012673,1
38.821,0.00015325,1
38.821,0.00016013,1
38.822,0.00013042,1
38.822,8.1743e-05,1
38.823,1.1917e-05,1
38.823,-8.7449e-05,1
38.824,-0.00018933,1
38.824,-0.00027578,1
38.825,-0.00032663,1
38.825,-0.00030515,1
38.826,-0.00020729,1
38.827,-9.5003e-05,1
38.827,-9.2317e-06,1
38.828,7.0665e-05,1
38.828,0.00017037,1
38.829,0.00026503,1
38.829,0.0003117,1
38.83,0.00032479,1
38.83,0.00033536,1
38.831,0.00032747,1
38.831,0.00027225,1
38.832,0.0001754,1
38.832,7.7043e-05,1
38.833,1.7288e-05,1
38.833,-8.7282e-06,1
38.834,-2.8367e-05,1
38.834,-5.0355e-05,1
38.835,-6.0258e-05,1
38.835,-5.3376e-05,1
38.836,-4.3137e-05,1
38.836,-3.4409e-05,1
38.837,-2.8367e-05,1
38.837,-2.6688e-05,1
38.838,-3.2731e-05,1
38.838,-4.683e-05,1
38.839,-5.6901e-05,1
38.84,-5.5222e-05,1
38.84,-5.1362e-05,1
38.841,-5.2201e-05,1
38.841,-4.918e-05,1
38.842,-3.2731e-05,1
38.842,-2.5177e-06,1
38.843,3.3738e-05,1
38.843,6.7308e-05,1
38.844,8.1071e-05,1
38.844,5.5894e-05,1
38.845,-8.7282e-06,1
38.845,-0.00010759,1
38.846,-0.00019487,1
38.846,-0.00022911,1
38.847,-0.0002219,1
38.847,-0.00019823,1
38.848,-0.00017641,1
38.848,-0.00017238,1
38.849,-0.00018044,1
38.849,-0.00013881,1
38.85,-1.7624e-05,1
38.85,0.00015543,1
38.851,0.00037816,1
38.851,0.00062289,1
38.852,0.00077127,1
38.852,0.00073535,1
38.853,0.00057253,1
38.854,0.00039965,1
38.854,0.00027041,1
38.855,0.00016869,1
38.855,8.04e-05,1
38.856,1.3764e-05,1
38.856,-5.6397e-05,1
38.857,-0.00012438,1
38.857,-0.00012975,1
38.858,-8.7449e-05,1
38.858,-5.4215e-05,1
38.859,-3.7263e-05,1
38.859,-3.0381e-05,1
38.86,-4.0116e-05,1
38.86,-6.2608e-05,1
38.861,-8.0232e-05,1
38.861,-8.2246e-05,1
38.862,-7.8553e-05,1
38.862,-8.9632e-05,1
38.863,-0.00012152,1
38.863,-0.00015341,1
38.864,-0.00015761,1
38.864,-0.00013411,1
38.865,-0.0001133,1
38.865,-0.00010709,1
38.866,-0.00011363,1
38.867,-0.0001274,1
38.867,-0.00012874,1
38.868,-0.00011128,1
38.868,-9.2821e-05,1
38.869,-7.0832e-05,1
38.869,-3.1388e-05,1
38.87,2.182e-05,1
38.87,6.5293e-05,1
38.871,7.3518e-05,1
38.871,4.2802e-05,1
38.872,-4.3641e-06,1
38.872,-3.508e-05,1
38.873,-3.5752e-05,1
38.873,-1.5442e-05,1
38.874,8.896e-06,1
38.874,3.3234e-05,1
38.875,5.6565e-05,1
38.875,7.4357e-05,1
38.876,7.0497e-05,1
38.876,4.1291e-05,1
38.877,3.9109e-05,1
38.877,6.0258e-05,1
38.878,6.0929e-05,1
38.878,3.5752e-05,1
38.879,6.3783e-06,1
38.879,-1.326e-05,1
38.88,-2.8031e-05,1
38.881,-4.5655e-05,1
38.881,-3.743e-05,1
38.882,7.8889e-06,1
38.882,5.8579e-05,1
38.883,9.5506e-05,1
38.883,0.00011934,1
38.884,0.00012992,1
38.884,0.00012605,1
38.885,0.00010826,1
38.885,8.8792e-05,1
38.886,9.2485e-05,1
38.886,0.00012807,1
38.887,0.00017171,1
38.887,0.00020125,1
38.888,0.00019655,1
38.888,0.00014351,1
38.889,7.335e-05,1
38.889,4.5151e-05,1
38.89,5.5894e-05,1
38.89,6.009e-05,1
38.891,4.1291e-05,1
38.891,6.5461e-06,1
38.892,-2.887e-05,1
38.892,-5.7237e-05,1
38.893,-7.6707e-05,1
38.894,-8.2078e-05,1
38.894,-7.3518e-05,1
38.895,-7.5364e-05,1
38.895,-0.00010591,1
38.896,-0.0001415,1
38.896,-0.00015056,1
38.897,-0.00011565,1
38.897,-5.4215e-05,1
38.898,3.1891e-06,1
38.898,3.743e-05,1
38.899,4.1459e-05,1
38.899,2.5177e-05,1
38.9,9.2317e-06,1
38.9,1.8631e-05,1
38.901,7.0329e-05,1
38.901,0.00015425,1
38.902,0.000213,1
38.902,0.00021099,1
38.903,0.00017675,1
38.903,0.00015157,1
38.904,0.00012857,1
38.904,7.1336e-05,1
38.905,-1.3931e-05,1
38.905,-9.7856e-05,1
38.906,-0.00016349,1
38.906,-0.00020578,1
38.907,-0.00022525,1
38.908,-0.00022039,1
38.908,-0.00019336,1
38.909,-0.00016315,1
38.909,-0.00013562,1
38.91,-9.4835e-05,1
38.91,-8.4428e-05,1
38.911,-0.00011212,1
38.911,-0.00014166,1
38.912,-0.00012035,1
38.912,-2.7359e-05,1
38.913,9.1646e-05,1
38.913,0.00017792,1
38.914,0.00022139,1
38.914,0.00024858,1
38.915,0.00029928,1
38.915,0.00040082,1
38.916,0.00051144,1
38.916,0.00056649,1
38.917,0.00055508,1
38.917,0.00048458,1
38.918,0.00037716,1
38.918,0.00025882,1
38.919,0.00014754,1
38.919,6.9322e-05,1
38.92,2.9374e-05,1
38.92,5.2033e-06,1
38.921,-1.561e-05,1
38.922,-2.9206e-05,1
38.922,-3.592e-05,1
38.923,-2.8031e-05,1
38.923,2.3499e-05,1
38.924,9.9199e-05,1
38.924,0.00014855,1
38.925,0.00012908,1
38.925,4.4648e-05,1
38.926,-6.5797e-05,1
38.926,-0.00016701,1
38.927,-0.00024086,1
38.927,-0.00027477,1
38.928,-0.00026957,1
38.928,-0.0002464,1
38.929,-0.00022643,1
38.929,-0.00020595,1
38.93,-0.00017775,1
38.93,-0.00014653,1
38.931,-0.00011649,1
38.931,-9.2149e-05,1
38.932,-7.9057e-05,1
38.932,-8.5267e-05,1
38.933,-0.00011531,1
38.933,-0.00015962,1
38.934,-0.00019353,1
38.935,-0.00021418,1
38.935,-0.00023214,1
38.936,-0.00023667,1
38.936,-0.0002135,1
38.937,-0.00016567,1
38.937,-0.00011196,1
38.938,-6.3111e-05,1
38.938,-1.4267e-05,1
38.939,3.4073e-05,1
38.939,6.4958e-05,1
38.94,0.00010272,1
38.94,0.00017859,1
38.941,0.00026705,1
38.941,0.00032009,1
38.942,0.00032613,1
38.942,0.00030062,1
38.943,0.0002501,1
38.943,0.00017842,1
38.944,0.0001044,1
38.944,5.1362e-05,1
38.945,2.9038e-05,1
38.945,2.5345e-05,1
38.946,1.9638e-05,1
38.946,7.2175e-06,1
38.947,1.0071e-06,1
38.947,7.0497e-06,1
38.948,1.7288e-05,1
38.949,2.8702e-05,1
38.949,4.0955e-05,1
38.95,5.4887e-05,1
38.95,5.9419e-05,1
38.951,2.1653e-05,1
38.951,-5.4887e-05,1
38.952,-0.00012085,1
38.952,-0.00014217,1
38.953,-0.00012438,1
38.953,-8.9128e-05,1
38.954,-5.0858e-05,1
38.954,-1.2253e-05,1
38.955,2.3331e-05,1
38.955,6.4286e-05,1
38.956,0.00013848,1
38.956,0.00024372,1
38.957,0.0003315,1
38.957,0.00035299,1
38.958,0.00030196,1
38.958,0.00021871,1
38.959,0.0001462,1
38.959,9.9199e-05,1
38.96,6.63e-05,1
38.96,3.827e-05,1
38.961,1.4771e-05,1
38.962,4.1962e-06,1
38.962,5.0355e-06,1
38.963,-3.1891e-06,1
38.963,-3.1052e-05,1
38.964,-7.0832e-05,1
38.964,-0.00010289,1
38.965,-0.00011246,1
38.965,-0.00012186,1
38.966,-0.0001378,1
38.966,-0.0001326,1
38.967,-8.0232e-05,1
38.967,-1.6953e-05,1
38.968,1.1749e-06,1
38.968,-2.8031e-05,1
38.969,-8.1239e-05,1
38.969,-0.00013965,1
38.97,-0.000166,1
38.97,-0.0001415,1
38.971,-6.714e-05,1
38.971,3.5752e-05,1
38.972,0.00012689,1
38.972,0.00018245,1
38.973,0.00019991,1
38.973,0.00017809,1
38.974,0.00010927,1
38.974,-2.8367e-05,1
38.975,-0.00018111,1
38.976,-0.00025849,1
38.976,-0.00020662,1
38.977,-0.00011531,1
38.977,-0.00011313,1
38.978,-0.00018732,1
38.978,-0.00022878,1
38.979,-0.00019806,1
38.979,-0.0001801,1
38.98,-0.00020192,1
38.98,-0.00020159,1
38.981,-0.00012471,1
38.981,2.182e-05,1
38.982,0.0001994,1
38.982,0.00033452,1
38.983,0.00038589,1
38.983,0.00037951,1
38.984,0.00039126,1
38.984,0.00045101,1
38.985,0.00050271,1
38.985,0.00049532,1
38.986,0.0004396,1
38.986,0.00037548,1
38.987,0.00032546,1
38.987,0.00027443,1
38.988,0.00021585,1
38.989,0.00015492,1
38.989,8.7785e-05,1
38.99,2.1988e-05,1
38.99,-3.3066e-05,1
38.991,-7.6707e-05,1
38.991,-0.00010759,1
38.992,-0.00012219,1
38.992,-0.00013176,1
38.993,-0.00014821,1
38.993,-0.00016432,1
38.994,-0.00017339,1
38.994,-0.00017423,1
38.995,-0.00016365,1
38.995,-0.00013848,1
38.996,-0.00011028,1
38.996,-9.6178e-05,1
38.997,-9.5506e-05,1
38.997,-8.8624e-05,1
38.998,-9.1142e-05,1
38.998,-0.00010188,1
38.999,-8.5435e-05,1
38.999,-3.357e-05,1
39,2.1317e-05,1
39,4.7501e-05,1
39.001,4.4144e-05,1
39.002,3.4241e-05,1
39.002,3.3738e-05,1
39.003,4.7837e-05,1
39.003,6.7979e-05,1
39.004,8.2078e-05,1
39.004,9.0471e-05,1
39.005,7.9057e-05,1
39.005,3.9612e-05,1
39.006,-1.2253e-05,1
39.006,-5.069e-05,1
39.007,-5.388e-05,1
39.007,-3.5584e-05,1
39.008,-2.4674e-05,1
39.008,-1.9135e-05,1
39.009,-3.7095e-05,1
39.009,-6.5461e-05,1
39.01,-3.508e-05,1
39.01,3.0716e-05,1
39.011,5.6733e-05,1
39.011,1.796e-05,1
39.012,-5.6901e-05,1
39.012,-0.00010356,1
39.013,-8.5771e-05,1
39.013,0,1
39.014,0.00012001,1
39.014,0.00022055,1
39.015,0.00027745,1
39.016,0.00029793,1
39.016,0.00028249,1
39.017,0.00024221,1
39.017,0.0002031,1
39.018,0.00017574,1
39.018,0.00014586,1
39.019,0.00010054,1
39.019,4.2802e-05,1
39.02,-1.3931e-05,1
39.02,-6.1265e-05,1
39.021,-9.2149e-05,1
39.021,-0.00011212,1
39.022,-0.00014972,1
39.022,-0.00018531,1
39.023,-0.00018262,1
39.023,-0.00014318,1
39.024,-8.8792e-05,1
39.024,-3.9109e-05,1
39.025,-8.3925e-07,1
39.025,2.8702e-05,1
39.026,4.3809e-05,1
39.026,3.6759e-05,1
39.027,1.9303e-05,1
39.027,8.3925e-06,1
39.028,8.2246e-06,1
39.029,1.4603e-05,1
39.029,1.2589e-05,1
39.03,-5.539e-06,1
39.03,-3.0549e-05,1
39.031,-4.5487e-05,1
39.031,-4.3473e-05,1
39.032,-3.4409e-05,1
39.032,-3.1724e-05,1
39.033,-3.508e-05,1
39.033,-3.8437e-05,1
39.034,-4.1459e-05,1
39.034,-3.7263e-05,1
39.035,1.9303e-05,1
39.035,0.00010726,1
39.036,0.00011313,1
39.036,4.5991e-05,1
39.037,-9.0639e-06,1
39.037,-4.062e-05,1
39.038,-6.6804e-05,1
39.038,-0.00010088,1
39.039,-0.00013713,1
39.039,-0.00014939,1
39.04,-0.00013378,1
39.04,-9.2317e-05,1
39.041,-7.0497e-06,1
39.041,0.00010826,1
39.042,0.00020461,1
39.043,0.00024204,1
39.043,0.00022995,1
39.044,0.00020092,1
39.044,0.00017356,1
39.045,0.00017305,1
39.045,0.00019454,1
39.046,0.00020511,1
39.046,0.00017607,1
39.047,0.00010826,1
39.047,3.1724e-05,1
39.048,-2.3331e-05,1
39.048,-4.7166e-05,1
39.049,-4.7333e-05,1
39.049,-3.4073e-05,1
39.05,-2.0478e-05,1
39.05,-1.4435e-05,1
39.051,-2.4674e-05,1
39.051,-5.8579e-05,1
39.052,-0.00010457,1
39.052,-0.00013646,1
39.053,-0.00014401,1
39.053,-0.00013915,1
39.054,-0.0001368,1
39.054,-0.00014502,1
39.055,-0.0001566,1
39.056,-0.00015795,1
39.056,-0.00014788,1
39.057,-0.00012505,1
39.057,-8.426e-05,1
39.058,-2.5849e-05,1
39.058,1.7624e-05,1
39.059,2.5681e-05,1
39.059,2.9374e-05,1
39.06,5.2537e-05,1
39.06,9.836e-05,1
39.061,0.00013881,1
39.061,0.0001039,1
39.062,-4.9851e-05,1
39.062,-0.00021636,1
39.063,-0.00025681,1
39.063,-0.00017775,1
39.064,-6.4118e-05,1
39.064,3.2059e-05,1
39.065,9.752e-05,1
39.065,0.00014888,1
39.066,0.00020444,1
39.066,0.00026168,1
39.067,0.00033721,1
39.067,0.0004448,1
39.068,0.00054585,1
39.068,0.00059335,1
39.069,0.00056313,1
39.07,0.00046712,1
39.07,0.00034694,1
39.071,0.00024791,1
39.071,0.00019705,1
39.072,0.0001702,1
39.072,0.00010558,1
39.073,-1.561e-05,1
39.073,-0.00014049,1
39.074,-0.00022576,1
39.074,-0.00026369,1
39.075,-0.00025782,1
39.075,-0.00019806,1
39.076,-5.1362e-05,1
39.076,0.00013411,1
39.077,0.00024691,1
39.077,0.00023415,1
39.078,0.00013008,1
39.078,1.8631e-05,1
39.079,-5.0523e-05,1
39.079,-9.4163e-05,1
39.08,-0.00013931,1
39.08,-0.00015761,1
39.081,-0.00010222,1
39.081,-1.5442e-05,1
39.082,1.6281e-05,1
39.083,-4.2802e-05,1
39.083,-0.00014015,1
39.084,-0.00019236,1
39.084,-0.00017003,1
39.085,-0.00011044,1
39.085,-5.2201e-05,1
39.086,-1.6785e-07,1
39.086,2.5681e-05,1
39.087,-4.1962e-06,1
39.087,-6.1265e-05,1
39.088,-8.4764e-05,1
39.088,-7.7043e-05,1
39.089,-8.2414e-05,1
39.089,-0.00014418,1
39.09,-0.00025144,1
39.09,-0.00033889,1
39.091,-0.00038085,1
39.091,-0.00037296,1
39.092,-0.00030834,1
39.092,-0.00020511,1
39.093,-8.7617e-05,1
39.093,2.9206e-05,1
39.094,0.00012169,1
39.094,0.00019487,1
39.095,0.00027779,1
39.095,0.00038622,1
39.096,0.00048559,1
39.097,0.00052889,1
39.097,0.00051463,1
39.098,0.00046444,1
39.098,0.00038253,1
39.099,0.00027645,1
39.099,0.00017154,1
39.1,7.8721e-05,1
39.1,-2.5345e-05,1
39.101,-0.00011867,1
39.101,-0.000165,1
39.102,-0.00017288,1
39.102,-0.00013512,1
39.103,-6.8147e-05,1
39.103,-3.8773e-05,1
39.104,-5.2705e-05,1
39.104,-5.2537e-05,1
39.105,-3.1724e-05,1
39.105,-2.0981e-05,1
39.106,-5.5222e-05,1
39.106,-0.00015962,1
39.107,-0.00027359,1
39.107,-0.00034896,1
39.108,-0.00036272,1
39.108,-0.00027913,1
39.109,-0.00014318,1
39.109,-3.7766e-05,1
39.11,7.8889e-06,1
39.111,3.5248e-06,1
39.111,1.796e-05,1
39.112,0.00010457,1
39.112,0.00025412,1
39.113,0.00041845,1
39.113,0.00055776,1
39.114,0.0006155,1
39.114,0.00054937,1
39.115,0.00039797,1
39.115,0.00024288,1
39.116,0.0001321,1
39.116,6.0426e-05,1
39.117,6.2104e-06,1
39.117,-3.4409e-05,1
39.118,-6.0258e-05,1
39.118,-7.8889e-05,1
39.119,-9.6513e-05,1
39.119,-0.00010961,1
39.12,-0.00010826,1
39.12,-0.00010642,1
39.121,-0.00011917,1
39.121,-0.00014838,1
39.122,-0.00018631,1
39.122,-0.0002125,1
39.123,-0.00020562,1
39.124,-0.00017003,1
39.124,-0.00014871,1
39.125,-0.00014452,1
39.125,-0.00010625,1
39.126,7.0497e-06,1
39.126,0.00017809,1
39.127,0.00030565,1
39.127,0.00031136,1
39.128,0.00024422,1
39.128,0.00024271,1
39.129,0.00031237,1
39.129,0.00033989,1
39.13,0.00026621,1
39.13,0.00013948,1
39.131,3.9277e-05,1
39.131,-1.6281e-05,1
39.132,-5.304e-05,1
39.132,-8.8792e-05,1
39.133,-0.00012824,1
39.133,-0.00016718,1
39.134,-0.00018732,1
39.134,-0.00018917,1
39.135,-0.00018682,1
39.135,-0.00017658,1
39.136,-0.00014536,1
39.136,-7.9393e-05,1
39.137,2.8534e-06,1
39.138,5.4887e-05,1
39.138,4.0116e-05,1
39.139,-1.6617e-05,1
39.139,-5.774e-05,1
39.14,-5.6901e-05,1
39.14,-3.0213e-05,1
39.141,-8.2246e-06,1
39.141,-3.8605e-06,1
39.142,-3.5248e-06,1
39.142,1.3931e-05,1
39.143,4.8173e-05,1
39.143,8.7449e-05,1
39.144,0.0001237,1
39.144,0.00014888,1
39.145,0.00014939,1
39.145,0.00012673,1
39.146,9.6513e-05,1
39.146,6.8818e-05,1
39.147,3.978e-05,1
39.147,9.9031e-06,1
39.148,-1.1246e-05,1
39.148,-2.0142e-05,1
39.149,-2.7695e-05,1
39.149,-3.9277e-05,1
39.15,-4.6494e-05,1
39.151,-3.9109e-05,1
39.151,-1.9638e-05,1
39.152,-6.8818e-06,1
39.152,-1.5274e-05,1
39.153,-4.9683e-05,1
39.153,-9.1981e-05,1
39.154,-0.00011162,1
39.154,-0.00010071,1
39.155,-7.9728e-05,1
39.155,-8.5435e-05,1
39.156,-0.00014452,1
39.156,-0.00021636,1
39.157,-0.00024019,1
39.157,-0.00018849,1
39.158,-9.0135e-05,1
39.158,5.7069e-06,1
39.159,8.0064e-05,1
39.159,0.00014217,1
39.16,0.00020528,1
39.16,0.00027074,1
39.161,0.00033687,1
39.161,0.00039445,1
39.162,0.00042684,1
39.162,0.00042214,1
39.163,0.00038152,1
39.163,0.00031136,1
39.164,0.00021871,1
39.165,0.00011984,1
39.165,1.6281e-05,1
39.166,-0.00010826,1
39.166,-0.00022962,1
39.167,-0.0002835,1
39.167,-0.00024019,1
39.168,-0.00014737,1
39.168,-5.8076e-05,1
39.169,3.1891e-06,1
39.169,3.8437e-05,1
39.17,3.8605e-05,1
39.17,2.5849e-05,1
39.171,6.714e-05,1
39.171,0.00017641,1
39.172,0.00028148,1
39.172,0.0003268,1
39.173,0.00030146,1
39.173,0.00022576,1
39.174,0.00013747,1
39.174,6.5629e-05,1
39.175,1.6449e-05,1
39.175,-1.1414e-05,1
39.176,-2.031e-05,1
39.176,-2.5177e-06,1
39.177,5.2705e-05,1
39.178,8.0064e-05,1
39.178,-7.2175e-06,1
39.179,-0.00018161,1
39.179,-0.00033922,1
39.18,-0.00038941,1
39.18,-0.00033687,1
39.181,-0.00025597,1
39.181,-0.00019521,1
39.182,-0.00015677,1
39.182,-0.0001284,1
39.183,-8.2918e-05,1
39.183,-1.6785e-07,1
39.184,7.5029e-05,1
39.184,8.7785e-05,1
39.185,6.4958e-05,1
39.185,7.2343e-05,1
39.186,9.2988e-05,1
39.186,6.2943e-05,1
39.187,3.8605e-06,1
39.187,-3.5752e-05,1
39.188,-4.5151e-05,1
39.188,-1.6785e-06,1
39.189,8.3421e-05,1
39.189,0.00015996,1
39.19,0.00021032,1
39.191,0.0001937,1
39.191,0.00010054,1
39.192,1.3092e-05,1
39.192,-3.0213e-06,1
39.193,5.8915e-05,1
39.193,0.0001462,1
39.194,0.00022643,1
39.194,0.00029928,1
39.195,0.00032932,1
39.195,0.00027175,1
39.196,0.00017406,1
39.196,0.00011514,1
39.197,8.1743e-05,1
39.197,2.9374e-05,1
39.198,-1.5274e-05,1
39.198,-2.4338e-05,1
39.199,-1.8631e-05,1
39.199,-2.6688e-05,1
39.2,-5.9922e-05,1
39.2,-0.00010172,1
39.201,-0.00012639,1
39.201,-0.0001279,1
39.202,-0.00011011,1
39.202,-7.9057e-05,1
39.203,-3.1556e-05,1
39.203,2.4506e-05,1
39.204,6.63e-05,1
39.205,7.805e-05,1
39.205,6.4958e-05,1
39.206,4.683e-05,1
39.206,2.8702e-05,1
39.207,2.8534e-06,1
39.207,-3.0549e-05,1
39.208,-5.8747e-05,1
39.208,-7.0665e-05,1
39.209,-7.2007e-05,1
39.209,-8.1407e-05,1
39.21,-0.00010843,1
39.21,-0.00012924,1
39.211,-0.00011951,1
39.211,-9.5842e-05,1
39.212,-8.5771e-05,1
39.212,-9.3828e-05,1
39.213,-8.9799e-05,1
39.213,-6.1265e-05,1
39.214,-3.7095e-05,1
39.214,-4.3977e-05,1
39.215,-9.3828e-05,1
39.215,-0.00015106,1
39.216,-0.00017121,1
39.216,-0.00015157,1
39.217,-0.00013294,1
39.218,-0.00013915,1
39.218,-0.0001519,1
39.219,-0.0001415,1
39.219,-0.00015291,1
39.22,-0.00018144,1
39.22,-9.7017e-05,1
39.221,5.4215e-05,1
39.221,0.00011749,1
39.222,0.00010726,1
39.222,0.0001373,1
39.223,0.00023818,1
39.223,0.00037967,1
39.224,0.00052285,1
39.224,0.00061114,1
39.225,0.00062272,1
39.225,0.00056112,1
39.226,0.00045303,1
39.226,0.00034443,1
39.227,0.00026638,1
39.227,0.00020259,1
39.228,0.00012689,1
39.228,3.6423e-05,1
39.229,-4.1794e-05,1
39.229,-7.3686e-05,1
39.23,-6.7475e-05,1
39.23,-5.8579e-05,1
39.231,-6.1601e-05,1
39.232,-7.8721e-05,1
39.232,-0.00010524,1
39.233,-0.00012773,1
39.233,-0.00013747,1
39.234,-0.00013915,1
39.234,-0.00013999,1
39.235,-0.00013915,1
39.235,-0.00014049,1
39.236,-0.00013982,1
39.236,-8.275e-05,1
39.237,3.0381e-05,1
39.237,8.9464e-05,1
39.238,4.3809e-05,1
39.238,-4.7837e-05,1
39.239,-0.00010541,1
39.239,-0.0001091,1
39.24,-9.0303e-05,1
39.24,-6.7979e-05,1
39.241,-3.5416e-05,1
39.241,-3.357e-07,1
39.242,3.4913e-05,1
39.242,7.3686e-05,1
39.243,9.5171e-05,1
39.243,8.51e-05,1
39.244,5.9922e-05,1
39.245,3.8773e-05,1
39.245,2.5177e-05,1
39.246,1.1582e-05,1
39.246,-1.326e-05,1
39.247,-7.4022e-05,1
39.247,-0.00015207,1
39.248,-0.00020024,1
39.248,-0.00023717,1
39.249,-0.00028215,1
39.249,-0.00029827,1
39.25,-0.0002793,1
39.25,-0.00025815,1
39.251,-0.00024288,1
39.251,-0.00020377,1
39.252,-0.00011833,1
39.252,2.6352e-05,1
39.253,0.00020847,1
39.253,0.00034023,1
39.254,0.00037246,1
39.254,0.00034426,1
39.255,0.00032915,1
39.255,0.0003597,1
39.256,0.00039562,1
39.256,0.00039327,1
39.257,0.00036507,1
39.257,0.00032747,1
39.258,0.00028182,1
39.259,0.00023348,1
39.259,0.00019857,1
39.26,0.00018161,1
39.26,0.00016835,1
39.261,0.00014133,1
39.261,0.00010004,1
39.262,5.9754e-05,1
39.262,2.6688e-05,1
39.263,-2.5177e-06,1
39.263,-3.0381e-05,1
39.264,-5.4047e-05,1
39.264,-6.0426e-05,1
39.265,-4.6159e-05,1
39.265,-3.0045e-05,1
39.266,-2.6688e-05,1
39.266,-3.592e-05,1
39.267,-5.304e-05,1
39.267,-7.3518e-05,1
39.268,-9.366e-05,1
39.268,-0.00011347,1
39.269,-0.00013579,1
39.269,-0.00014838,1
39.27,-0.00013294,1
39.27,-0.00010961,1
39.271,-0.00010893,1
39.272,-0.00014485,1
39.272,-0.00023046,1
39.273,-0.00032915,1
39.273,-0.00038303,1
39.274,-0.00037514,1
39.274,-0.00031354,1
39.275,-0.00022274,1
39.275,-0.00012908,1
39.276,-2.7695e-05,1
39.276,8.8121e-05,1
39.277,0.00023348,1
39.277,0.00040922,1
39.278,0.00056918,1
39.278,0.00064605,1
39.279,0.00059603,1
39.279,0.00045168,1
39.28,0.0002845,1
39.28,0.00014485,1
39.281,4.8844e-05,1
39.281,-1.2253e-05,1
39.282,-5.1865e-05,1
39.282,-8.275e-05,1
39.283,-0.00011431,1
39.283,-0.0001378,1
39.284,-0.00013848,1
39.284,-0.00011884,1
39.285,-0.00011817,1
39.286,-0.000165,1
39.286,-0.00021501,1
39.287,-0.00026033,1
39.287,-0.00030599,1
39.288,-0.00027578,1
39.288,-0.00015123,1
39.289,-2.7359e-05,1
39.289,4.2466e-05,1
39.29,7.7714e-05,1
39.29,0.0001561,1
39.291,0.00028988,1
39.291,0.00039998,1
39.292,0.00044396,1
39.292,0.00045235,1
39.293,0.00043456,1
39.293,0.00037984,1
39.294,0.00029424,1
39.294,0.00016416,1
39.295,2.0813e-05,1
39.295,-5.388e-05,1
39.296,-3.5752e-05,1
39.296,-4.1962e-06,1
39.297,-2.2324e-05,1
39.297,-8.2078e-05,1
39.298,-0.00014485,1
39.298,-0.00018195,1
39.299,-0.00018833,1
39.3,-0.00015879,1
39.3,-0.00011699,1
39.301,-6.5965e-05,1
39.301,1.8128e-05,1
39.302,0.00010423,1
39.302,0.00014418,1
39.303,0.00013512,1
39.303,0.00010239,1
39.304,7.1336e-05,1
39.304,3.3402e-05,1
39.305,-1.1749e-06,1
39.305,-4.5319e-06,1
39.306,1.4099e-05,1
39.306,7.7211e-06,1
39.307,-4.7501e-05,1
39.307,-0.00011145,1
39.308,-0.00014788,1
39.308,-0.00016281,1
39.309,-0.00017876,1
39.309,-0.00020427,1
39.31,-0.00021686,1
39.31,-0.0001702,1
39.311,-7.6036e-05,1
39.311,6.8818e-06,1
39.312,6.6972e-05,1
39.313,0.00011229,1
39.313,0.0001274,1
39.314,9.8863e-05,1
39.314,5.3544e-05,1
39.315,2.2492e-05,1
39.315,9.5674e-06,1
39.316,2.1317e-05,1
39.316,5.7572e-05,1
39.317,9.8527e-05,1
39.317,0.00013411,1
39.318,0.00020511,1
39.318,0.00032479,1
39.319,0.00037246,1
39.319,0.00026403,1
39.32,7.57e-05,1
39.32,-8.3085e-05,1
39.321,-0.0001791,1
39.321,-0.00025496,1
39.322,-0.00035114,1
39.322,-0.00044211,1
39.323,-0.0004829,1
39.323,-0.00042953,1
39.324,-0.00028736,1
39.324,-0.00011632,1
39.325,4.1794e-05,1
39.325,0.00016466,1
39.326,0.00024254,1
39.327,0.00029122,1
39.327,0.00034275,1
39.328,0.00040233,1
39.328,0.00045621,1
39.329,0.00048324,1
39.329,0.00046645,1
39.33,0.00038219,1
39.33,0.00024523,1
39.331,8.7785e-05,1
39.331,-5.5222e-05,1
39.332,-0.00014435,1
39.332,-0.00016399,1
39.333,-0.00013378,1
39.333,-8.6778e-05,1
39.334,-3.5752e-05,1
39.334,7.2175e-06,1
39.335,1.6281e-05,1
39.335,-2.9038e-05,1
39.336,-8.5603e-05,1
39.336,-7.0665e-05,1
39.337,-2.9709e-05,1
39.337,-8.4428e-05,1
39.338,-0.00022844,1
39.338,-0.00034141,1
39.339,-0.00035315,1
39.34,-0.00030716,1
39.34,-0.00026705,1
39.341,-0.00021736,1
39.341,-0.0001425,1
39.342,-6.6636e-05,1
39.342,1.4939e-05,1
39.343,0.00011867,1
39.343,0.00021602,1
39.344,0.0002934,1
39.344,0.00030716,1
39.345,0.00021149,1
39.345,7.0665e-05,1
39.346,-1.0239e-05,1
39.346,-6.8818e-06,1
39.347,2.6352e-05,1
39.347,4.9516e-05,1
39.348,4.1459e-05,1
39.348,1.5106e-05,1
39.349,3.1052e-05,1
39.349,9.1478e-05,1
39.35,0.00013646,1
39.35,0.00013881,1
39.351,0.00011531,1
39.351,8.6778e-05,1
39.352,4.8173e-05,1
39.352,-1.3596e-05,1
39.353,-8.8792e-05,1
39.354,-0.00014586,1
39.354,-0.0001514,1
39.355,-0.00014569,1
39.355,-0.00017691,1
39.356,-0.00019689,1
39.356,-0.00015409,1
39.357,-8.2918e-05,1
39.357,-2.1988e-05,1
39.358,3.3234e-05,1
39.358,0.00011028,1
39.359,0.00020562,1
39.359,0.0002751,1
39.36,0.00030381,1
39.36,0.00031472,1
39.361,0.000307,1
39.361,0.00028685,1
39.362,0.00028115,1
39.362,0.00027829,1
39.363,0.00024422,1
39.363,0.00019319,1
39.364,0.00014485,1
39.364,8.3589e-05,1
39.365,1.4603e-05,1
39.365,-1.6785e-06,1
39.366,1.4435e-05,1
39.367,-1.2253e-05,1
39.367,-0.00011431,1
39.368,-0.00025563,1
39.368,-0.00035651,1
39.369,-0.00035567,1
39.369,-0.00026168,1
39.37,-0.00014519,1
39.37,-6.949e-05,1
39.371,-4.1794e-05,1
39.371,-3.7934e-05,1
39.372,-2.9709e-05,1
39.372,7.8889e-06,1
39.373,8.3925e-05,1
39.373,0.00017305,1
39.374,0.00022911,1
39.374,0.00022324,1
39.375,0.00014485,1
39.375,8.896e-06,1
39.376,-0.00010944,1
39.376,-0.0001326,1
39.377,-4.5823e-05,1
39.377,6.0929e-05,1
39.378,0.00011464,1
39.378,0.00011246,1
39.379,8.8457e-05,1
39.38,7.2175e-05,1
39.38,4.448e-05,1
39.381,5.539e-06,1
39.381,-8.5603e-06,1
39.382,1.9303e-05,1
39.382,4.6159e-05,1
39.383,-2.4674e-05,1
39.383,-0.00015912,1
39.384,-0.00023969,1
39.384,-0.00023667,1
39.385,-0.00020494,1
39.385,-0.00018547,1
39.386,-0.00015979,1
39.386,-8.2414e-05,1
39.387,5.5558e-05,1
39.387,0.00020931,1
39.388,0.00034627,1
39.388,0.0004542,1
39.389,0.00052285,1
39.389,0.00053158,1
39.39,0.00047317,1
39.39,0.00038354,1
39.391,0.00028518,1
39.391,0.00018967,1
39.392,0.00011229,1
39.392,5.7908e-05,1
39.393,2.266e-05,1
39.394,-5.3712e-06,1
39.394,-4.9851e-05,1
39.395,-9.5338e-05,1
39.395,-0.00010591,1
39.396,-0.00013143,1
39.396,-0.00020511,1
39.397,-0.00029541,1
39.397,-0.00034879,1
39.398,-0.00034862,1
39.398,-0.00032412,1
39.399,-0.00028081,1
39.399,-0.00018396,1
39.4,-6.3615e-05,1
39.4,-1.6953e-05,1
39.401,-6.0426e-05,1
39.401,-0.00010625,1
39.402,-0.00010591,1
39.402,-0.00010642,1
39.403,-0.00011095,1
39.403,-8.4092e-05,1
39.404,-2.501e-05,1
39.404,4.4312e-05,1
39.405,9.2149e-05,1
39.405,0.00011179,1
39.406,0.000118,1
39.407,0.00011884,1
39.407,0.00012454,1
39.408,0.00014351,1
39.408,0.0001556,1
39.409,0.00017708,1
39.409,0.00025765,1
39.41,0.00032311,1
39.41,0.00026772,1
39.411,9.752e-05,1
39.411,-9.2485e-05,1
39.412,-0.000236,1
39.412,-0.00034527,1
39.413,-0.00040133,1
39.413,-0.00037028,1
39.414,-0.00027208,1
39.414,-0.00016667,1
39.415,-0.00010658,1
39.415,-8.6107e-05,1
39.416,-5.9586e-05,1
39.416,-3.6927e-06,1
39.417,7.7546e-05,1
39.417,0.00017305,1
39.418,0.00020629,1
39.418,0.00013797,1
39.419,7.3854e-06,1
39.419,-0.00014368,1
39.42,-0.00026436,1
39.421,-0.000308,1
39.421,-0.0002506,1
39.422,-0.00011363,1
39.422,6.2608e-05,1
39.423,0.00024657,1
39.423,0.00041274,1
39.424,0.00056515,1
39.424,0.00069741,1
39.425,0.0007716,1
39.425,0.00076522,1
39.426,0.00067861,1
39.426,0.00053158,1
39.427,0.00035735,1
39.427,0.00020327,1
39.428,0.00010054,1
39.428,4.2802e-05,1
39.429,6.5461e-06,1
39.429,-2.4506e-05,1
39.43,-6.244e-05,1
39.43,-0.00010692,1
39.431,-0.00014687,1
39.431,-0.00016248,1
39.432,-0.00013747,1
39.432,-8.5267e-05,1
39.433,-4.3305e-05,1
39.434,-3.9109e-05,1
39.434,-4.4816e-05,1
39.435,1.5946e-05,1
39.435,0.00012102,1
39.436,0.00015392,1
39.436,6.6972e-05,1
39.437,-6.8147e-05,1
39.437,-0.00015962,1
39.438,-0.00021149,1
39.438,-0.00025748,1
39.439,-0.00029676,1
39.439,-0.00031287,1
39.44,-0.00029961,1
39.44,-0.00024422,1
39.441,-0.00016886,1
39.441,-0.00011498,1
39.442,-8.1071e-05,1
39.442,-4.448e-05,1
39.443,-7.2175e-06,1
39.443,6.8818e-06,1
39.444,-1.6281e-05,1
39.444,-6.949e-05,1
39.445,-0.00011699,1
39.445,-0.00015476,1
39.446,-0.00020293,1
39.446,-0.00024976,1
39.447,-0.0002558,1
39.448,-0.00020578,1
39.448,-0.00012454,1
39.449,-3.7095e-05,1
39.449,7.3014e-05,1
39.45,0.00020394,1
39.45,0.00029374,1
39.451,0.00030935,1
39.451,0.00030666,1
39.452,0.00031539,1
39.452,0.00029827,1
39.453,0.00023986,1
39.453,0.0001744,1
39.454,0.0001237,1
39.454,8.7785e-05,1
39.455,6.9322e-05,1
39.455,7.0665e-05,1
39.456,9.0471e-05,1
39.456,0.0001321,1
39.457,0.00018849,1
39.457,0.00019051,1
39.458,0.00010776,1
39.458,-6.5461e-06,1
39.459,-8.9464e-05,1
39.459,-0.0001232,1
39.46,-0.00013411,1
39.461,-0.0002036,1
39.461,-0.00030884,1
39.462,-0.00032126,1
39.462,-0.00021149,1
39.463,-4.5151e-05,1
39.463,0.00012605,1
39.464,0.00021132,1
39.464,0.00017473,1
39.465,0.00011095,1
39.465,7.2007e-05,1
39.466,2.5681e-05,1
39.466,-5.1194e-05,1
39.467,-0.00013025,1
39.467,-0.0001707,1
39.468,-0.00017372,1
39.468,-0.0001514,1
39.469,-9.5506e-05,1
39.469,-2.3499e-06,1
39.47,0.00010944,1
39.47,0.00021837,1
39.471,0.00034426,1
39.471,0.00048324,1
39.472,0.00060375,1
39.472,0.0006531,1
39.473,0.00058529,1
39.473,0.0004119,1
39.474,0.00017641,1
39.475,-3.8773e-05,1
39.475,-0.00018178,1
39.476,-0.00026436,1
39.476,-0.00025446,1
39.477,-0.0001509,1
39.477,-5.1698e-05,1
39.478,-2.4338e-05,1
39.478,-7.7714e-05,1
39.479,-0.0001331,1
39.479,-0.00012639,1
39.48,-4.9348e-05,1
39.48,7.3014e-05,1
39.481,0.00019554,1
39.481,0.00027208,1
39.482,0.00029306,1
39.482,0.00026671,1
39.483,0.00018547,1
39.483,7.4693e-05,1
39.484,-1.9471e-05,1
39.484,-7.7043e-05,1
39.485,-0.00011179,1
39.485,-0.0001373,1
39.486,-0.0001603,1
39.486,-0.00017372,1
39.487,-0.000165,1
39.487,-0.00013193,1
39.488,-9.2821e-05,1
39.489,-7.4022e-05,1
39.489,-8.5939e-05,1
39.49,-0.00011313,1
39.49,-0.00012303,1
39.491,-0.00011984,1
39.491,-0.00012908,1
39.492,-0.00014401,1
39.492,-0.00015761,1
39.493,-0.00017171,1
39.493,-0.00018262,1
39.494,-0.00017456,1
39.494,-0.00015073,1
39.495,-0.00011598,1
39.495,-7.1168e-05,1
39.496,-1.8296e-05,1
39.496,2.7527e-05,1
39.497,5.3208e-05,1
39.497,8.4428e-05,1
39.498,0.00014083,1
39.498,0.00018984,1
39.499,0.00020444,1
39.499,0.00019521,1
39.5,0.00018782,1
39.5,0.00018212,1
39.501,0.00015694,1
39.502,0.00012874,1
39.502,0.00011397,1
39.503,0.00010994,1
39.503,0.00011632,1
39.504,0.00012337,1
39.504,0.00011179,1
39.505,5.8747e-05,1
39.505,1.2421e-05,1
39.506,5.8076e-05,1
39.506,0.00017641,1
39.507,0.00027645,1
39.507,0.00027276,1
39.508,0.00015929,1
39.508,2.1653e-05,1
39.509,-5.4215e-05,1
39.509,-7.9561e-05,1
39.51,-0.00010407,1
39.51,-0.00013378,1
39.511,-0.00014788,1
39.511,-0.0001509,1
39.512,-0.00015744,1
39.512,-0.00016097,1
39.513,-0.00015358,1
39.513,-0.00016349,1
39.514,-0.00021552,1
39.514,-0.00030431,1
39.515,-0.00037498,1
39.516,-0.00037615,1
39.516,-0.00031136,1
39.517,-0.00021569,1
39.517,-0.00013864,1
39.518,-8.4764e-05,1
39.518,-2.8534e-06,1
39.519,0.00012186,1
39.519,0.00026235,1
39.52,0.00039696,1
39.52,0.00049331,1
39.521,0.00052134,1
39.521,0.00047921,1
39.522,0.00039495,1
39.522,0.00030666,1
39.523,0.00023583,1
39.523,0.00019588,1
39.524,0.00018698,1
39.524,0.00019722,1
39.525,0.00021971,1
39.525,0.00029659,1
39.526,0.00039797,1
39.526,0.00040385,1
39.527,0.00026436,1
39.527,6.7308e-05,1
39.528,-7.6539e-05,1
39.529,-0.00013797,1
39.529,-0.00015895,1
39.53,-0.00016986,1
39.53,-0.0001613,1
39.531,-0.00012807,1
39.531,-6.865e-05,1
39.532,-5.539e-06,1
39.532,1.1917e-05,1
39.533,-2.9374e-05,1
39.533,-9.8192e-05,1
39.534,-0.00015509,1
39.534,-0.00018715,1
39.535,-0.00020461,1
39.535,-0.00022055,1
39.536,-0.00024724,1
39.536,-0.00028971,1
39.537,-0.00030901,1
39.537,-0.00027611,1
39.538,-0.00024405,1
39.538,-0.0002647,1
39.539,-0.00032932,1
39.539,-0.00039126,1
39.54,-0.00041912,1
39.54,-0.00039763,1
39.541,-0.00029592,1
39.541,-0.00013277,1
39.542,2.6352e-05,1
39.543,0.0001462,1
39.543,0.00023348,1
39.544,0.00034627,1
39.544,0.00047921,1
39.545,0.00056716,1
39.545,0.00062625,1
39.546,0.00066418,1
39.546,0.00062557,1
39.547,0.00049868,1
39.547,0.00033721,1
39.548,0.00020528,1
39.548,0.00012203,1
39.549,7.8218e-05,1
39.549,6.6133e-05,1
39.55,6.6804e-05,1
39.55,5.3208e-05,1
39.551,4.3977e-05,1
39.551,6.9322e-05,1
39.552,8.275e-05,1
39.552,3.9445e-05,1
39.553,-3.0549e-05,1
39.553,-8.0903e-05,1
39.554,-0.00010726,1
39.554,-0.00011733,1
39.555,-0.00011162,1
39.556,-8.9128e-05,1
39.556,-6.1265e-05,1
39.557,-3.7766e-05,1
39.557,-1.091e-05,1
39.558,1.5946e-05,1
39.558,6.5965e-05,1
39.559,0.00013613,1
39.559,0.00013462,1
39.56,1.9974e-05,1
39.56,-0.00015157,1
39.561,-0.0003592,1
39.561,-0.0005529,1
39.562,-0.00063027,1
39.562,-0.00056901,1
39.563,-0.00043238,1
39.563,-0.00029139,1
39.564,-0.00014939,1
39.564,2.6688e-05,1
39.565,0.00021518,1
39.565,0.0003738,1
39.566,0.00048911,1
39.566,0.00055373,1
39.567,0.00055373,1
39.567,0.0004918,1
39.568,0.00038891,1
39.569,0.000284,1
39.569,0.00020159,1
39.57,0.00012505,1
39.57,4.062e-05,1
39.571,-2.887e-05,1
39.571,-5.9251e-05,1
39.572,-3.7095e-05,1
39.572,1.5946e-05,1
39.573,4.0452e-05,1
39.573,4.6998e-06,1
39.574,-6.4622e-05,1
39.574,-0.00012236,1
39.575,-0.00014301,1
39.575,-0.00011766,1
39.576,-6.6133e-05,1
39.576,-2.8534e-05,1
39.577,-4.2802e-05,1
39.577,-0.00010121,1
39.578,-0.0001472,1
39.578,-0.00016735,1
39.579,-0.00019403,1
39.579,-0.0002454,1
39.58,-0.00027594,1
39.58,-0.00022425,1
39.581,-0.00010961,1
39.581,-4.8676e-06,1
39.582,5.1362e-05,1
39.583,9.3828e-05,1
39.583,0.00016667,1
39.584,0.00026151,1
39.584,0.00033268,1
39.585,0.00035634,1
39.585,0.00033452,1
39.586,0.00026923,1
39.586,0.0001848,1
39.587,0.00010507,1
39.587,3.4073e-05,1
39.588,-3.8605e-06,1
39.588,-6.714e-07,1
39.589,5.2033e-06,1
39.589,-8.5603e-06,1
39.59,-1.9303e-05,1
39.59,1.6785e-07,1
39.591,5.7572e-05,1
39.591,0.0001561,1
39.592,0.00025966,1
39.592,0.00027141,1
39.593,0.00012471,1
39.593,-9.7185e-05,1
39.594,-0.00025077,1
39.594,-0.00029709,1
39.595,-0.00028115,1
39.596,-0.00024959,1
39.596,-0.00021837,1
39.597,-0.00018077,1
39.597,-0.0001232,1
39.598,-8.4428e-05,1
39.598,-9.2821e-05,1
39.599,-9.6849e-05,1
39.599,-6.3951e-05,1
39.6,3.8605e-06,1
39.6,6.9322e-05,1
39.601,7.2007e-05,1
39.601,3.508e-05,1
39.602,1.3931e-05,1
39.602,-1.0239e-05,1
39.603,-6.3783e-05,1
39.603,-0.00013848,1
39.604,-0.00018413,1
39.604,-0.00017977,1
39.605,-0.00013629,1
39.605,-1.7624e-05,1
39.606,0.0001697,1
39.606,0.00032663,1
39.607,0.00035685,1
39.607,0.00027846,1
39.608,0.00019252,1
39.608,0.00015207,1
39.609,0.0001556,1
39.61,0.00017708,1
39.61,0.00019789,1
39.611,0.00020629,1
39.611,0.00021804,1
39.612,0.00023264,1
39.612,0.00021434,1
39.613,0.00016097,1
39.613,0.00010625,1
39.614,6.865e-05,1
39.614,4.6159e-05,1
39.615,2.2492e-05,1
39.615,-1.9974e-05,1
39.616,-8.1071e-05,1
39.616,-0.0001279,1
39.617,-0.00016332,1
39.617,-0.00023935,1
39.618,-0.00035601,1
39.618,-0.00044195,1
39.619,-0.00044866,1
39.619,-0.00040855,1
39.62,-0.00038119,1
39.62,-0.00035651,1
39.621,-0.00027561,1
39.621,-0.00013596,1
39.622,3.6423e-05,1
39.623,0.00022408,1
39.623,0.00039109,1
39.624,0.00051916,1
39.624,0.0005863,1
39.625,0.0005576,1
39.625,0.0004453,1
39.626,0.00033083,1
39.626,0.00024858,1
39.627,9.9535e-05,1
39.627,-8.7282e-05,1
39.628,-0.00023532,1
39.628,-0.00034224,1
39.629,-0.00040418,1
39.629,-0.00040804,1
39.63,-0.00034359,1
39.63,-0.00022374,1
39.631,-8.8289e-05,1
39.631,6.1601e-05,1
39.632,0.00025396,1
39.632,0.00045823,1
39.633,0.00058495,1
39.633,0.00060946,1
39.634,0.00055776,1
39.634,0.00045638,1
39.635,0.00033553,1
39.635,0.00021367,1
39.636,0.00010457,1
39.637,1.9974e-05,1
39.637,-3.1724e-05,1
39.638,-5.9922e-05,1
39.638,-8.191e-05,1
39.639,-9.752e-05,1
39.639,-0.00010373,1
39.64,-0.00010558,1
39.64,-0.00010474,1
39.641,-0.00010071,1
39.641,-9.4667e-05,1
39.642,-8.3253e-05,1
39.642,-6.8147e-05,1
39.643,-5.153e-05,1
39.643,-3.3234e-05,1
39.644,-2.031e-05,1
39.644,-1.9303e-05,1
39.645,-2.5345e-05,1
39.645,-3.1388e-05,1
39.646,-3.7095e-05,1
39.646,-4.5151e-05,1
39.647,-5.388e-05,1
39.647,-5.9586e-05,1
39.648,-6.1601e-05,1
39.648,-5.8747e-05,1
39.649,-5.4887e-05,1
39.65,-5.4047e-05,1
39.65,-5.7069e-05,1
39.651,-6.7308e-05,1
39.651,-8.7114e-05,1
39.652,-0.00010591,1
39.652,-9.8695e-05,1
39.653,-2.7527e-05,1
39.653,5.153e-05,1
39.654,2.5681e-05,1
39.654,-0.00011296,1
39.655,-0.0002835,1
39.655,-0.00039864,1
39.656,-0.00042516,1
39.656,-0.00039008,1
39.657,-0.00031707,1
39.657,-0.0002041,1
39.658,-5.9419e-05,1
39.658,0.0001086,1
39.659,0.00029525,1
39.659,0.00047686,1
39.66,0.00058042,1
39.66,0.00055558,1
39.661,0.0004307,1
39.661,0.00028988,1
39.662,0.00020024,1
39.662,0.00016097,1
39.663,0.00013881,1
39.664,0.00012102,1
39.664,0.00010927,1
39.665,9.987e-05,1
39.665,0.00010356,1
39.666,0.00012387,1
39.666,0.00014267,1
39.667,0.00015895,1
39.667,0.00017893,1
39.668,0.00017876,1
39.668,0.00013411,1
39.669,6.009e-05,1
39.669,-1.1582e-05,1
39.67,-6.2104e-05,1
39.67,-9.4667e-05,1
39.671,-0.00010961,1
39.671,-9.8695e-05,1
39.672,-7.4861e-05,1
39.672,-5.304e-05,1
39.673,-3.827e-05,1
39.673,-4.3137e-05,1
39.674,-6.5965e-05,1
39.674,-7.9057e-05,1
39.675,-7.3518e-05,1
39.675,-5.4551e-05,1
39.676,-3.1388e-05,1
39.676,-7.5532e-06,1
39.677,1.6785e-05,1
39.678,3.743e-05,1
39.678,5.2873e-05,1
39.679,6.7308e-05,1
39.679,7.805e-05,1
39.68,7.1e-05,1
39.68,4.213e-05,1
39.681,7.8889e-06,1
39.681,-1.1582e-05,1
39.682,-1.2924e-05,1
39.682,-1.6617e-05,1
39.683,-5.4551e-05,1
39.683,-9.9367e-05,1
39.684,-0.00010256,1
39.684,-5.5726e-05,1
39.685,5.2201e-05,1
39.685,0.00018816,1
39.686,0.00019521,1
39.686,1.3428e-05,1
39.687,-0.0002365,1
39.687,-0.00041006,1
39.688,-0.00048391,1
39.688,-0.00049818,1
39.689,-0.00045823,1
39.689,-0.00037011,1
39.69,-0.00024204,1
39.691,-6.3279e-05,1
39.691,0.00017339,1
39.692,0.00041711,1
39.692,0.00057186,1
39.693,0.00060678,1
39.693,0.00058495,1
39.694,0.00053863,1
39.694,0.00043154,1
39.695,0.00026235,1
39.695,0.0001472,1
39.696,0.00013277,1
39.696,0.00012236,1
39.697,4.8173e-05,1
39.697,-7.0329e-05,1
39.698,-0.00018698,1
39.698,-0.00025127,1
39.699,-0.00024959,1
39.699,-0.00017121,1
39.7,-6.2272e-05,1
39.7,-3.978e-05,1
39.701,-8.2414e-05,1
39.701,-5.4719e-05,1
39.702,7.8721e-05,1
39.702,0.00020562,1
39.703,0.00023297,1
39.703,0.00020209,1
39.704,0.00018346,1
39.705,0.00018581,1
39.705,0.00019454,1
39.706,0.00019454,1
39.706,0.00017406,1
39.707,0.00011632,1
39.707,2.9038e-05,1
39.708,-4.5487e-05,1
39.708,-8.3421e-05,1
39.709,-8.9464e-05,1
39.709,-6.8315e-05,1
39.71,-1.0239e-05,1
39.71,6.2776e-05,1
39.711,7.805e-05,1
39.711,3.1388e-05,1
39.712,-3.3738e-05,1
39.712,-8.661e-05,1
39.713,-0.00012052,1
39.713,-0.00014183,1
39.714,-0.00015828,1
39.714,-0.00017372,1
39.715,-0.0001697,1
39.715,-0.0001561,1
39.716,-0.00018547,1
39.716,-0.00027494,1
39.717,-0.00035886,1
39.718,-0.00039294,1
39.718,-0.0003884,1
39.719,-0.00036222,1
39.719,-0.00033738,1
39.72,-0.00029508,1
39.72,-0.00019303,1
39.721,-6.479e-05,1
39.721,4.1794e-05,1
39.722,0.00012303,1
39.722,0.00018245,1
39.723,0.00023465,1
39.723,0.000307,1
39.724,0.00040703,1
39.724,0.000497,1
39.725,0.00055172,1
39.725,0.00058529,1
39.726,0.00058982,1
39.726,0.00054836,1
39.727,0.00046242,1
39.727,0.00034224,1
39.728,0.00022005,1
39.728,0.00013143,1
39.729,8.3925e-05,1
39.729,5.1194e-05,1
39.73,1.4099e-05,1
39.73,-1.796e-05,1
39.731,-2.9709e-05,1
39.732,-2.7695e-05,1
39.732,-3.1724e-05,1
39.733,-4.3641e-05,1
39.733,-5.6062e-05,1
39.734,-6.865e-05,1
39.734,-8.4764e-05,1
39.735,-0.00010356,1
39.735,-0.00012068,1
39.736,-0.00012941,1
39.736,-0.00012757,1
39.737,-0.00011028,1
39.737,-5.8915e-05,1
39.738,3.122e-05,1
39.738,8.9799e-05,1
39.739,6.5461e-05,1
39.739,-2.5681e-05,1
39.74,-0.00012673,1
39.74,-0.00019672,1
39.741,-0.00021955,1
39.741,-0.00020209,1
39.742,-0.00017003,1
39.742,-0.00014435,1
39.743,-0.00012924,1
39.743,-0.00010474,1
39.744,-5.9586e-05,1
39.745,-4.1962e-06,1
39.745,5.0187e-05,1
39.746,8.8792e-05,1
39.746,9.6178e-05,1
39.747,7.2007e-05,1
39.747,2.8031e-05,1
39.748,-1.2757e-05,1
39.748,-2.9038e-05,1
39.749,-2.0981e-05,1
39.749,-8.3925e-07,1
39.75,2.182e-05,1
39.75,3.9277e-05,1
39.751,5.1194e-05,1
39.751,6.2776e-05,1
39.752,7.4189e-05,1
39.752,8.9128e-05,1
39.753,0.00010726,1
39.753,0.00011766,1
39.754,0.0001086,1
39.754,8.0735e-05,1
39.755,3.8605e-05,1
39.755,-1.6617e-05,1
39.756,-8.1407e-05,1
39.756,-0.00013277,1
39.757,-0.00014485,1
39.758,-0.00012438,1
39.758,-0.00010105,1
39.759,-8.8792e-05,1
39.759,-5.9922e-05,1
39.76,6.0426e-06,1
39.76,9.5338e-05,1
39.761,0.00018245,1
39.761,0.00024623,1
39.762,0.0002892,1
39.762,0.00030565,1
39.763,0.0002882,1
39.763,0.00025228,1
39.764,0.00020058,1
39.764,0.0001274,1
39.765,3.3738e-05,1
39.765,-7.1336e-05,1
39.766,-0.00018782,1
39.766,-0.00028014,1
39.767,-0.00030515,1
39.767,-0.00026839,1
39.768,-0.00020914,1
39.768,-0.00015459,1
39.769,-0.00011112,1
39.769,-6.8482e-05,1
39.77,4.8676e-06,1
39.77,0.00012538,1
39.771,0.00028568,1
39.772,0.00043825,1
39.772,0.00051278,1
39.773,0.00047988,1
39.773,0.00038119,1
39.774,0.00027343,1
39.774,0.00018614,1
39.775,0.00012639,1
39.775,8.5771e-05,1
39.776,3.4745e-05,1
39.776,-1.7624e-05,1
39.777,-3.1724e-05,1
39.777,-1.3596e-05,1
39.778,1.1917e-05,1
39.778,2.266e-05,1
39.779,-3.1388e-05,1
39.779,-0.00013613,1
39.78,-0.00020679,1
39.78,-0.00020075,1
39.781,-0.00010054,1
39.781,5.9419e-05,1
39.782,0.00013713,1
39.782,1.4267e-05,1
39.783,-0.00022979,1
39.783,-0.00040821,1
39.784,-0.00042533,1
39.785,-0.00033603,1
39.785,-0.00023197,1
39.786,-0.00016298,1
39.786,-0.00012253,1
39.787,-7.6539e-05,1
39.787,6.2104e-06,1
39.788,0.0001462,1
39.788,0.0002929,1
39.789,0.00034426,1
39.789,0.0002939,1
39.79,0.00021065,1
39.79,0.00014418,1
39.791,8.5267e-05,1
39.791,1.0575e-05,1
39.792,-4.8005e-05,1
39.792,-4.7166e-05,1
39.793,2.2995e-05,1
39.793,0.00012488,1
39.794,0.00019907,1
39.794,0.00022475,1
39.795,0.00021938,1
39.795,0.00020729,1
39.796,0.00020377,1
39.796,0.0002078,1
39.797,0.00020327,1
39.797,0.00016818,1
39.798,0.00010826,1
39.799,4.4984e-05,1
39.799,-5.0355e-07,1
39.8,-2.8367e-05,1
39.8,-5.7908e-05,1
39.801,-0.0001086,1
39.801,-0.00014116,1
39.802,-0.00011649,1
39.802,-9.9702e-05,1
39.803,-0.00017356,1
39.803,-0.00030632,1
39.804,-0.00039864,1
39.804,-0.00041979,1
39.805,-0.00038672,1
39.805,-0.00029575,1
39.806,-0.00017238,1
39.806,-5.8579e-05,1
39.807,4.2466e-05,1
39.807,7.1e-05,1
39.808,2.9038e-05,1
39.808,-3.4913e-05,1
39.809,-8.7114e-05,1
39.809,-8.2414e-05,1
39.81,1.0239e-05,1
39.81,0.00014989,1
39.811,0.00028551,1
39.812,0.00045638,1
39.812,0.00061282,1
39.813,0.00059704,1
39.813,0.0004067,1
39.814,0.00018514,1
39.814,6.1601e-05,1
39.815,4.213e-05,1
39.815,3.8605e-05,1
39.816,9.2317e-06,1
39.816,-6.8818e-06,1
39.817,-4.3641e-06,1
39.817,2.5849e-05,1
39.818,7.0665e-05,1
39.818,7.8889e-05,1
39.819,3.8437e-05,1
39.819,-2.9206e-05,1
39.82,-0.00010188,1
39.82,-0.000142,1
39.821,-0.00010625,1
39.821,-1.9303e-05,1
39.822,4.7669e-05,1
39.822,5.539e-05,1
39.823,2.0645e-05,1
39.823,-1.9974e-05,1
39.824,-4.5991e-05,1
39.824,-5.3376e-05,1
39.825,-5.2873e-05,1
39.826,-5.7404e-05,1
39.826,-6.1265e-05,1
39.827,-5.8412e-05,1
39.827,-5.4551e-05,1
39.828,-5.623e-05,1
39.828,-5.9586e-05,1
39.829,-5.4215e-05,1
39.829,-4.4984e-05,1
39.83,-3.6088e-05,1
39.83,-2.652e-05,1
39.831,-4.683e-05,1
39.831,-9.1981e-05,1
39.832,-0.00011666,1
39.832,-9.752e-05,1
39.833,-5.5894e-05,1
39.833,-2.5345e-05,1
39.834,-2.0981e-05,1
39.834,-4.3473e-05,1
39.835,-8.1743e-05,1
39.835,-0.00011296,1
39.836,-0.00011565,1
39.836,-9.0135e-05,1
39.837,-5.6901e-05,1
39.837,-3.6591e-05,1
39.838,-2.6688e-05,1
39.839,-5.8747e-06,1
39.839,2.9541e-05,1
39.84,7.1336e-05,1
39.84,0.00012522,1
39.841,0.00019252,1
39.841,0.00025631,1
39.842,0.00029055,1
39.842,0.00028249,1
39.843,0.00024472,1
39.843,0.00019756,1
39.844,0.00016332,1
39.844,0.00015459,1
39.845,0.00015224,1
39.845,0.00012253,1
39.846,6.0258e-05,1
39.846,-6.3783e-06,1
39.847,-5.1362e-05,1
39.847,-6.8315e-05,1
39.848,-7.1e-05,1
39.848,-7.0329e-05,1
39.849,-6.1601e-05,1
39.849,-3.8102e-05,1
39.85,-8.896e-06,1
39.85,1.5946e-05,1
39.851,4.5151e-05,1
39.851,8.2582e-05,1
39.852,0.0001133,1
39.853,0.00012119,1
39.853,0.00010507,1
39.854,8.0903e-05,1
39.854,6.4286e-05,1
39.855,5.4719e-05,1
39.855,4.2802e-05,1
39.856,3.0045e-05,1
39.856,1.8631e-05,1
39.857,9.2317e-06,1
39.857,5.0355e-07,1
39.858,-9.5674e-06,1
39.858,-1.7121e-05,1
39.859,-2.0478e-05,1
39.859,-2.1653e-05,1
39.86,-2.0981e-05,1
39.86,-1.9135e-05,1
39.861,-1.7792e-05,1
39.861,-1.7624e-05,1
39.862,-1.8967e-05,1
39.862,-2.7192e-05,1
39.863,-4.4816e-05,1
39.863,-6.7811e-05,1
39.864,-8.6107e-05,1
39.864,-9.3324e-05,1
39.865,-8.4428e-05,1
39.865,-5.9754e-05,1
39.866,-2.3667e-05,1
39.867,1.3596e-05,1
39.867,4.6494e-05,1
39.868,7.1e-05,1
39.868,8.3421e-05,1
39.869,8.3085e-05,1
39.869,7.2343e-05,1
39.87,5.623e-05,1
39.87,3.978e-05,1
39.871,2.7024e-05,1
39.871,2.4002e-05,1
39.872,2.6017e-05,1
39.872,2.7192e-05,1
39.873,3.4577e-05,1
39.873,4.4144e-05,1
39.874,3.3234e-05,1
39.874,-1.9974e-05,1
39.875,-9.6849e-05,1
39.875,-0.00016197,1
39.876,-0.00020293,1
39.876,-0.00022878,1
39.877,-0.0002511,1
39.877,-0.00024154,1
39.878,-0.00017691,1
39.878,-7.1336e-05,1
39.879,3.6088e-05,1
39.88,0.00012605,1
39.88,0.00020209,1
39.881,0.00027108,1
39.881,0.0003221,1
39.882,0.00034493,1
39.882,0.00034426,1
39.883,0.00031791,1
39.883,0.00025127,1
39.884,0.00016063,1
39.884,8.0735e-05,1
39.885,1.091e-05,1
39.885,-6.1936e-05,1
39.886,-0.00010692,1
39.886,-9.0974e-05,1
39.887,-1.9806e-05,1
39.887,6.2104e-05,1
39.888,0.00012337,1
39.888,0.00014855,1
39.889,0.00012605,1
39.889,8.04e-05,1
39.89,5.388e-05,1
39.89,6.5126e-05,1
39.891,9.6513e-05,1
39.891,0.00011598,1
39.892,0.00011833,1
39.892,0.00011917,1
39.893,9.2485e-05,1
39.894,-9.2317e-06,1
39.894,-0.00014401,1
39.895,-0.00021703,1
39.895,-0.0002083,1
39.896,-0.00018212,1
39.896,-0.00021065,1
39.897,-0.00027208,1
39.897,-0.00028132,1
39.898,-0.00020545,1
39.898,-7.3518e-05,1
39.899,7.2343e-05,1
39.899,0.00019705,1
39.9,0.00029055,1
39.9,0.00034476,1
39.901,0.00035433,1
39.901,0.00034879,1
39.902,0.00035282,1
39.902,0.00035735,1
39.903,0.00032982,1
39.903,0.00025563,1
39.904,0.00016164,1
39.904,7.2343e-05,1
39.905,-1.2253e-05,1
39.905,-8.3253e-05,1
39.906,-0.00011464,1
39.907,-0.00010558,1
39.907,-8.3085e-05,1
39.908,-8.5771e-05,1
39.908,-0.00012404,1
39.909,-0.00014318,1
39.909,-0.0001284,1
39.91,-0.0001232,1
39.91,-0.00018514,1
39.911,-0.00029021,1
39.911,-0.00035383,1
39.912,-0.00034577,1
39.912,-0.00027494,1
39.913,-0.0001519,1
39.913,1.6785e-07,1
39.914,0.00016281,1
39.914,0.00030431,1
39.915,0.00039596,1
39.915,0.00042953,1
39.916,0.00040972,1
39.916,0.00034208,1
39.917,0.00024691,1
39.917,0.00015996,1
39.918,9.1478e-05,1
39.918,3.3066e-05,1
39.919,-1.3596e-05,1
39.919,-4.3137e-05,1
39.92,-6.7308e-05,1
39.921,-9.3996e-05,1
39.921,-0.00011649,1
39.922,-0.00012924,1
39.922,-0.00014636,1
39.923,-0.00018245,1
39.923,-0.00022039,1
39.924,-0.00022811,1
39.924,-0.00020629,1
39.925,-0.00018329,1
39.925,-0.00016869,1
39.926,-0.00015744,1
39.926,-0.00014469,1
39.927,-0.00012303,1
39.927,-8.6946e-05,1
39.928,-3.0381e-05,1
39.928,4.1123e-05,1
39.929,0.00011397,1
39.929,0.00017406,1
39.93,0.00020394,1
39.93,0.00019857,1
39.931,0.00017842,1
39.931,0.00015224,1
39.932,0.0001138,1
39.932,7.4357e-05,1
39.933,4.4648e-05,1
39.934,2.3331e-05,1
39.934,7.8889e-06,1
39.935,-1.1749e-06,1
39.935,-6.0426e-06,1
39.936,-6.8818e-06,1
39.936,-2.3499e-06,1
39.937,1.0575e-05,1
39.937,3.2395e-05,1
39.938,5.5558e-05,1
39.938,6.5126e-05,1
39.939,5.6565e-05,1
39.939,3.8437e-05,1
39.94,1.8631e-05,1
39.94,4.3641e-06,1
39.941,1.5946e-05,1
39.941,5.2201e-05,1
39.942,8.2918e-05,1
39.942,8.5771e-05,1
39.943,5.7237e-05,1
39.943,7.2175e-06,1
39.944,-4.8005e-05,1
39.944,-8.8457e-05,1
39.945,-9.7185e-05,1
39.945,-7.9225e-05,1
39.946,-5.3376e-05,1
39.947,-2.4842e-05,1
39.947,9.0639e-06,1
39.948,3.743e-05,1
39.948,3.5752e-05,1
39.949,-6.0426e-06,1
39.949,-4.3305e-05,1
39.95,-4.4144e-05,1
39.95,-2.2492e-05,1
39.951,5.0355e-07,1
39.951,1.4099e-05,1
39.952,1.9471e-05,1
39.952,2.1653e-05,1
39.953,2.5345e-05,1
39.953,3.2731e-05,1
39.954,4.3977e-05,1
39.954,5.8915e-05,1
39.955,6.5461e-05,1
39.955,6.7643e-05,1
39.956,8.2582e-05,1
39.956,0.00010289,1
39.957,0.00010675,1
39.957,9.5506e-05,1
39.958,8.9128e-05,1
39.958,8.9128e-05,1
39.959,8.5435e-05,1
39.959,7.9057e-05,1
39.96,7.3182e-05,1
39.961,6.4958e-05,1
39.961,5.2033e-05,1
39.962,3.6255e-05,1
39.962,2.6017e-05,1
39.963,2.8367e-05,1
39.963,3.508e-05,1
39.964,3.3234e-05,1
39.964,1.6281e-05,1
39.965,-1.561e-05,1
39.965,-6.5629e-05,1
39.966,-0.00012421,1
39.966,-0.00015929,1
39.967,-0.00016147,1
39.967,-0.00014955,1
39.968,-0.00013848,1
39.968,-0.00013243,1
39.969,-0.00012236,1
39.969,-8.8457e-05,1
39.97,-2.8367e-05,1
39.97,4.5823e-05,1
39.971,0.00012723,1
39.971,0.00020797,1
39.972,0.00025933,1
39.972,0.00026,1
39.973,0.00022878,1
39.974,0.00019303,1
39.974,0.00017288,1
39.975,0.00016063,1
39.975,0.00013042,1
39.976,7.4357e-05,1
39.976,7.2175e-06,1
39.977,-5.1362e-05,1
39.977,-9.4163e-05,1
39.978,-0.00011095,1
39.978,-0.00010843,1
39.979,-0.00011313,1
39.979,-0.00011162,1
39.98,-8.5771e-05,1
39.98,-3.2059e-05,1
39.981,3.9445e-05,1
39.981,0.00010054,1
39.982,0.00013143,1
39.982,0.0001368,1
39.983,0.00013344,1
39.983,0.00012874,1
39.984,0.0001274,1
39.984,0.00013126,1
39.985,0.00012203,1
39.985,8.04e-05,1
39.986,3.743e-05,1
39.986,2.0142e-05,1
39.987,1.8967e-05,1
39.988,1.326e-05,1
39.988,-2.0142e-06,1
39.989,-1.7792e-05,1
39.989,-2.7695e-05,1
39.99,-3.1724e-05,1
39.99,-3.1724e-05,1
39.991,-2.8367e-05,1
39.991,-4.6998e-06,1
39.992,3.7263e-05,1
39.992,3.9948e-05,1
39.993,-2.6856e-05,1
39.993,-0.0001044,1
39.994,-0.00013529,1
39.994,-0.00012941,1
39.995,-0.00011464,1
39.995,-0.00010105,1
39.996,-8.4764e-05,1
39.996,-6.009e-05,1
39.997,-2.6856e-05,1
39.997,1.9806e-05,1
39.998,7.5868e-05,1
39.998,0.00012068,1
39.999,0.0001373,1
39.999,0.00012958,1
40,0.00011263,1
40.001,9.5842e-05,1
40.001,7.5364e-05,1
40.002,5.0187e-05,1
40.002,2.7695e-05,1
40.003,1.4267e-05,1
40.003,-5.0355e-07,1
40.004,-1.9974e-05,1
40.004,-2.5681e-05,1
40.005,-8.5603e-06,1
40.005,1.0407e-05,1
40.006,9.9031e-06,1
40.006,-1.3764e-05,1
40.007,-4.7166e-05,1
40.007,-7.6036e-05,1
40.008,-9.0303e-05,1
40.008,-7.5532e-05,1
40.009,-3.3066e-05,1
40.009,1.5274e-05,1
40.01,4.1123e-05,1
40.01,3.9109e-05,1
40.011,3.5248e-05,1
40.011,5.3544e-05,1
40.012,0.00010188,1
40.012,0.00016785,1
40.013,0.0002177,1
40.013,0.00022005,1
40.014,0.00018497,1
40.015,0.00014855,1
40.015,0.0001368,1
40.016,0.00013931,1
40.016,0.00013143,1
40.017,0.00010423,1
40.017,6.0258e-05,1
40.018,8.7282e-06,1
40.018,-4.8173e-05,1
40.019,-9.987e-05,1
40.019,-0.0001237,1
40.02,-0.00011078,1
40.02,-6.479e-05,1
40.021,2.5177e-06,1
40.021,6.1601e-05,1
40.022,8.8457e-05,1
40.022,8.3589e-05,1
40.023,6.9154e-05,1
40.023,6.244e-05,1
40.024,5.9419e-05,1
40.024,3.5416e-05,1
40.025,-3.9445e-05,1
40.025,-0.00012824,1
40.026,-0.00017775,1
40.026,-0.00017507,1
40.027,-0.00013529,1
40.028,-9.0471e-05,1
40.028,-6.4118e-05,1
40.029,-4.2466e-05,1
40.029,-1.7456e-05,1
40.03,6.714e-07,1
40.03,2.1149e-05,1
40.031,7.2343e-05,1
40.031,0.00013042,1
40.032,0.00013663,1
40.032,9.0974e-05,1
40.033,2.0645e-05,1
40.033,-4.5823e-05,1
40.034,-7.6539e-05,1
40.034,-9.7688e-05,1
40.035,-0.00013613,1
40.035,-0.00017675,1
40.036,-0.00019705,1
40.036,-0.00018346,1
40.037,-0.00013881,1
40.037,-7.5029e-05,1
40.038,-1.6449e-05,1
40.038,2.417e-05,1
40.039,6.0929e-05,1
40.039,0.00010994,1
40.04,0.00017675,1
40.04,0.00025429,1
40.041,0.00031203,1
40.042,0.00032546,1
40.042,0.00030398,1
40.043,0.00026873,1
40.043,0.00021938,1
40.044,0.0001556,1
40.044,9.3492e-05,1
40.045,5.1698e-05,1
40.045,3.8437e-05,1
40.046,4.8005e-05,1
40.046,6.4286e-05,1
40.047,6.4286e-05,1
40.047,3.1388e-05,1
40.048,-1.7624e-05,1
40.048,-5.4215e-05,1
40.049,-6.5629e-05,1
40.049,-5.7908e-05,1
40.05,-4.2466e-05,1
40.05,-2.8702e-05,1
40.051,-2.2324e-05,1
40.051,-2.2156e-05,1
40.052,-2.4674e-05,1
40.052,-2.1317e-05,1
40.053,-5.8747e-06,1
40.053,1.6953e-05,1
40.054,3.3906e-05,1
40.054,3.508e-05,1
40.055,2.1317e-05,1
40.056,8.3925e-07,1
40.056,-1.5946e-05,1
40.057,-2.4338e-05,1
40.057,-2.4338e-05,1
40.058,-1.8463e-05,1
40.058,-9.9031e-06,1
40.059,-3.1891e-06,1
40.059,-5.3712e-06,1
40.06,-1.8296e-05,1
40.06,-3.7766e-05,1
40.061,-5.1362e-05,1
40.061,-4.8508e-05,1
40.062,-3.5416e-05,1
40.062,-2.3835e-05,1
40.063,-1.8631e-05,1
40.063,-1.8631e-05,1
40.064,-1.7121e-05,1
40.064,2.3499e-06,1
40.065,3.5752e-05,1
40.065,5.3544e-05,1
40.066,4.213e-05,1
40.066,0,1
40.067,-6.0594e-05,1
40.067,-0.000118,1
40.068,-0.00014972,1
40.069,-0.00013814,1
40.069,-9.1646e-05,1
40.07,-3.6088e-05,1
40.07,1.3764e-05,1
40.071,5.2033e-05,1
40.071,7.0329e-05,1
40.072,7.57e-05,1
40.072,8.51e-05,1
40.073,0.00010423,1
40.073,0.00012035,1
40.074,0.000118,1
40.074,9.2149e-05,1
40.075,5.2033e-05,1
40.075,1.1246e-05,1
40.076,-1.6617e-05,1
40.076,-1.9471e-05,1
40.077,-4.1962e-06,1
40.077,3.1724e-05,1
40.078,8.3589e-05,1
40.078,0.00013545,1
40.079,0.00016936,1
40.079,0.00018161,1
40.08,0.00017507,1
40.08,0.00014116,1
40.081,8.7114e-05,1
40.081,2.7863e-05,1
40.082,-3.2395e-05,1
40.083,-8.9296e-05,1
40.083,-0.00012807,1
40.084,-0.00015056,1
40.084,-0.00018497,1
40.085,-0.0002318,1
40.085,-0.00025412,1
40.086,-0.00024103,1
40.086,-0.00021132,1
40.087,-0.00016399,1
40.087,-8.6275e-05,1
40.088,5.8747e-06,1
40.088,9.4163e-05,1
40.089,0.00018245,1
40.089,0.00026218,1
40.09,0.00032009,1
40.09,0.00034728,1
40.091,0.00033822,1
40.091,0.00028232,1
40.092,0.00019303,1
40.092,0.00011397,1
40.093,7.2679e-05,1
40.093,6.4958e-05,1
40.094,7.1e-05,1
40.094,6.8818e-05,1
40.095,4.5487e-05,1
40.096,1.8463e-06,1
40.096,-3.4241e-05,1
40.097,-3.8605e-05,1
40.097,-1.2253e-05,1
40.098,2.3667e-05,1
40.098,4.0787e-05,1
40.099,3.9948e-05,1
40.099,4.8844e-05,1
40.1,6.6972e-05,1
40.1,8.1239e-05,1
40.101,9.6513e-05,1
40.101,0.0001086,1
40.102,8.9632e-05,1
40.102,1.7792e-05,1
40.103,-7.2175e-05,1
40.103,-0.00012538,1
40.104,-0.00013092,1
40.104,-0.00010423,1
40.105,-6.1601e-05,1
40.105,-2.3499e-05,1
40.106,-2.6352e-05,1
40.106,-0.00010574,1
40.107,-0.00021501,1
40.107,-0.0002986,1
40.108,-0.00033318,1
40.108,-0.00029793,1
40.109,-0.00020545,1
40.11,-0.00011531,1
40.11,-6.3951e-05,1
40.111,-3.357e-05,1
40.111,7.2175e-06,1
40.112,6.7308e-05,1
40.112,0.00015862,1
40.113,0.00029709,1
40.113,0.00045437,1
40.114,0.00055676,1
40.114,0.00055138,1
40.115,0.00045336,1
40.115,0.00032529,1
40.116,0.00020259,1
40.116,9.9199e-05,1
40.117,2.182e-05,1
40.117,-2.7024e-05,1
40.118,-3.0549e-05,1
40.118,7.2175e-06,1
40.119,5.5222e-05,1
40.119,9.0974e-05,1
40.12,9.8863e-05,1
40.12,7.2343e-05,1
40.121,4.6159e-05,1
40.121,3.8605e-05,1
40.122,2.3667e-05,1
40.123,-5.539e-06,1
40.123,-3.3402e-05,1
40.124,-5.539e-05,1
40.124,-7.6707e-05,1
40.125,-0.00011296,1
40.125,-0.00017607,1
40.126,-0.00027225,1
40.126,-0.0003978,1
40.127,-0.00048727,1
40.127,-0.00048777,1
40.128,-0.0004166,1
40.128,-0.0003211,1
40.129,-0.00020662,1
40.129,-8.04e-05,1
40.13,3.1388e-05,1
40.13,0.00013075,1
40.131,0.00021938,1
40.131,0.00026839,1
40.132,0.00026168,1
40.132,0.0002266,1
40.133,0.00019622,1
40.133,0.00017775,1
40.134,0.00015828,1
40.134,0.00013025,1
40.135,9.5842e-05,1
40.136,5.8915e-05,1
40.136,2.9038e-05,1
40.137,1.8967e-05,1
40.137,2.7863e-05,1
40.138,3.3234e-05,1
40.138,1.6617e-05,1
40.139,1.1749e-05,1
40.139,4.448e-05,1
40.14,6.2776e-05,1
40.14,4.1794e-05,1
40.141,2.182e-05,1
40.141,3.2563e-05,1
40.142,6.4622e-05,1
40.142,0.00010793,1
40.143,0.00015526,1
40.143,0.00018883,1
40.144,0.00021082,1
40.144,0.00020763,1
40.145,0.00017708,1
40.145,0.00013948,1
40.146,0.00010809,1
40.146,7.0329e-05,1
40.147,2.5345e-05,1
40.147,2.0142e-06,1
40.148,1.1749e-05,1
40.148,3.9445e-05,1
40.149,6.2272e-05,1
40.15,6.63e-05,1
40.15,6.7979e-05,1
40.151,8.6946e-05,1
40.151,0.00010558,1
40.152,9.5506e-05,1
40.152,5.5558e-05,1
40.153,3.5248e-06,1
40.153,-4.4816e-05,1
40.154,-8.51e-05,1
40.154,-0.00011363,1
40.155,-0.0001274,1
40.155,-0.0001279,1
40.156,-0.00011934,1
40.156,-0.00010977,1
40.157,-0.00010491,1
40.157,-0.00010507,1
40.158,-0.00010558,1
40.158,-0.00010356,1
40.159,-9.8192e-05,1
40.159,-8.9799e-05,1
40.16,-8.1407e-05,1
40.16,-7.5532e-05,1
40.161,-7.1839e-05,1
40.161,-6.7475e-05,1
40.162,-5.9251e-05,1
40.163,-5.1194e-05,1
40.163,-4.8844e-05,1
40.164,-4.8676e-05,1
40.164,-4.4816e-05,1
40.165,-3.5752e-05,1
40.165,-2.3331e-05,1
40.166,-1.326e-05,1
40.166,-8.5603e-06,1
40.167,-8.5603e-06,1
40.167,-9.5674e-06,1
40.168,-9.2317e-06,1
40.168,-7.0497e-06,1
40.169,-5.0355e-06,1
40.169,-4.0284e-06,1
40.17,-2.3499e-06,1
40.17,1.1749e-06,1
40.171,1.3596e-05,1
40.171,4.213e-05,1
40.172,7.7043e-05,1
40.172,9.1142e-05,1
40.173,7.9057e-05,1
40.173,6.0594e-05,1
40.174,5.2201e-05,1
40.174,4.8005e-05,1
40.175,4.1794e-05,1
40.175,3.5416e-05,1
40.176,2.9374e-05,1
40.177,2.7359e-05,1
40.177,2.8367e-05,1
40.178,2.4674e-05,1
40.178,9.5674e-06,1
40.179,-6.8818e-06,1
40.179,-9.7353e-06,1
40.18,-1.0071e-06,1
40.18,9.5674e-06,1
40.181,1.9638e-05,1
40.181,2.8702e-05,1
40.182,3.8941e-05,1
40.182,5.3208e-05,1
40.183,6.3615e-05,1
40.183,6.5293e-05,1
40.184,6.0761e-05,1
40.184,5.3544e-05,1
40.185,4.5487e-05,1
40.185,3.8102e-05,1
40.186,3.4409e-05,1
40.186,4.0452e-05,1
40.187,5.623e-05,1
40.187,7.1672e-05,1
40.188,7.9728e-05,1
40.188,7.9728e-05,1
40.189,7.9393e-05,1
40.19,8.275e-05,1
40.19,8.426e-05,1
40.191,7.4357e-05,1
40.191,5.0019e-05,1
40.192,6.5461e-06,1
40.192,-6.0929e-05,1
40.193,-0.0001368,1
40.193,-0.00018614,1
40.194,-0.00018346,1
40.194,-0.00013663,1
40.195,-7.6036e-05,1
40.195,-2.5345e-05,1
40.196,-6.2104e-06,1
40.196,-3.7766e-05,1
40.197,-9.8863e-05,1
40.197,-0.00015056,1
40.198,-0.00015593,1
40.198,-0.00010944,1
40.199,-2.9038e-05,1
40.199,6.3279e-05,1
40.2,0.00014788,1
40.2,0.0002182,1
40.201,0.00026302,1
40.201,0.0002939,1
40.202,0.00033083,1
40.202,0.0003832,1
40.203,0.00042583,1
40.204,0.00040401,1
40.204,0.00032261,1
40.205,0.00025194,1
40.205,0.00022324,1
40.206,0.00020226,1
40.206,0.00015677,1
40.207,0.00010776,1
40.207,8.6275e-05,1
40.208,9.1478e-05,1
40.208,9.9199e-05,1
40.209,0.00010088,1
40.209,9.5338e-05,1
40.21,7.0832e-05,1
40.21,1.2253e-05,1
40.211,-6.3615e-05,1
40.211,-0.00013378,1
40.212,-0.00020226,1
40.212,-0.00026923,1
40.213,-0.00033519,1
40.213,-0.00043389,1
40.214,-0.00055239,1
40.214,-0.0005769,1
40.215,-0.00046209,1
40.215,-0.00027007,1
40.216,-6.9993e-05,1
40.217,8.5771e-05,1
40.217,0.00016986,1
40.218,0.00021065,1
40.218,0.00026,1
40.219,0.00034409,1
40.219,0.00043691,1
40.22,0.00048223,1
40.22,0.00045252,1
40.221,0.000355,1
40.221,0.00023952,1
40.222,0.00016197,1
40.222,0.00012941,1
40.223,0.00011867,1
40.223,0.00010188,1
40.224,6.8315e-05,1
40.224,2.9877e-05,1
40.225,7.2175e-06,1
40.225,-4.5319e-06,1
40.226,-3.3738e-05,1
40.226,-8.7953e-05,1
40.227,-0.00014519,1
40.227,-0.00018027,1
40.228,-0.00017591,1
40.228,-0.00013075,1
40.229,-8.04e-05,1
40.229,-6.8986e-05,1
40.23,-0.00010927,1
40.231,-0.00017053,1
40.231,-0.00020931,1
40.232,-0.00020847,1
40.232,-0.0001608,1
40.233,-7.1168e-05,1
40.233,1.326e-05,1
40.234,5.9922e-05,1
40.234,8.4092e-05,1
40.235,9.2988e-05,1
40.235,0.00010188,1
40.236,0.00013378,1
40.236,0.00018245,1
40.237,0.00021736,1
40.237,0.00020444,1
40.238,0.0001462,1
40.238,7.3518e-05,1
40.239,1.1582e-05,1
40.239,-3.7766e-05,1
40.24,-7.4189e-05,1
40.24,-9.7856e-05,1
40.241,-0.00011313,1
40.241,-0.00012052,1
40.242,-0.00011598,1
40.242,-9.2988e-05,1
40.243,-5.6565e-05,1
40.243,-2.1653e-05,1
40.244,-4.5319e-06,1
40.245,-1.2253e-05,1
40.245,-3.4241e-05,1
40.246,-5.5558e-05,1
40.246,-6.9657e-05,1
40.247,-7.6707e-05,1
40.247,-7.7379e-05,1
40.248,-7.2679e-05,1
40.248,-5.8579e-05,1
40.249,-3.4409e-05,1
40.249,-2.3499e-05,1
40.25,-5.1362e-05,1
40.25,-0.00010793,1
40.251,-0.0001843,1
40.251,-0.00026806,1
40.252,-0.00031153,1
40.252,-0.00028417,1
40.253,-0.00020444,1
40.253,-0.00011061,1
40.254,-2.6688e-05,1
40.254,4.6494e-05,1
40.255,0.00011884,1
40.255,0.00020914,1
40.256,0.00031606,1
40.256,0.0004161,1
40.257,0.0004829,1
40.258,0.00049129,1
40.258,0.00042936,1
40.259,0.00032345,1
40.259,0.00021367,1
40.26,0.00011531,1
40.26,4.0787e-05,1
40.261,5.539e-06,1
40.261,-1.0575e-05,1
40.262,-3.5248e-05,1
40.262,-5.8579e-05,1
40.263,-6.1936e-05,1
40.263,-4.9851e-05,1
40.264,-3.8773e-05,1
40.264,-3.0213e-05,1
40.265,-2.3499e-05,1
40.265,-2.4338e-05,1
40.266,-2.7024e-05,1
40.266,-1.6281e-05,1
40.267,1.0239e-05,1
40.267,4.2802e-05,1
40.268,7.2847e-05,1
40.268,8.9296e-05,1
40.269,8.3757e-05,1
40.269,5.6565e-05,1
40.27,2.4002e-05,1
40.27,1.6785e-06,1
40.271,-1.561e-05,1
40.272,-3.3738e-05,1
40.272,-4.3305e-05,1
40.273,-3.8437e-05,1
40.273,-3.1388e-05,1
40.274,-5.7572e-05,1
40.274,-0.00010893,1
40.275,-0.00013562,1
40.275,-0.00012219,1
40.276,-9.3156e-05,1
40.276,-6.2272e-05,1
40.277,-2.6017e-05,1
40.277,1.6953e-05,1
40.278,6.3951e-05,1
40.278,0.00011044,1
40.279,0.00015425,1
40.279,0.00018967,1
40.28,0.00020125,1
40.28,0.00017708,1
40.281,0.00012605,1
40.281,7.4693e-05,1
40.282,4.3137e-05,1
40.282,3.3402e-05,1
40.283,3.2059e-05,1
40.283,2.8367e-05,1
40.284,2.0981e-05,1
40.285,1.6617e-05,1
40.285,1.8296e-05,1
40.286,2.4506e-05,1
40.286,3.0716e-05,1
40.287,3.978e-05,1
40.287,5.4383e-05,1
40.288,6.5293e-05,1
40.288,6.1936e-05,1
40.289,4.9851e-05,1
40.289,3.7095e-05,1
40.29,2.6688e-05,1
40.29,1.4603e-05,1
40.291,3.1891e-06,1
40.291,-3.357e-06,1
40.292,-1.0071e-05,1
40.292,-2.0142e-05,1
40.293,-2.7863e-05,1
40.293,-2.9038e-05,1
40.294,-3.0381e-05,1
40.294,-4.5151e-05,1
40.295,-7.5532e-05,1
40.295,-9.2485e-05,1
40.296,-6.6636e-05,1
40.296,-2.3667e-05,1
40.297,-3.8605e-06,1
40.297,-1.5778e-05,1
40.298,-3.9277e-05,1
40.299,-4.213e-05,1
40.299,-1.326e-05,1
40.3,1.7121e-05,1
40.3,2.1653e-05,1
40.301,-5.539e-06,1
40.301,-6.4622e-05,1
40.302,-0.00013579,1
40.302,-0.00017876,1
40.303,-0.0001707,1
40.303,-0.00011246,1
40.304,-2.3667e-05,1
40.304,6.2272e-05,1
40.305,0.00011917,1
40.305,0.00014855,1
40.306,0.00017137,1
40.306,0.00021317,1
40.307,0.00027141,1
40.307,0.00030834,1
40.308,0.00029323,1
40.308,0.00024221,1
40.309,0.00019185,1
40.309,0.00015509,1
40.31,0.00011934,1
40.31,8.0903e-05,1
40.311,4.7501e-05,1
40.312,2.4002e-05,1
40.312,9.2317e-06,1
40.313,1.2589e-05,1
40.313,4.683e-05,1
40.314,9.0639e-05,1
40.314,0.0001138,1
40.315,0.00010726,1
40.315,7.4189e-05,1
40.316,2.4674e-05,1
40.316,-1.9303e-05,1
40.317,-3.978e-05,1
40.317,-4.6494e-05,1
40.318,-8.0735e-05,1
40.318,-0.00014704,1
40.319,-0.00019286,1
40.319,-0.00018967,1
40.32,-0.00014485,1
40.32,-7.1e-05,1
40.321,1.2924e-05,1
40.321,7.5029e-05,1
40.322,9.7185e-05,1
40.322,8.9799e-05,1
40.323,8.5771e-05,1
40.323,0.00010591,1
40.324,0.00013545,1
40.325,0.00013344,1
40.325,8.04e-05,1
40.326,6.714e-06,1
40.326,-5.5222e-05,1
40.327,-0.00010155,1
40.327,-0.0001378,1
40.328,-0.00015912,1
40.328,-0.00016399,1
40.329,-0.0001655,1
40.329,-0.0001702,1
40.33,-0.00016416,1
40.33,-0.00012438,1
40.331,-5.388e-05,1
40.331,-1.4939e-05,1
40.332,-3.7095e-05,1
40.332,-6.1265e-05,1
40.333,-4.2634e-05,1
40.333,9.2317e-06,1
40.334,7.6036e-05,1
40.334,0.0001472,1
40.335,0.00021602,1
40.335,0.00027041,1
40.336,0.00029424,1
40.336,0.00028048,1
40.337,0.00022911,1
40.337,0.00015492,1
40.338,9.1142e-05,1
40.339,5.774e-05,1
40.339,4.6662e-05,1
40.34,4.2466e-05,1
40.34,3.122e-05,1
40.341,5.8747e-06,1
40.341,-2.2324e-05,1
40.342,-3.0884e-05,1
40.342,-8.5603e-06,1
40.343,2.6688e-05,1
40.343,4.6998e-05,1
40.344,4.1123e-05,1
40.344,1.6281e-05,1
40.345,-1.1582e-05,1
40.345,-3.3402e-05,1
40.346,-4.7501e-05,1
40.346,-5.069e-05,1
40.347,-5.0523e-05,1
40.347,-6.1433e-05,1
40.348,-8.3085e-05,1
40.348,-9.6345e-05,1
40.349,-8.6275e-05,1
40.349,-5.9922e-05,1
40.35,-3.5752e-05,1
40.35,-1.5442e-05,1
40.351,4.5319e-06,1
40.352,1.2924e-05,1
40.352,4.3641e-06,1
40.353,-7.0497e-06,1
40.353,-8.5603e-06,1
40.354,-5.2033e-06,1
40.354,-8.7282e-06,1
40.355,-2.6017e-05,1
40.355,-5.0019e-05,1
40.356,-6.5965e-05,1
40.356,-6.6636e-05,1
40.357,-4.2802e-05,1
40.357,-3.357e-07,1
40.358,3.7766e-05,1
40.358,5.2873e-05,1
40.359,4.0787e-05,1
40.359,1.1917e-05,1
40.36,-6.0426e-06,1
40.36,9.5674e-06,1
40.361,4.5823e-05,1
40.361,7.7379e-05,1
40.362,0.00010256,1
40.362,0.00013059,1
40.363,0.00015023,1
40.363,0.00014855,1
40.364,0.00014083,1
40.364,0.0001514,1
40.365,0.00016634,1
40.366,0.00016013,1
40.366,0.0001368,1
40.367,0.00012253,1
40.367,0.00012454,1
40.368,0.00012337,1
40.368,0.00010256,1
40.369,6.5797e-05,1
40.369,2.7359e-05,1
40.37,1.1749e-06,1
40.37,-1.1414e-05,1
40.371,-1.6281e-05,1
40.371,-1.5274e-05,1
40.372,-4.3641e-06,1
40.372,1.5946e-05,1
40.373,2.9877e-05,1
40.373,2.2324e-05,1
40.374,-4.6998e-06,1
40.374,-2.9038e-05,1
40.375,-3.3906e-05,1
40.375,-2.5345e-05,1
40.376,-2.1988e-05,1
40.376,-4.0787e-05,1
40.377,-7.9393e-05,1
40.377,-0.00011582,1
40.378,-0.00012975,1
40.379,-0.00012891,1
40.379,-0.00012488,1
40.38,-0.0001237,1
40.38,-0.00014569,1
40.381,-0.00019403,1
40.381,-0.00021451,1
40.382,-0.0001566,1
40.382,-3.2731e-05,1
40.383,9.8192e-05,1
40.383,0.00016902,1
40.384,0.00014821,1
40.384,8.426e-05,1
40.385,5.3544e-05,1
40.385,7.9057e-05,1
40.386,0.00013814,1
40.386,0.00019118,1
40.387,0.00019857,1
40.387,0.00015996,1
40.388,0.00010239,1
40.388,3.9445e-05,1
40.389,-9.3996e-06,1
40.389,-1.3931e-05,1
40.39,1.9303e-05,1
40.39,5.3208e-05,1
40.391,5.5894e-05,1
40.391,3.6759e-05,1
40.392,3.0045e-05,1
40.393,4.5823e-05,1
40.393,6.9154e-05,1
40.394,8.2414e-05,1
40.394,8.4764e-05,1
40.395,8.7114e-05,1
40.395,8.7449e-05,1
40.396,8.0064e-05,1
40.396,6.4958e-05,1
40.397,4.1794e-05,1
40.397,1.1917e-05,1
40.398,-5.7069e-06,1
40.398,-1.4939e-05,1
40.399,-5.8076e-05,1
40.399,-0.00012992,1
40.4,-0.00019991,1
40.4,-0.00026268,1
40.401,-0.00031673,1
40.401,-0.00033956,1
40.402,-0.00030565,1
40.402,-0.0002313,1
40.403,-0.00015593,1
40.403,-9.6513e-05,1
40.404,-4.918e-05,1
40.404,-3.5248e-06,1
40.405,5.8915e-05,1
40.406,0.00015425,1
40.406,0.00027242,1
40.407,0.00037313,1
40.407,0.00040972,1
40.408,0.00038387,1
40.408,0.00033889,1
40.409,0.00029122,1
40.409,0.00023079,1
40.41,0.00016634,1
40.41,0.00011749,1
40.411,8.3085e-05,1
40.411,4.8844e-05,1
40.412,1.3092e-05,1
40.412,-1.1414e-05,1
40.413,-2.1988e-05,1
40.413,-2.7024e-05,1
40.414,-2.652e-05,1
40.414,-2.6856e-05,1
40.415,-3.6927e-05,1
40.415,-4.7166e-05,1
40.416,-3.6927e-05,1
40.416,4.3641e-06,1
40.417,5.5558e-05,1
40.417,9.1814e-05,1
40.418,0.00011196,1
40.418,0.00011565,1
40.419,9.5842e-05,1
40.42,5.4215e-05,1
40.42,0,1
40.421,-5.0858e-05,1
40.421,-7.9393e-05,1
40.422,-8.8121e-05,1
40.422,-9.752e-05,1
40.423,-0.00011833,1
40.423,-0.00014351,1
40.424,-0.00016265,1
40.424,-0.00018212,1
40.425,-0.00021283,1
40.425,-0.00023835,1
40.426,-0.00022878,1
40.426,-0.00018379,1
40.427,-0.00012706,1
40.427,-6.4286e-05,1
40.428,3.8605e-06,1
40.428,7.6204e-05,1
40.429,0.00015291,1
40.429,0.00022257,1
40.43,0.00026906,1
40.43,0.00028719,1
40.431,0.0002882,1
40.431,0.00027913,1
40.432,0.00023583,1
40.432,0.00011397,1
40.433,-9.3156e-05,1
40.434,-0.00028685,1
40.434,-0.0003738,1
40.435,-0.00035366,1
40.435,-0.00027729,1
40.436,-0.00020159,1
40.436,-0.00014183,1
40.437,-8.4428e-05,1
40.437,-2.1653e-05,1
40.438,7.2343e-05,1
40.438,0.00023046,1
40.439,0.00043087,1
40.439,0.00059335,1
40.44,0.000639,1
40.44,0.0005628,1
40.441,0.00044027,1
40.441,0.00034611,1
40.442,0.00028249,1
40.442,0.00023919,1
40.443,0.00022139,1
40.443,0.00021535,1
40.444,0.00019219,1
40.444,0.00014418,1
40.445,8.5435e-05,1
40.445,2.8534e-05,1
40.446,-2.4002e-05,1
40.447,-6.9154e-05,1
40.447,-0.00010658,1
40.448,-0.00013915,1
40.448,-0.00017406,1
40.449,-0.00020981,1
40.449,-0.00023885,1
40.45,-0.00026873,1
40.45,-0.00030918,1
40.451,-0.00032949,1
40.451,-0.00029944,1
40.452,-0.0002318,1
40.452,-0.00016197,1
40.453,-9.9535e-05,1
40.453,-3.743e-05,1
40.454,2.4338e-05,1
40.454,6.6133e-05,1
40.455,7.9728e-05,1
40.455,7.3854e-05,1
40.456,6.1433e-05,1
40.456,4.9851e-05,1
40.457,3.827e-05,1
40.457,2.3331e-05,1
40.458,1.2924e-05,1
40.458,1.9135e-05,1
40.459,4.213e-05,1
40.459,5.8747e-05,1
40.46,5.2705e-05,1
40.461,3.0884e-05,1
40.461,7.8889e-06,1
40.462,-1.0575e-05,1
40.462,-2.0645e-05,1
40.463,-2.417e-05,1
40.463,-3.3402e-05,1
40.464,-6.1936e-05,1
40.464,-9.987e-05,1
40.465,-0.00012824,1
40.465,-0.00013881,1
40.466,-0.0001326,1
40.466,-0.00010457,1
40.467,-5.4719e-05,1
40.467,-8.2246e-06,1
40.468,1.3092e-05,1
40.468,1.326e-05,1
40.469,1.6449e-05,1
40.469,3.2731e-05,1
40.47,5.9419e-05,1
40.47,9.0806e-05,1
40.471,0.00010961,1
40.471,0.0001091,1
40.472,0.00010054,1
40.472,7.6707e-05,1
40.473,2.2156e-05,1
40.474,-2.8031e-05,1
40.474,-2.652e-05,1
40.475,1.4603e-05,1
40.475,5.0355e-05,1
40.476,5.8915e-05,1
40.476,5.069e-05,1
40.477,4.3641e-05,1
40.477,3.7934e-05,1
40.478,2.1653e-05,1
40.478,-1.6785e-07,1
40.479,-1.2924e-05,1
40.479,-7.2175e-06,1
40.48,1.4771e-05,1
40.48,4.5487e-05,1
40.481,7.57e-05,1
40.481,8.7114e-05,1
40.482,7.1e-05,1
40.482,3.7766e-05,1
40.483,-5.0355e-07,1
40.483,-3.1388e-05,1
40.484,-4.2298e-05,1
40.484,-3.1891e-05,1
40.485,-1.0239e-05,1
40.485,8.896e-06,1
40.486,1.5946e-05,1
40.486,1.8128e-05,1
40.487,3.1388e-05,1
40.488,5.8915e-05,1
40.488,9.2821e-05,1
40.489,0.00012337,1
40.489,0.00013545,1
40.49,0.00012454,1
40.49,0.00010625,1
40.491,9.5674e-05,1
40.491,0.00010021,1
40.492,0.00011632,1
40.492,0.00013394,1
40.493,0.00014284,1
40.493,0.00013462,1
40.494,0.00011196,1
40.494,8.3421e-05,1
40.495,5.623e-05,1
40.495,3.6591e-05,1
40.496,2.5345e-05,1
40.496,1.7288e-05,1
40.497,8.2246e-06,1
40.497,0,1
40.498,-6.2104e-06,1
40.498,-9.2317e-06,1
40.499,-2.3499e-06,1
40.499,1.6449e-05,1
40.5,2.0981e-05,1
40.501,-5.2033e-06,1
40.501,-4.5319e-05,1
40.502,-8.0735e-05,1
40.502,-0.00010004,1
40.503,-0.00010306,1
40.503,-9.4163e-05,1
40.504,-8.1239e-05,1
40.504,-8.6946e-05,1
40.505,-0.00011565,1
40.505,-0.00012438,1
40.506,-0.00010188,1
40.506,-6.5629e-05,1
40.507,-1.8967e-05,1
40.507,3.4073e-05,1
40.508,6.5629e-05,1
40.508,5.8915e-05,1
40.509,3.6423e-05,1
40.509,2.7024e-05,1
40.51,3.5416e-05,1
40.51,4.5487e-05,1
40.511,3.4409e-05,1
40.511,-5.0355e-07,1
40.512,-2.5345e-05,1
40.512,-1.4267e-05,1
40.513,2.887e-05,1
40.514,7.9393e-05,1
40.514,0.00011901,1
40.515,0.00014788,1
40.515,0.00015023,1
40.516,0.00011733,1
40.516,7.3686e-05,1
40.517,5.6901e-05,1
40.517,7.2343e-05,1
40.518,8.9128e-05,1
40.518,8.0735e-05,1
40.519,5.2033e-05,1
40.519,1.4267e-05,1
40.52,-4.1962e-06,1
40.52,1.561e-05,1
40.521,4.6494e-05,1
40.521,6.2608e-05,1
40.522,5.7908e-05,1
40.522,2.887e-05,1
40.523,-3.3906e-05,1
40.523,-0.00012555,1
40.524,-0.00022458,1
40.524,-0.0003169,1
40.525,-0.00038119,1
40.525,-0.00039814,1
40.526,-0.00036407,1
40.526,-0.0002788,1
40.527,-0.0001603,1
40.528,-6.9993e-05,1
40.528,-2.4674e-05,1
40.529,3.4241e-05,1
40.529,0.00015425,1
40.53,0.00032059,1
40.53,0.0004824,1
40.531,0.0006108,1
40.531,0.00068566,1
40.532,0.00068801,1
40.532,0.00062356,1
40.533,0.00054434,1
40.533,0.00048458,1
40.534,0.0004255,1
40.534,0.00033922,1
40.535,0.00022609,1
40.535,0.00011749,1
40.536,4.213e-05,1
40.536,-1.326e-05,1
40.537,-6.9657e-05,1
40.537,-0.00012337,1
40.538,-0.00016416,1
40.538,-0.00020142,1
40.539,-0.00025161,1
40.539,-0.00030951,1
40.54,-0.00036004,1
40.541,-0.00039109,1
40.541,-0.00039394,1
40.542,-0.00036793,1
40.542,-0.00032244,1
40.543,-0.00028367,1
40.543,-0.00026873,1
40.544,-0.00026,1
40.544,-0.00020444,1
40.545,-7.9728e-05,1
40.545,6.4622e-05,1
40.546,0.00016332,1
40.546,0.00018849,1
40.547,0.00016063,1
40.547,0.00010793,1
40.548,5.6565e-05,1
40.548,3.0716e-05,1
40.549,4.213e-05,1
40.549,9.3828e-05,1
40.55,0.00017507,1
40.55,0.00023952,1
40.551,0.00025194,1
40.551,0.00022744,1
40.552,0.00019756,1
40.552,0.00017507,1
40.553,0.00015627,1
40.553,0.00012589,1
40.554,6.5293e-05,1
40.555,-3.4409e-05,1
40.555,-0.00015677,1
40.556,-0.00023919,1
40.556,-0.00024842,1
40.557,-0.0002083,1
40.557,-0.0001514,1
40.558,-9.3492e-05,1
40.558,-4.213e-05,1
40.559,-4.5319e-06,1
40.559,1.9471e-05,1
40.56,3.5248e-05,1
40.56,5.0858e-05,1
40.561,7.0161e-05,1
40.561,0.00010071,1
40.562,0.00013445,1
40.562,0.00014553,1
40.563,0.00013143,1
40.563,0.00010373,1
40.564,6.2608e-05,1
40.564,1.7121e-05,1
40.565,-1.7288e-05,1
40.565,-3.6759e-05,1
40.566,-4.918e-05,1
40.566,-5.9419e-05,1
40.567,-6.7308e-05,1
40.568,-6.6804e-05,1
40.568,-6.0929e-05,1
40.569,-5.3712e-05,1
40.569,-4.3809e-05,1
40.57,-3.2563e-05,1
40.57,-1.9303e-05,1
40.571,-1.1582e-05,1
40.571,-1.4603e-05,1
40.572,-2.0981e-05,1
40.572,-2.2324e-05,1
40.573,-1.5778e-05,1
40.573,-5.539e-06,1
40.574,1.1749e-06,1
40.574,1.5106e-06,1
40.575,5.2033e-06,1
40.575,1.4603e-05,1
40.576,1.9303e-05,1
40.576,1.326e-05,1
40.577,6.2104e-06,1
40.577,6.2104e-06,1
40.578,6.714e-06,1
40.578,3.5248e-06,1
40.579,1.0071e-06,1
40.579,6.2104e-06,1
40.58,1.8631e-05,1
40.58,2.7359e-05,1
40.581,2.7024e-05,1
40.582,2.6184e-05,1
40.582,2.8367e-05,1
40.583,3.1052e-05,1
40.583,3.8773e-05,1
40.584,5.4887e-05,1
40.584,7.1672e-05,1
40.585,7.2847e-05,1
40.585,5.4551e-05,1
40.586,2.8367e-05,1
40.586,7.5532e-06,1
40.587,-1.8463e-06,1
40.587,-6.2104e-06,1
40.588,-1.1246e-05,1
40.588,-4.0284e-06,1
40.589,2.5681e-05,1
40.589,5.8579e-05,1
40.59,7.7714e-05,1
40.59,8.8457e-05,1
40.591,9.3828e-05,1
40.591,7.8889e-05,1
40.592,3.9109e-05,1
40.592,-6.5461e-06,1
40.593,-4.6662e-05,1
40.593,-7.2343e-05,1
40.594,-7.6707e-05,1
40.594,-6.4958e-05,1
40.595,-4.6662e-05,1
40.596,-2.7695e-05,1
40.596,-8.2246e-06,1
40.597,1.6785e-05,1
40.597,3.1388e-05,1
40.598,1.7288e-05,1
40.598,-1.091e-05,1
40.599,-2.7863e-05,1
40.599,-2.5681e-05,1
40.6,-1.1917e-05,1
40.6,2.6856e-06,1
40.601,1.0407e-05,1
40.601,1.2421e-05,1
40.602,2.4002e-05,1
40.602,5.2033e-05,1
40.603,8.9464e-05,1
40.603,0.0001284,1
40.604,0.00016349,1
40.604,0.00019957,1
40.605,0.00024691,1
40.605,0.00029928,1
40.606,0.00031875,1
40.606,0.00026839,1
40.607,0.00015912,1
40.607,4.1291e-05,1
40.608,-4.0955e-05,1
40.609,-7.4357e-05,1
40.609,-7.4525e-05,1
40.61,-5.9922e-05,1
40.61,-3.3234e-05,1
40.611,1.1749e-06,1
40.611,2.3835e-05,1
40.612,2.4002e-05,1
40.612,1.9806e-05,1
40.613,3.2731e-05,1
40.613,6.0258e-05,1
40.614,7.8386e-05,1
40.614,6.3783e-05,1
40.615,2.2995e-05,1
40.615,-1.6953e-05,1
40.616,-3.508e-05,1
40.616,-2.6352e-05,1
40.617,-3.1891e-06,1
40.617,1.9303e-05,1
40.618,3.4073e-05,1
40.618,4.5823e-05,1
40.619,5.8579e-05,1
40.619,4.4144e-05,1
40.62,-2.7863e-05,1
40.62,-0.00011749,1
40.621,-0.00016869,1
40.621,-0.00016281,1
40.622,-0.00011582,1
40.623,-5.6565e-05,1
40.623,-9.9031e-06,1
40.624,1.4939e-05,1
40.624,1.7792e-05,1
40.625,1.2589e-05,1
40.625,2.1653e-05,1
40.626,6.0258e-05,1
40.626,0.00011498,1
40.627,0.00014485,1
40.627,0.0001467,1
40.628,0.00014754,1
40.628,0.00014737,1
40.629,0.0001326,1
40.629,9.8192e-05,1
40.63,5.9586e-05,1
40.63,3.4073e-05,1
40.631,2.8534e-06,1
40.631,-3.508e-05,1
40.632,-5.5222e-05,1
40.632,-5.7572e-05,1
40.633,-6.0594e-05,1
40.633,-6.8986e-05,1
40.634,-7.9728e-05,1
40.634,-9.6849e-05,1
40.635,-0.00012001,1
40.636,-0.00013965,1
40.636,-0.00014737,1
40.637,-0.00013176,1
40.637,-8.4764e-05,1
40.638,-2.7695e-05,1
40.638,8.2246e-06,1
40.639,2.0478e-05,1
40.639,2.266e-05,1
40.64,2.4674e-05,1
40.64,3.6759e-05,1
40.641,6.7308e-05,1
40.641,0.00012673,1
40.642,0.00021384,1
40.642,0.00029793,1
40.643,0.00034409,1
40.643,0.00034728,1
40.644,0.00031203,1
40.644,0.00025127,1
40.645,0.00018363,1
40.645,0.0001086,1
40.646,2.9374e-05,1
40.646,-2.8534e-05,1
40.647,-5.2537e-05,1
40.647,-4.5655e-05,1
40.648,-2.6688e-05,1
40.648,-1.4435e-05,1
40.649,-2.3163e-05,1
40.65,-5.2033e-05,1
40.65,-8.7617e-05,1
40.651,-0.00013394,1
40.651,-0.00017624,1
40.652,-0.00017238,1
40.652,-0.00012219,1
40.653,-6.4118e-05,1
40.653,-3.3066e-05,1
40.654,-5.8747e-05,1
40.654,-0.00015325,1
40.655,-0.00027913,1
40.655,-0.00036591,1
40.656,-0.00038421,1
40.656,-0.00035215,1
40.657,-0.00028467,1
40.657,-0.00018849,1
40.658,-8.7449e-05,1
40.658,3.8605e-06,1
40.659,9.987e-05,1
40.659,0.00021736,1
40.66,0.00035634,1
40.66,0.00049851,1
40.661,0.00062004,1
40.661,0.00067794,1
40.662,0.00064034,1
40.663,0.00053292,1
40.663,0.00040636,1
40.664,0.00028988,1
40.664,0.00019017,1
40.665,0.00010927,1
40.665,5.4887e-05,1
40.666,2.9038e-05,1
40.666,1.6953e-05,1
40.667,-3.5248e-06,1
40.667,-2.6688e-05,1
40.668,-4.3473e-05,1
40.668,-6.1936e-05,1
40.669,-0.00010088,1
40.669,-0.00016701,1
40.67,-0.00021854,1
40.67,-0.00021451,1
40.671,-0.00015828,1
40.671,-8.9632e-05,1
40.672,-4.4648e-05,1
40.672,-3.6088e-05,1
40.673,-5.5558e-05,1
40.673,-8.0064e-05,1
40.674,-9.3492e-05,1
40.674,-9.3996e-05,1
40.675,-7.8553e-05,1
40.675,-6.0594e-05,1
40.676,-7.5364e-05,1
40.677,-0.00011498,1
40.677,-0.0001425,1
40.678,-0.00014788,1
40.678,-0.0001462,1
40.679,-0.00014653,1
40.679,-0.0001415,1
40.68,-0.00012656,1
40.68,-0.00010239,1
40.681,-7.0329e-05,1
40.681,-3.4241e-05,1
40.682,1.0239e-05,1
40.682,6.1265e-05,1
40.683,9.5506e-05,1
40.683,0.00010457,1
40.684,0.00010591,1
40.684,0.00011263,1
40.685,0.00011397,1
40.685,9.8695e-05,1
40.686,7.4357e-05,1
40.686,5.3208e-05,1
40.687,3.8773e-05,1
40.687,2.6688e-05,1
40.688,1.8967e-05,1
40.688,1.9303e-05,1
40.689,2.501e-05,1
40.69,3.2563e-05,1
40.69,4.9851e-05,1
40.691,7.2007e-05,1
40.691,8.04e-05,1
40.692,6.0761e-05,1
40.692,1.6281e-05,1
40.693,-3.0381e-05,1
40.693,-5.6901e-05,1
40.694,-5.8076e-05,1
40.694,-5.2369e-05,1
40.695,-5.4215e-05,1
40.695,-5.4719e-05,1
40.696,-4.4984e-05,1
40.696,-3.2059e-05,1
40.697,-2.4506e-05,1
40.697,-1.6281e-05,1
40.698,2.0142e-06,1
40.698,2.4002e-05,1
40.699,4.0787e-05,1
40.699,5.388e-05,1
40.7,5.1026e-05,1
40.7,-1.6449e-05,1
40.701,-0.00014183,1
40.701,-0.00022744,1
40.702,-0.0002135,1
40.703,-0.00013042,1
40.703,-3.0045e-05,1
40.704,4.7166e-05,1
40.704,9.1646e-05,1
40.705,0.00011229,1
40.705,0.00012874,1
40.706,0.00015459,1
40.706,0.00019219,1
40.707,0.00024523,1
40.707,0.00032076,1
40.708,0.00039696,1
40.708,0.00042416,1
40.709,0.00038907,1
40.709,0.00032277,1
40.71,0.00024388,1
40.71,0.00015862,1
40.711,8.3757e-05,1
40.711,3.0884e-05,1
40.712,-5.2033e-06,1
40.712,-2.9038e-05,1
40.713,-3.8773e-05,1
40.713,-3.6255e-05,1
40.714,-2.8031e-05,1
40.714,-1.6449e-05,1
40.715,-2.8534e-06,1
40.715,1.5778e-05,1
40.716,3.8773e-05,1
40.717,6.3951e-05,1
40.717,8.2414e-05,1
40.718,8.661e-05,1
40.718,7.6707e-05,1
40.719,5.7237e-05,1
40.719,3.5416e-05,1
40.72,2.3667e-05,1
40.72,2.1653e-05,1
40.721,1.1582e-05,1
40.721,-1.6953e-05,1
40.722,-7.2007e-05,1
40.722,-0.00015056,1
40.723,-0.00022274,1
40.723,-0.0002553,1
40.724,-0.00024959,1
40.724,-0.00022593,1
40.725,-0.00019756,1
40.725,-0.00016399,1
40.726,-0.00012169,1
40.726,-7.3182e-05,1
40.727,-5.7069e-06,1
40.727,8.275e-05,1
40.728,0.00016533,1
40.728,0.00020578,1
40.729,0.00019789,1
40.73,0.00016349,1
40.73,0.00010961,1
40.731,4.1459e-05,1
40.731,-1.1582e-05,1
40.732,-3.5584e-05,1
40.732,-5.2537e-05,1
40.733,-8.1407e-05,1
40.733,-0.0001091,1
40.734,-0.00011615,1
40.734,-9.1981e-05,1
40.735,-3.5584e-05,1
40.735,3.8437e-05,1
40.736,0.00010222,1
40.736,0.00014301,1
40.737,0.00017037,1
40.737,0.00018296,1
40.738,0.00016835,1
40.738,0.00010306,1
40.739,2.3499e-06,1
40.739,-9.0639e-05,1
40.74,-0.00015459,1
40.74,-0.00017792,1
40.741,-0.00015929,1
40.741,-0.00012303,1
40.742,-0.00010071,1
40.742,-9.1814e-05,1
40.743,-6.8818e-05,1
40.744,-6.8818e-06,1
40.744,0.00011514,1
40.745,0.00029055,1
40.745,0.0004401,1
40.746,0.00047048,1
40.746,0.00038924,1
40.747,0.00028685,1
40.747,0.0002172,1
40.748,0.00016902,1
40.748,0.00012673,1
40.749,8.5603e-05,1
40.749,4.7501e-05,1
40.75,1.7288e-05,1
40.75,-5.2033e-06,1
40.751,-2.2995e-05,1
40.751,-3.8605e-05,1
40.752,-5.2201e-05,1
40.752,-5.4551e-05,1
40.753,-4.2802e-05,1
40.753,-3.1724e-05,1
40.754,-4.7166e-05,1
40.754,-9.601e-05,1
40.755,-0.00016365,1
40.755,-0.00019789,1
40.756,-0.0001791,1
40.757,-0.00015526,1
40.757,-0.00018195,1
40.758,-0.00022324,1
40.758,-0.00021501,1
40.759,-0.0001561,1
40.759,-8.3421e-05,1
40.76,-1.7288e-05,1
40.76,4.7501e-05,1
40.761,0.00011934,1
40.761,0.00018346,1
40.762,0.00021602,1
40.762,0.0002078,1
40.763,0.00016986,1
40.763,0.00013411,1
40.764,0.00010994,1
40.764,7.7714e-05,1
40.765,3.7095e-05,1
40.765,1.3428e-05,1
40.766,1.0071e-05,1
40.766,1.1917e-05,1
40.767,1.6281e-05,1
40.767,3.0381e-05,1
40.768,5.2705e-05,1
40.768,7.3854e-05,1
40.769,8.3085e-05,1
40.769,8.04e-05,1
40.77,6.8147e-05,1
40.771,4.1794e-05,1
40.771,-1.8463e-06,1
40.772,-4.918e-05,1
40.772,-8.1407e-05,1
40.773,-9.4499e-05,1
40.773,-9.9199e-05,1
40.774,-0.00010658,1
40.774,-0.00011682,1
40.775,-0.00011833,1
40.775,-0.00010977,1
40.776,-0.00010155,1
40.776,-9.6178e-05,1
40.777,-8.0735e-05,1
40.777,-4.5487e-05,1
40.778,5.0355e-07,1
40.778,4.0116e-05,1
40.779,6.5629e-05,1
40.779,7.6036e-05,1
40.78,8.1743e-05,1
40.78,9.2317e-05,1
40.781,8.7114e-05,1
40.781,4.2298e-05,1
40.782,-1.9806e-05,1
40.782,-6.1097e-05,1
40.783,-7.1504e-05,1
40.783,-5.7908e-05,1
40.784,-3.0716e-05,1
40.785,5.0355e-07,1
40.785,2.6017e-05,1
40.786,4.1291e-05,1
40.786,5.4047e-05,1
40.787,7.6371e-05,1
40.787,0.00010323,1
40.788,0.00012824,1
40.788,0.00014687,1
40.789,0.0001472,1
40.789,0.00012119,1
40.79,8.5267e-05,1
40.79,5.7572e-05,1
40.791,3.592e-05,1
40.791,2.7695e-05,1
40.792,4.2802e-05,1
40.792,6.8315e-05,1
40.793,7.7043e-05,1
40.793,6.9657e-05,1
40.794,6.5461e-05,1
40.794,7.1e-05,1
40.795,6.7643e-05,1
40.795,4.2634e-05,1
40.796,1.1246e-05,1
40.796,6.5461e-06,1
40.797,2.7024e-05,1
40.798,3.4745e-05,1
40.798,6.5461e-06,1
40.799,-4.1627e-05,1
40.799,-8.191e-05,1
40.8,-0.00010088,1
40.8,-0.00010558,1
40.801,-0.00010457,1
40.801,-0.00010222,1
40.802,-8.8121e-05,1
40.802,-5.0858e-05,1
40.803,1.6785e-07,1
40.803,3.9109e-05,1
40.804,5.4047e-05,1
40.804,5.7572e-05,1
40.805,6.3279e-05,1
40.805,6.9322e-05,1
40.806,8.51e-05,1
40.806,0.00011649,1
40.807,0.00014804,1
40.807,0.00015862,1
40.808,0.00013579,1
40.808,8.896e-05,1
40.809,4.1962e-05,1
40.809,6.5461e-06,1
40.81,-1.3596e-05,1
40.81,-1.5106e-05,1
40.811,8.3925e-07,1
40.812,2.3163e-05,1
40.812,4.7166e-05,1
40.813,5.9586e-05,1
40.813,3.1388e-05,1
40.814,-1.7792e-05,1
40.814,-4.8844e-05,1
40.815,-4.7501e-05,1
40.815,-1.796e-05,1
40.816,1.9638e-05,1
40.816,1.9974e-05,1
40.817,-2.031e-05,1
40.817,-4.9851e-05,1
40.818,-4.5487e-05,1
40.818,-1.4939e-05,1
40.819,3.1388e-05,1
40.819,8.1239e-05,1
40.82,0.00011531,1
40.82,0.00012807,1
40.821,0.00014586,1
40.821,0.00018346,1
40.822,0.00022609,1
40.822,0.00023885,1
40.823,0.00020931,1
40.823,0.00016533,1
40.824,0.0001321,1
40.825,8.4932e-05,1
40.825,-2.2995e-05,1
40.826,-0.00017171,1
40.826,-0.00028115,1
40.827,-0.00031237,1
40.827,-0.00028786,1
40.828,-0.00024909,1
40.828,-0.00021736,1
40.829,-0.00020024,1
40.829,-0.00022542,1
40.83,-0.00027678,1
40.83,-0.00027091,1
40.831,-0.00017322,1
40.831,-3.2059e-05,1
40.832,0.00010054,1
40.832,0.00018514,1
40.833,0.00020327,1
40.833,0.0001848,1
40.834,0.00019202,1
40.834,0.00024154,1
40.835,0.00028988,1
40.835,0.00030968,1
40.836,0.00031505,1
40.836,0.00031136,1
40.837,0.00028316,1
40.837,0.00022979,1
40.838,0.00016835,1
40.839,0.00012404,1
40.839,9.5674e-05,1
40.84,7.5029e-05,1
40.84,5.539e-05,1
40.841,5.2033e-06,1
40.841,-9.5674e-05,1
40.842,-0.00020259,1
40.842,-0.00026386,1
40.843,-0.00027343,1
40.843,-0.00025966,1
40.844,-0.00024976,1
40.844,-0.00023919,1
40.845,-0.00021199,1
40.845,-0.00017406,1
40.846,-0.00011699,1
40.846,-8.3925e-06,1
40.847,0.00014015,1
40.847,0.00027846,1
40.848,0.00037279,1
40.848,0.00042499,1
40.849,0.00040703,1
40.849,0.00029659,1
40.85,0.00016046,1
40.85,6.8986e-05,1
40.851,3.0381e-05,1
40.852,1.796e-05,1
40.852,-1.0575e-05,1
40.853,-6.2608e-05,1
40.853,-0.00010105,1
40.854,-0.00011179,1
40.854,-0.00011078,1
40.855,-9.9702e-05,1
40.855,-5.9419e-05,1
40.856,-3.357e-06,1
40.856,2.5345e-05,1
40.857,3.4745e-05,1
40.857,6.9993e-05,1
40.858,0.00013344,1
40.858,0.00018766,1
40.859,0.0001843,1
40.859,0.0001133,1
40.86,3.1388e-05,1
40.86,-9.3996e-06,1
40.861,-1.6281e-05,1
40.861,-2.4506e-05,1
40.862,-4.918e-05,1
40.862,-0.00011246,1
40.863,-0.00019135,1
40.863,-0.00023247,1
40.864,-0.00017675,1
40.864,-6.9657e-05,1
40.865,-2.9709e-05,1
40.866,-8.8289e-05,1
40.866,-0.00016063,1
40.867,-0.00015627,1
40.867,-5.8579e-05,1
40.868,8.8121e-05,1
40.868,0.00022274,1
40.869,0.00031254,1
40.869,0.00034862,1
40.87,0.00031673,1
40.87,0.00021065,1
40.871,3.3906e-05,1
40.871,-0.00023532,1
40.872,-0.00052084,1
40.872,-0.0007006,1
40.873,-0.00075331,1
40.873,-0.00070043,1
40.874,-0.00056934,1
40.874,-0.00041224,1
40.875,-0.00027729,1
40.875,-0.00016785,1
40.876,-4.8508e-05,1
40.876,0.0001284,1
40.877,0.00037011,1
40.877,0.00062054,1
40.878,0.0007857,1
40.879,0.00082095,1
40.879,0.00075851,1
40.88,0.00065914,1
40.88,0.00056112,1
40.881,0.00046931,1
40.881,0.00038589,1
40.882,0.00032126,1
40.882,0.00027376,1
40.883,0.00023583,1
40.883,0.00018984,1
40.884,0.00011229,1
40.884,1.4603e-05,1
40.885,-5.5222e-05,1
40.885,-7.6707e-05,1
40.886,-6.865e-05,1
40.886,-6.0426e-05,1
40.887,-6.6972e-05,1
40.887,-8.3253e-05,1
40.888,-9.8024e-05,1
40.888,-0.00010675,1
40.889,-0.00011313,1
40.889,-0.00011968,1
40.89,-0.00012941,1
40.89,-0.00014905,1
40.891,-0.00017607,1
40.892,-0.0001989,1
40.892,-0.00020914,1
40.893,-0.00021434,1
40.893,-0.00022626,1
40.894,-0.00023919,1
40.894,-0.00023062,1
40.895,-0.00020293,1
40.895,-0.00017037,1
40.896,-0.0001368,1
40.896,-0.00010457,1
40.897,-7.3518e-05,1
40.897,-4.5823e-05,1
40.898,-2.031e-05,1
40.898,1.1078e-05,1
40.899,5.7404e-05,1
40.899,0.00011246,1
40.9,0.00014452,1
40.9,0.00014469,1
40.901,0.00011649,1
40.901,3.5752e-05,1
40.902,-7.2679e-05,1
40.902,-0.00014687,1
40.903,-0.00015727,1
40.903,-0.00011514,1
40.904,-4.4648e-05,1
40.904,2.4002e-05,1
40.905,6.2943e-05,1
40.906,7.1672e-05,1
40.906,7.2007e-05,1
40.907,8.4932e-05,1
40.907,0.00012605,1
40.908,0.00019991,1
40.908,0.00028434,1
40.909,0.00033889,1
40.909,0.00034879,1
40.91,0.00032949,1
40.91,0.00030062,1
40.911,0.00027611,1
40.911,0.00027242,1
40.912,0.00028215,1
40.912,0.00027074,1
40.913,0.00019252,1
40.913,4.1962e-05,1
40.914,-0.00012924,1
40.914,-0.00025731,1
40.915,-0.00031254,1
40.915,-0.00031572,1
40.916,-0.00031035,1
40.916,-0.00032798,1
40.917,-0.0003305,1
40.917,-0.00028988,1
40.918,-0.00022509,1
40.919,-0.00015392,1
40.919,-7.9728e-05,1
40.92,-4.2802e-05,1
40.92,-8.6107e-05,1
40.921,-0.0001378,1
40.921,-0.00010457,1
40.922,-4.3641e-06,1
40.922,9.9199e-05,1
40.923,0.00017372,1
40.923,0.00020629,1
40.924,0.00020595,1
40.924,0.00019622,1
40.925,0.00020645,1
40.925,0.00025698,1
40.926,0.00032059,1
40.926,0.00033771,1
40.927,0.00027242,1
40.927,0.00017104,1
40.928,0.00011162,1
40.928,0.00010692,1
40.929,0.00012035,1
40.929,0.00011766,1
40.93,9.2485e-05,1
40.93,6.8315e-05,1
40.931,5.4215e-05,1
40.931,4.3977e-05,1
40.932,4.3137e-05,1
40.933,5.3376e-05,1
40.933,6.0929e-05,1
40.934,5.153e-05,1
40.934,1.326e-05,1
40.935,-4.0787e-05,1
40.935,-7.1168e-05,1
40.936,-6.949e-05,1
40.936,-6.4622e-05,1
40.937,-7.5868e-05,1
40.937,-0.00010776,1
40.938,-0.00014888,1
40.938,-0.00017557,1
40.939,-0.00017775,1
40.939,-0.00016701,1
40.94,-0.00015056,1
40.94,-0.00012924,1
40.941,-0.00010541,1
40.941,-9.0303e-05,1
40.942,-9.4835e-05,1
40.942,-0.00011632,1
40.943,-0.00013478,1
40.943,-0.00013478,1
40.944,-0.00013008,1
40.944,-0.00013512,1
40.945,-0.0001138,1
40.946,-3.7934e-05,1
40.946,2.9206e-05,1
40.947,3.9445e-05,1
40.947,3.7263e-05,1
40.948,7.9057e-05,1
40.948,0.00015627,1
40.949,0.0002266,1
40.949,0.00025731,1
40.95,0.00026705,1
40.95,0.00029189,1
40.951,0.00032277,1
40.951,0.00032663,1
40.952,0.00028954,1
40.952,0.00022609,1
40.953,0.0001566,1
40.953,8.7785e-05,1
40.954,2.501e-05,1
40.954,-2.887e-05,1
40.955,-7.4022e-05,1
40.955,-9.7185e-05,1
40.956,-8.9128e-05,1
40.956,-6.2776e-05,1
40.957,-3.743e-05,1
40.957,-2.1317e-05,1
40.958,-1.1749e-05,1
40.958,4.1962e-06,1
40.959,2.7863e-05,1
40.96,4.9851e-05,1
40.96,7.2679e-05,1
40.961,9.6513e-05,1
40.961,0.00011414,1
40.962,0.00010692,1
40.962,5.5726e-05,1
40.963,-3.6591e-05,1
40.963,-0.00013646,1
40.964,-0.00018547,1
40.964,-0.00016835,1
40.965,-0.00013059,1
40.965,-0.00011363,1
40.966,-0.00011699,1
40.966,-0.0001331,1
40.967,-0.00016197,1
40.967,-0.00016802,1
40.968,-0.00012102,1
40.968,-2.8534e-05,1
40.969,7.4525e-05,1
40.969,0.00015106,1
40.97,0.00018228,1
40.97,0.00017591,1
40.971,0.00015207,1
40.971,0.00011363,1
40.972,7.7714e-05,1
40.972,6.4622e-05,1
40.973,6.2943e-05,1
40.974,5.3376e-05,1
40.974,2.9709e-05,1
40.975,-4.448e-05,1
40.975,-0.00016416,1
40.976,-0.00026705,1
40.976,-0.00031405,1
40.977,-0.00031354,1
40.977,-0.00029609,1
40.978,-0.00026906,1
40.978,-0.00021166,1
40.979,-0.00011363,1
40.979,-4.1962e-06,1
40.98,9.4835e-05,1
40.98,0.00019789,1
40.981,0.00032731,1
40.981,0.0004537,1
40.982,0.00052319,1
40.982,0.00052587,1
40.983,0.0004688,1
40.983,0.00036306,1
40.984,0.00024993,1
40.984,0.00015358,1
40.985,7.2175e-05,1
40.985,1.7624e-05,1
40.986,-6.0426e-06,1
40.987,-1.561e-05,1
40.987,-2.8534e-05,1
40.988,-4.448e-05,1
40.988,-4.9516e-05,1
40.989,-3.0716e-05,1
40.989,5.0355e-06,1
40.99,3.9109e-05,1
40.99,5.6901e-05,1
40.991,4.3473e-05,1
40.991,-1.8967e-05,1
40.992,-0.00010373,1
40.992,-0.00016449,1
40.993,-0.00018497,1
40.993,-0.00016013,1
40.994,-0.00010256,1
40.994,-6.9825e-05,1
40.995,-8.2078e-05,1
40.995,-8.4932e-05,1
40.996,-3.592e-05,1
40.996,4.9516e-05,1
40.997,0.00013713,1
40.997,0.00019739,1
40.998,0.00020998,1
40.998,0.00016298,1
40.999,6.2608e-05,1
40.999,-2.1653e-05,1
41,-2.8534e-05,1
41.001,1.1749e-06,1
41.001,7.8889e-06,1
41.002,-1.3428e-05,1
41.002,-6.3951e-05,1
41.003,-0.00014066,1
41.003,-0.00019722,1
41.004,-0.00019185,1
41.004,-0.00013344,1
41.005,-7.3686e-05,1
41.005,-4.5823e-05,1
41.006,-3.2059e-05,1
41.006,3.8605e-06,1
41.007,6.0258e-05,1
41.007,0.00012169,1
41.008,0.00016332,1
41.008,0.00015862,1
41.009,0.0001378,1
41.009,9.3156e-05,1
41.01,-2.4002e-05,1
41.01,-0.00016265,1
41.011,-0.00023499,1
41.011,-0.00022039,1
41.012,-0.00013713,1
41.012,-1.0575e-05,1
41.013,0.00013462,1
41.014,0.0002976,1
41.014,0.0004688,1
41.015,0.00061315,1
41.015,0.00069238,1
41.016,0.00068717,1
41.016,0.00059805,1
41.017,0.00046159,1
41.017,0.00032613,1
41.018,0.00021015,1
41.018,0.00010994,1
41.019,2.9877e-05,1
41.019,-3.0549e-05,1
41.02,-7.3014e-05,1
41.02,-0.00010256,1
41.021,-0.0001284,1
41.021,-0.00015056,1
41.022,-0.00017003,1
41.022,-0.00020964,1
41.023,-0.00027578,1
41.023,-0.00033587,1
41.024,-0.00036826,1
41.024,-0.00038505,1
41.025,-0.00038068,1
41.025,-0.00034762,1
41.026,-0.00029239,1
41.026,-0.00022441,1
41.027,-0.00015425,1
41.028,-8.7617e-05,1
41.028,-1.2924e-05,1
41.029,8.6275e-05,1
41.029,0.00019823,1
41.03,0.00028786,1
41.03,0.00031841,1
41.031,0.00028904,1
41.031,0.00024221,1
41.032,0.00019454,1
41.032,0.0001368,1
41.033,6.0258e-05,1
41.033,-3.1891e-05,1
41.034,-0.00012807,1
41.034,-0.00023415,1
41.035,-0.00032445,1
41.035,-0.00035114,1
41.036,-0.00032764,1
41.036,-0.00030733,1
41.037,-0.00027024,1
41.037,-0.00018077,1
41.038,-6.4118e-05,1
41.038,4.1291e-05,1
41.039,0.00012438,1
41.039,0.00018782,1
41.04,0.00023146,1
41.041,0.00025194,1
41.041,0.00025631,1
41.042,0.00025177,1
41.042,0.00023113,1
41.043,0.0001984,1
41.043,0.00015946,1
41.044,0.00011112,1
41.044,5.8915e-05,1
41.045,7.8889e-06,1
41.045,-4.1794e-05,1
41.046,-7.1672e-05,1
41.046,-6.1433e-05,1
41.047,-3.0045e-05,1
41.047,-7.8889e-06,1
41.048,-7.2175e-06,1
41.048,-3.6927e-05,1
41.049,-8.5435e-05,1
41.049,-0.00011431,1
41.05,-0.00011733,1
41.05,-0.00012505,1
41.051,-0.00014049,1
41.051,-0.00015023,1
41.052,-0.00015929,1
41.052,-0.00017775,1
41.053,-0.00018782,1
41.053,-0.00017406,1
41.054,-0.00013227,1
41.055,-5.9754e-05,1
41.055,3.6759e-05,1
41.056,0.00014888,1
41.056,0.00025899,1
41.057,0.0003409,1
41.057,0.00038958,1
41.058,0.00041173,1
41.058,0.00041862,1
41.059,0.0004161,1
41.059,0.00039361,1
41.06,0.00034829,1
41.06,0.00028786,1
41.061,0.00023281,1
41.061,0.00019185,1
41.062,0.00014821,1
41.062,9.0974e-05,1
41.063,2.9038e-05,1
41.063,-2.1653e-05,1
41.064,-5.153e-05,1
41.064,-6.7643e-05,1
41.065,-8.1407e-05,1
41.065,-0.00010256,1
41.066,-0.00014166,1
41.066,-0.00019571,1
41.067,-0.00022911,1
41.068,-0.00021585,1
41.068,-0.00017272,1
41.069,-0.00012773,1
41.069,-9.6849e-05,1
41.07,-8.9464e-05,1
41.07,-0.00010356,1
41.071,-0.00011968,1
41.071,-0.00012404,1
41.072,-0.00010692,1
41.072,-6.0761e-05,1
41.073,2.1653e-05,1
41.073,0.00013713,1
41.074,0.00025597,1
41.074,0.0003211,1
41.075,0.00029625,1
41.075,0.00020394,1
41.076,0.00011598,1
41.076,7.3686e-05,1
41.077,0.00010155,1
41.077,0.0001556,1
41.078,0.00013529,1
41.078,2.7192e-05,1
41.079,-8.9464e-05,1
41.079,-0.00014485,1
41.08,-0.00013831,1
41.081,-0.00010625,1
41.081,-7.8218e-05,1
41.082,-5.6062e-05,1
41.082,-3.2395e-05,1
41.083,1.1749e-06,1
41.083,4.4648e-05,1
41.084,8.426e-05,1
41.084,0.00010105,1
41.085,8.3085e-05,1
41.085,3.4745e-05,1
41.086,-2.3163e-05,1
41.086,-8.4092e-05,1
41.087,-0.00013848,1
41.087,-0.00016667,1
41.088,-0.00016818,1
41.088,-0.00015727,1
41.089,-0.00015039,1
41.089,-0.00014888,1
41.09,-0.00013629,1
41.09,-9.7185e-05,1
41.091,-3.7766e-05,1
41.091,3.4241e-05,1
41.092,0.00012186,1
41.092,0.00020226,1
41.093,0.00024422,1
41.093,0.00024405,1
41.094,0.00021334,1
41.095,0.00015929,1
41.095,7.57e-05,1
41.096,-7.3854e-06,1
41.096,-5.388e-05,1
41.097,-8.5267e-05,1
41.097,-0.00013596,1
41.098,-0.00017171,1
41.098,-0.00015258,1
41.099,-9.2485e-05,1
41.099,-3.4073e-05,1
41.1,-4.5319e-06,1
41.1,-8.3925e-06,1
41.101,-3.4073e-05,1
41.101,-6.7475e-05,1
41.102,-7.5868e-05,1
41.102,-3.8773e-05,1
41.103,2.1653e-05,1
41.103,7.5532e-05,1
41.104,0.00010759,1
41.104,8.3085e-05,1
41.105,1.5946e-05,1
41.105,-3.1891e-06,1
41.106,8.0232e-05,1
41.106,0.00021535,1
41.107,0.00031237,1
41.108,0.00032815,1
41.108,0.00028652,1
41.109,0.00024154,1
41.109,0.00022542,1
41.11,0.00021669,1
41.11,0.00019219,1
41.111,0.00015727,1
41.111,0.00012186,1
41.112,8.3085e-05,1
41.112,4.9516e-05,1
41.113,4.5487e-05,1
41.113,8.3757e-05,1
41.114,0.00012807,1
41.114,0.00014217,1
41.115,0.00013042,1
41.115,0.00010977,1
41.116,8.275e-05,1
41.116,4.9516e-05,1
41.117,8.896e-06,1
41.117,-3.7934e-05,1
41.118,-9.7688e-05,1
41.118,-0.00017641,1
41.119,-0.00025966,1
41.119,-0.00031858,1
41.12,-0.00029961,1
41.12,-0.00021585,1
41.121,-0.00015459,1
41.122,-0.00014183,1
41.122,-0.00013445,1
41.123,-8.4092e-05,1
41.123,2.1317e-05,1
41.124,0.0001566,1
41.124,0.00025496,1
41.125,0.0002835,1
41.125,0.00027578,1
41.126,0.00026302,1
41.126,0.00022089,1
41.127,0.00013075,1
41.127,3.1724e-05,1
41.128,-3.827e-05,1
41.128,-7.7714e-05,1
41.129,-9.5338e-05,1
41.129,-9.4835e-05,1
41.13,-8.4596e-05,1
41.13,-7.1e-05,1
41.131,-5.6062e-05,1
41.131,-4.1794e-05,1
41.132,-3.2731e-05,1
41.132,-3.2731e-05,1
41.133,-3.743e-05,1
41.133,-4.0116e-05,1
41.134,-3.9109e-05,1
41.135,-3.4745e-05,1
41.135,-3.0549e-05,1
41.136,-2.8031e-05,1
41.136,-2.6184e-05,1
41.137,-2.2324e-05,1
41.137,-1.6281e-05,1
41.138,-1.6953e-05,1
41.138,-2.7695e-05,1
41.139,-4.7166e-05,1
41.139,-6.6804e-05,1
41.14,-7.5364e-05,1
41.14,-7.2007e-05,1
41.141,-6.5461e-05,1
41.141,-6.2943e-05,1
41.142,-6.5293e-05,1
41.142,-7.2343e-05,1
41.143,-8.0735e-05,1
41.143,-8.04e-05,1
41.144,-6.4622e-05,1
41.144,-3.6423e-05,1
41.145,-8.5603e-06,1
41.145,8.5603e-06,1
41.146,1.4603e-05,1
41.146,1.9471e-05,1
41.147,3.3066e-05,1
41.147,4.4144e-05,1
41.148,3.1052e-05,1
41.149,2.0813e-05,1
41.149,4.2466e-05,1
41.15,6.6972e-05,1
41.15,6.7643e-05,1
41.151,6.6133e-05,1
41.151,7.5364e-05,1
41.152,8.6778e-05,1
41.152,9.3492e-05,1
41.153,9.4331e-05,1
41.153,9.5842e-05,1
41.154,0.00010037,1
41.154,9.9199e-05,1
41.155,8.3589e-05,1
41.155,6.6972e-05,1
41.156,6.6972e-05,1
41.156,8.3589e-05,1
41.157,0.00010709,1
41.157,0.00011733,1
41.158,0.00010994,1
41.158,9.9199e-05,1
41.159,9.2149e-05,1
41.159,8.4428e-05,1
41.16,6.7643e-05,1
41.16,4.0787e-05,1
41.161,9.2317e-06,1
41.161,-1.6953e-05,1
41.162,-2.9374e-05,1
41.163,-2.8534e-05,1
41.163,-2.2492e-05,1
41.164,-1.6449e-05,1
41.164,-1.0239e-05,1
41.165,2.182e-06,1
41.165,1.5778e-05,1
41.166,1.3596e-05,1
41.166,-1.7121e-05,1
41.167,-6.1936e-05,1
41.167,-9.3492e-05,1
41.168,-9.1981e-05,1
41.168,-5.8747e-05,1
41.169,-1.7121e-05,1
41.169,5.2033e-06,1
41.17,-1.2924e-05,1
41.17,-5.1362e-05,1
41.171,-5.9754e-05,1
41.171,-3.4409e-05,1
41.172,1.3428e-06,1
41.172,5.5894e-05,1
41.173,0.00012874,1
41.173,0.00019152,1
41.174,0.00022206,1
41.174,0.00021988,1
41.175,0.00019907,1
41.176,0.0001801,1
41.176,0.00017238,1
41.177,0.00016835,1
41.177,0.0001613,1
41.178,0.00014888,1
41.178,0.00012605,1
41.179,9.3828e-05,1
41.179,5.9586e-05,1
41.18,3.8102e-05,1
41.18,3.0716e-05,1
41.181,2.3499e-05,1
41.181,8.0568e-06,1
41.182,-8.5603e-06,1
41.182,-1.9135e-05,1
41.183,-2.7192e-05,1
41.183,-4.0116e-05,1
41.184,-5.7908e-05,1
41.184,-6.6804e-05,1
41.185,-5.7572e-05,1
41.185,-4.5151e-05,1
41.186,-4.9851e-05,1
41.186,-6.5797e-05,1
41.187,-6.3111e-05,1
41.187,-1.796e-05,1
41.188,4.2466e-05,1
41.188,7.1672e-05,1
41.189,7.0665e-05,1
41.19,5.7404e-05,1
41.19,3.9612e-05,1
41.191,1.6281e-05,1
41.191,-1.1246e-05,1
41.192,-3.357e-05,1
41.192,-4.4984e-05,1
41.193,-4.3809e-05,1
41.193,-1.8799e-05,1
41.194,2.7192e-05,1
41.194,4.683e-05,1
41.195,2.031e-05,1
41.195,-1.8296e-05,1
41.196,-4.5151e-05,1
41.196,-6.9993e-05,1
41.197,-0.00010306,1
41.197,-0.00014049,1
41.198,-0.00017708,1
41.198,-0.00020729,1
41.199,-0.00022072,1
41.199,-0.00020813,1
41.2,-0.0001754,1
41.2,-0.00013462,1
41.201,-9.1478e-05,1
41.201,-4.8508e-05,1
41.202,-7.8889e-06,1
41.203,3.1052e-05,1
41.203,6.63e-05,1
41.204,0.00010423,1
41.204,0.00014754,1
41.205,0.00017507,1
41.205,0.00016936,1
41.206,0.00014351,1
41.206,0.00012068,1
41.207,0.0001274,1
41.207,0.00016701,1
41.208,0.00022072,1
41.208,0.00026906,1
41.209,0.00030179,1
41.209,0.00031807,1
41.21,0.00031136,1
41.21,0.00028434,1
41.211,0.00025563,1
41.211,0.00022676,1
41.212,0.00018984,1
41.212,0.00014485,1
41.213,0.00010524,1
41.213,7.7043e-05,1
41.214,4.918e-05,1
41.214,1.2085e-05,1
41.215,-2.9709e-05,1
41.215,-6.8315e-05,1
41.216,-9.9535e-05,1
41.217,-0.00013629,1
41.217,-0.00018447,1
41.218,-0.00022945,1
41.218,-0.0002501,1
41.219,-0.00024237,1
41.219,-0.00021753,1
41.22,-0.00018698,1
41.22,-0.00015895,1
41.221,-0.00012706,1
41.221,-8.8457e-05,1
41.222,-4.8173e-05,1
41.222,-8.2246e-06,1
41.223,2.9877e-05,1
41.223,6.6804e-05,1
41.224,9.5171e-05,1
41.224,9.6513e-05,1
41.225,6.9657e-05,1
41.225,3.2059e-05,1
41.226,-1.0071e-06,1
41.226,-2.4506e-05,1
41.227,-4.7501e-05,1
41.227,-8.2582e-05,1
41.228,-0.00015123,1
41.228,-0.00022895,1
41.229,-0.00024926,1
41.23,-0.00018094,1
41.23,-6.3447e-05,1
41.231,4.0116e-05,1
41.231,0.00010172,1
41.232,0.00013478,1
41.232,0.00014485,1
41.233,0.0001321,1
41.233,0.0001368,1
41.234,0.00018883,1
41.234,0.00025983,1
41.235,0.00029508,1
41.235,0.00026957,1
41.236,0.00019857,1
41.236,8.0735e-05,1
41.237,-6.7979e-05,1
41.237,-0.00018044,1
41.238,-0.00021065,1
41.238,-0.00016886,1
41.239,-9.0303e-05,1
41.239,-1.2253e-05,1
41.24,2.7192e-05,1
41.24,1.9974e-05,1
41.241,-1.0407e-05,1
41.241,-3.9277e-05,1
41.242,-4.9348e-05,1
41.242,-1.6617e-05,1
41.243,5.5222e-05,1
41.244,0.00013411,1
41.244,0.00018917,1
41.245,0.00021032,1
41.245,0.0002271,1
41.246,0.00024959,1
41.246,0.00025194,1
41.247,0.00021099,1
41.247,0.00014452,1
41.248,6.949e-05,1
41.248,-5.8747e-06,1
41.249,-6.5461e-05,1
41.249,-9.7688e-05,1
41.25,-9.9535e-05,1
41.25,-8.426e-05,1
41.251,-6.1936e-05,1
41.251,-4.4312e-05,1
41.252,-4.3137e-05,1
41.252,-5.7069e-05,1
41.253,-6.6133e-05,1
41.253,-5.8579e-05,1
41.254,-4.448e-05,1
41.254,-4.2802e-05,1
41.255,-5.6901e-05,1
41.255,-7.1e-05,1
41.256,-7.335e-05,1
41.257,-6.9993e-05,1
41.257,-7.1e-05,1
41.258,-7.6875e-05,1
41.258,-7.7714e-05,1
41.259,-6.5965e-05,1
41.259,-3.978e-05,1
41.26,-2.0142e-06,1
41.26,3.6927e-05,1
41.261,7.1672e-05,1
41.261,0.0001044,1
41.262,0.00013646,1
41.262,0.00016416,1
41.263,0.00018732,1
41.263,0.00019957,1
41.264,0.00017926,1
41.264,0.00012757,1
41.265,7.0665e-05,1
41.265,2.2324e-05,1
41.266,-1.6785e-05,1
41.266,-3.9109e-05,1
41.267,-5.2033e-05,1
41.267,-7.7882e-05,1
41.268,-0.00011162,1
41.268,-0.00013344,1
41.269,-0.00013747,1
41.27,-0.00012958,1
41.27,-0.00011431,1
41.271,-8.275e-05,1
41.271,-3.6423e-05,1
41.272,7.2175e-06,1
41.272,4.4648e-05,1
41.273,9.2821e-05,1
41.273,0.0001467,1
41.274,0.00019034,1
41.274,0.00022408,1
41.275,0.00024523,1
41.275,0.00023935,1
41.276,0.00020629,1
41.276,0.00016835,1
41.277,0.00014217,1
41.277,0.00012337,1
41.278,9.9367e-05,1
41.278,6.7643e-05,1
41.279,3.5416e-05,1
41.279,1.2589e-05,1
41.28,5.2033e-06,1
41.28,8.0568e-06,1
41.281,1.0407e-05,1
41.281,4.3641e-06,1
41.282,-1.6953e-05,1
41.282,-4.9516e-05,1
41.283,-7.6036e-05,1
41.284,-8.5939e-05,1
41.284,-7.2679e-05,1
41.285,-4.7166e-05,1
41.285,-3.4073e-05,1
41.286,-4.5487e-05,1
41.286,-7.6371e-05,1
41.287,-0.00010877,1
41.287,-0.00012639,1
41.288,-0.0001133,1
41.288,-6.8315e-05,1
41.289,-1.1078e-05,1
41.289,4.1291e-05,1
41.29,9.7856e-05,1
41.29,0.0001509,1
41.291,0.00016298,1
41.291,0.0001185,1
41.292,4.3305e-05,1
41.292,-2.4338e-05,1
41.293,-6.6133e-05,1
41.293,-8.9632e-05,1
41.294,-0.00010793,1
41.294,-0.00012538,1
41.295,-0.00013713,1
41.295,-0.00013294,1
41.296,-0.00011363,1
41.297,-8.7617e-05,1
41.297,-6.7475e-05,1
41.298,-7.3014e-05,1
41.298,-7.4693e-05,1
41.299,-2.8702e-05,1
41.299,5.8915e-05,1
41.3,0.00015694,1
41.3,0.00024288,1
41.301,0.00029592,1
41.301,0.00029592,1
41.302,0.00025228,1
41.302,0.00019789,1
41.303,0.0001556,1
41.303,0.00012068,1
41.304,6.7979e-05,1
41.304,-3.0213e-06,1
41.305,-6.8818e-05,1
41.305,-0.0001044,1
41.306,-0.00010524,1
41.306,-8.4092e-05,1
41.307,-5.5726e-05,1
41.307,-3.8941e-05,1
41.308,-3.2563e-05,1
41.308,-2.5345e-05,1
41.309,-1.1582e-05,1
41.309,1.0575e-05,1
41.31,3.6088e-05,1
41.311,5.0187e-05,1
41.311,4.6998e-05,1
41.312,4.1794e-05,1
41.312,4.683e-05,1
41.313,6.9657e-05,1
41.313,0.00011246,1
41.314,0.00016684,1
41.314,0.00021703,1
41.315,0.00024388,1
41.315,0.0002412,1
41.316,0.00022173,1
41.316,0.00018581,1
41.317,0.0001279,1
41.317,5.8579e-05,1
41.318,-2.031e-05,1
41.318,-9.7856e-05,1
41.319,-0.00013545,1
41.319,-0.00013008,1
41.32,-0.00011044,1
41.32,-9.3156e-05,1
41.321,-7.9561e-05,1
41.321,-6.4286e-05,1
41.322,-4.3137e-05,1
41.322,-2.2995e-05,1
41.323,-2.8534e-06,1
41.324,2.8702e-05,1
41.324,7.6204e-05,1
41.325,0.00011884,1
41.325,0.00013344,1
41.326,0.00012589,1
41.326,0.00011028,1
41.327,9.0471e-05,1
41.327,6.3111e-05,1
41.328,2.9206e-05,1
41.328,-2.5177e-06,1
41.329,-2.0645e-05,1
41.329,-2.7695e-05,1
41.33,-3.4409e-05,1
41.33,-4.9012e-05,1
41.331,-6.7643e-05,1
41.331,-8.426e-05,1
41.332,-9.8192e-05,1
41.332,-0.00010642,1
41.333,-0.00010121,1
41.333,-8.896e-05,1
41.334,-8.6946e-05,1
41.334,-9.836e-05,1
41.335,-0.00011313,1
41.335,-0.00012102,1
41.336,-0.00011598,1
41.336,-9.7688e-05,1
41.337,-6.7308e-05,1
41.338,-2.887e-05,1
41.338,4.8676e-06,1
41.339,1.3596e-05,1
41.339,-1.2589e-05,1
41.34,-5.8579e-05,1
41.34,-8.9967e-05,1
41.341,-8.3421e-05,1
41.341,-4.7837e-05,1
41.342,-8.2246e-06,1
41.342,2.2995e-05,1
41.343,4.1459e-05,1
41.343,5.2873e-05,1
41.344,6.8818e-05,1
41.344,9.4331e-05,1
41.345,0.00012639,1
41.345,0.00015761,1
41.346,0.00018497,1
41.346,0.00020192,1
41.347,0.00020327,1
41.347,0.00017977,1
41.348,0.00012387,1
41.348,4.8844e-05,1
41.349,-2.4002e-05,1
41.349,-7.7882e-05,1
41.35,-0.00010642,1
41.35,-0.00011112,1
41.351,-9.6849e-05,1
41.352,-6.7475e-05,1
41.352,-2.7695e-05,1
41.353,1.9303e-05,1
41.353,7.3014e-05,1
41.354,0.00013545,1
41.354,0.00020394,1
41.355,0.00026268,1
41.355,0.00028904,1
41.356,0.00026033,1
41.356,0.00017272,1
41.357,5.623e-05,1
41.357,-9.0639e-06,1
41.358,1.5106e-06,1
41.358,4.2634e-05,1
41.359,7.1504e-05,1
41.359,7.4693e-05,1
41.36,4.1459e-05,1
41.36,-2.8534e-06,1
41.361,-1.2085e-05,1
41.361,1.2589e-05,1
41.362,3.8437e-05,1
41.362,5.5558e-05,1
41.363,6.2272e-05,1
41.363,3.2563e-05,1
41.364,-4.1123e-05,1
41.365,-0.00011078,1
41.365,-0.00012387,1
41.366,-8.426e-05,1
41.366,-3.4409e-05,1
41.367,-7.3854e-06,1
41.367,4.6998e-06,1
41.368,2.7863e-05,1
41.368,6.3111e-05,1
41.369,0.00010222,1
41.369,0.0001373,1
41.37,0.0001509,1
41.37,0.00013478,1
41.371,0.00010457,1
41.371,7.3014e-05,1
41.372,4.8508e-05,1
41.372,3.8773e-05,1
41.373,4.5319e-05,1
41.373,5.0019e-05,1
41.374,1.3764e-05,1
41.374,-7.3014e-05,1
41.375,-0.00015526,1
41.375,-0.00019001,1
41.376,-0.00017255,1
41.376,-0.00011615,1
41.377,-5.069e-05,1
41.377,7.2175e-06,1
41.378,4.6159e-05,1
41.379,5.623e-05,1
41.379,4.5991e-05,1
41.38,2.9374e-05,1
41.38,2.0645e-05,1
41.381,2.2492e-05,1
41.381,2.7695e-05,1
41.382,2.652e-05,1
41.382,1.7121e-05,1
41.383,8.3925e-07,1
41.383,-2.0478e-05,1
41.384,-4.1459e-05,1
41.384,-6.3279e-05,1
41.385,-8.1239e-05,1
41.385,-7.9896e-05,1
41.386,-4.9348e-05,1
41.386,5.8747e-06,1
41.387,6.1601e-05,1
41.387,9.5842e-05,1
41.388,0.00010188,1
41.388,8.1407e-05,1
41.389,4.9516e-05,1
41.389,1.7624e-05,1
41.39,-1.8296e-05,1
41.39,-6.5126e-05,1
41.391,-0.00012102,1
41.392,-0.00017305,1
41.392,-0.00019722,1
41.393,-0.00017842,1
41.393,-0.00013445,1
41.394,-7.9393e-05,1
41.394,-1.9806e-05,1
41.395,2.9038e-05,1
41.395,6.0929e-05,1
41.396,8.4764e-05,1
41.396,0.00011498,1
41.397,0.00014838,1
41.397,0.00017641,1
41.398,0.0001848,1
41.398,0.00018816,1
41.399,0.00020629,1
41.399,0.00021468,1
41.4,0.00019185,1
41.4,0.00015895,1
41.401,0.00013713,1
41.401,0.00012152,1
41.402,0.00010507,1
41.402,8.8121e-05,1
41.403,6.9993e-05,1
41.403,4.8676e-05,1
41.404,2.5849e-05,1
41.404,5.2033e-06,1
41.405,-1.3931e-05,1
41.406,-3.2898e-05,1
41.406,-4.918e-05,1
41.407,-6.2943e-05,1
41.407,-7.4357e-05,1
41.408,-8.1743e-05,1
41.408,-8.2414e-05,1
41.409,-8.3421e-05,1
41.409,-0.00010054,1
41.41,-0.00012169,1
41.41,-0.00012102,1
41.411,-9.7353e-05,1
41.411,-6.5461e-05,1
41.412,-3.8102e-05,1
41.412,-1.9974e-05,1
41.413,-1.8128e-05,1
41.413,-2.887e-05,1
41.414,-2.9206e-05,1
41.414,-2.8534e-06,1
41.415,4.4144e-05,1
41.415,9.2149e-05,1
41.416,0.0001321,1
41.416,0.00015123,1
41.417,0.00011867,1
41.417,4.0787e-05,1
41.418,-4.0787e-05,1
41.419,-9.7185e-05,1
41.419,-0.00011431,1
41.42,-9.4331e-05,1
41.42,-6.1265e-05,1
41.421,-3.3906e-05,1
41.421,-1.2924e-05,1
41.422,1.5778e-05,1
41.422,6.6972e-05,1
41.423,0.00012857,1
41.423,0.00016164,1
41.424,0.00014821,1
41.424,9.2317e-05,1
41.425,1.4267e-05,1
41.425,-4.6494e-05,1
41.426,-7.7379e-05,1
41.426,-8.51e-05,1
41.427,-6.6636e-05,1
41.427,-2.417e-05,1
41.428,3.1388e-05,1
41.428,8.7617e-05,1
41.429,0.00015023,1
41.429,0.00023616,1
41.43,0.00032663,1
41.43,0.000355,1
41.431,0.00030867,1
41.431,0.00024623,1
41.432,0.00019857,1
41.433,0.00016768,1
41.433,0.00014804,1
41.434,0.00013394,1
41.434,0.0001227,1
41.435,0.00010407,1
41.435,7.2343e-05,1
41.436,3.5416e-05,1
41.436,6.8818e-06,1
41.437,-1.0575e-05,1
41.437,-2.6017e-05,1
41.438,-4.1794e-05,1
41.438,-6.5629e-05,1
41.439,-0.00010121,1
41.439,-0.00013008,1
41.44,-0.00013915,1
41.44,-0.00013075,1
41.441,-0.00011397,1
41.441,-0.00010188,1
41.442,-9.8863e-05,1
41.442,-9.8192e-05,1
41.443,-0.00010423,1
41.443,-0.00012136,1
41.444,-0.00013898,1
41.444,-0.00014318,1
41.445,-0.000142,1
41.446,-0.00014922,1
41.446,-0.00016231,1
41.447,-0.00018195,1
41.447,-0.00021569,1
41.448,-0.00028685,1
41.448,-0.00035416,1
41.449,-0.00033838,1
41.449,-0.00021518,1
41.45,-3.2059e-05,1
41.45,0.00013613,1
41.451,0.00022593,1
41.451,0.00023331,1
41.452,0.00023197,1
41.452,0.00027544,1
41.453,0.00032747,1
41.453,0.00033939,1
41.454,0.00029793,1
41.454,0.00021468,1
41.455,0.00011431,1
41.455,-2.8534e-06,1
41.456,-0.00012236,1
41.456,-0.00016986,1
41.457,-0.00011196,1
41.457,8.5603e-06,1
41.458,0.0001368,1
41.459,0.00024288,1
41.459,0.00031908,1
41.46,0.00037145,1
41.46,0.00039193,1
41.461,0.0003884,1
41.461,0.0003879,1
41.462,0.00037699,1
41.462,0.00034157,1
41.463,0.0002845,1
41.463,0.00017977,1
41.464,3.3738e-05,1
41.464,-9.9199e-05,1
41.465,-0.00018564,1
41.465,-0.00023113,1
41.466,-0.00024623,1
41.466,-0.00023516,1
41.467,-0.00019487,1
41.467,-0.00013109,1
41.468,-6.8315e-05,1
41.468,-2.9709e-05,1
41.469,-1.796e-05,1
41.469,-3.978e-05,1
41.47,-9.1142e-05,1
41.47,-0.00012673,1
41.471,-0.00011632,1
41.471,-6.9993e-05,1
41.472,-1.2589e-05,1
41.473,3.9109e-05,1
41.473,7.2007e-05,1
41.474,8.1575e-05,1
41.474,7.8386e-05,1
41.475,7.4022e-05,1
41.475,7.2679e-05,1
41.476,6.9322e-05,1
41.476,5.774e-05,1
41.477,2.8367e-05,1
41.477,-2.2995e-05,1
41.478,-8.9967e-05,1
41.478,-0.00015761,1
41.479,-0.00020713,1
41.479,-0.00022274,1
41.48,-0.00020494,1
41.48,-0.00017205,1
41.481,-0.00014099,1
41.481,-0.00011531,1
41.482,-8.9464e-05,1
41.482,-5.4551e-05,1
41.483,-6.8818e-06,1
41.483,5.8244e-05,1
41.484,0.00013478,1
41.484,0.00020075,1
41.485,0.00023197,1
41.486,0.00022341,1
41.486,0.00018715,1
41.487,0.00014452,1
41.487,0.00011028,1
41.488,8.3925e-05,1
41.488,5.7237e-05,1
41.489,2.5345e-05,1
41.489,-5.8747e-06,1
41.49,-2.8702e-05,1
41.49,-4.5487e-05,1
41.491,-5.9754e-05,1
41.491,-6.9993e-05,1
41.492,-7.3518e-05,1
41.492,-7.7379e-05,1
41.493,-8.7114e-05,1
41.493,-8.9128e-05,1
41.494,-6.8818e-05,1
41.494,-2.887e-05,1
41.495,1.0239e-05,1
41.495,4.1962e-05,1
41.496,7.2007e-05,1
41.496,9.3324e-05,1
41.497,0.00010121,1
41.497,0.00010373,1
41.498,0.00010793,1
41.498,0.00011397,1
41.499,0.00011766,1
41.5,0.00011263,1
41.5,9.6513e-05,1
41.501,6.8315e-05,1
41.501,3.3066e-05,1
41.502,-1.1749e-06,1
41.502,-1.8296e-05,1
41.503,-8.3925e-07,1
41.503,2.9038e-05,1
41.504,3.3738e-05,1
41.504,7.8889e-06,1
41.505,-2.0981e-05,1
41.505,-3.6759e-05,1
41.506,-5.4215e-05,1
41.506,-7.6707e-05,1
41.507,-7.9393e-05,1
41.507,-3.8102e-05,1
41.508,2.7024e-05,1
41.508,6.2104e-05,1
41.509,1.796e-05,1
41.509,-9.4163e-05,1
41.51,-0.00019252,1
41.51,-0.00021535,1
41.511,-0.00018178,1
41.511,-0.00013881,1
41.512,-0.00010155,1
41.513,-6.2272e-05,1
41.513,-1.5274e-05,1
41.514,2.8199e-05,1
41.514,6.009e-05,1
41.515,9.2821e-05,1
41.515,0.00012589,1
41.516,0.00013243,1
41.516,0.00011833,1
41.517,0.00011095,1
41.517,0.00011363,1
41.518,0.00013075,1
41.518,0.00016432,1
41.519,0.00019991,1
41.519,0.00022089,1
41.52,0.00023449,1
41.52,0.00026033,1
41.521,0.00029844,1
41.521,0.00033687,1
41.522,0.00034829,1
41.522,0.00028434,1
41.523,0.00014485,1
41.523,1.2924e-05,1
41.524,-5.1194e-05,1
41.524,-6.9993e-05,1
41.525,-8.7114e-05,1
41.525,-0.00010289,1
41.526,-0.00012723,1
41.527,-0.00020226,1
41.527,-0.0003122,1
41.528,-0.0003973,1
41.528,-0.00041039,1
41.529,-0.00034913,1
41.529,-0.00021837,1
41.53,-4.4816e-05,1
41.53,7.4022e-05,1
41.531,0.00011028,1
41.531,0.00012203,1
41.532,0.00013931,1
41.532,0.0001519,1
41.533,0.00017876,1
41.533,0.00023549,1
41.534,0.00028182,1
41.534,0.00027242,1
41.535,0.00019387,1
41.535,6.7643e-05,1
41.536,-6.4958e-05,1
41.536,-0.00017305,1
41.537,-0.00024472,1
41.537,-0.00026537,1
41.538,-0.00017507,1
41.538,3.6088e-05,1
41.539,0.00022979,1
41.539,0.00030733,1
41.54,0.00031673,1
41.541,0.0003258,1
41.541,0.00034057,1
41.542,0.00031724,1
41.542,0.00022173,1
41.543,6.2272e-05,1
41.543,-0.00016248,1
41.544,-0.0004594,1
41.544,-0.00064152,1
41.545,-0.00056364,1
41.545,-0.00035853,1
41.546,-0.00018245,1
41.546,-7.9057e-05,1
41.547,-4.9012e-05,1
41.547,-3.7766e-05,1
41.548,2.4002e-05,1
41.548,0.00015795,1
41.549,0.00034157,1
41.549,0.00053225,1
41.55,0.00069876,1
41.55,0.00079208,1
41.551,0.00075549,1
41.551,0.00060073,1
41.552,0.00038723,1
41.552,0.00019185,1
41.553,5.7908e-05,1
41.554,-1.3931e-05,1
41.554,-3.9445e-05,1
41.555,-3.9948e-05,1
41.555,-4.1794e-05,1
41.556,-5.9586e-05,1
41.556,-8.8624e-05,1
41.557,-0.00011363,1
41.557,-0.00012572,1
41.558,-0.00012488,1
41.558,-0.00012454,1
41.559,-0.00014099,1
41.559,-0.00016533,1
41.56,-0.00018413,1
41.56,-0.00021787,1
41.561,-0.00028786,1
41.561,-0.00036037,1
41.562,-0.00038303,1
41.562,-0.00034762,1
41.563,-0.00028518,1
41.563,-0.00022123,1
41.564,-0.00015459,1
41.564,-8.9632e-05,1
41.565,-4.1291e-05,1
41.565,-5.2033e-06,1
41.566,3.1052e-05,1
41.566,7.1e-05,1
41.567,0.00010591,1
41.568,0.0001091,1
41.568,7.7714e-05,1
41.569,3.9109e-05,1
41.569,6.8818e-06,1
41.57,-2.3331e-05,1
41.57,-5.1194e-05,1
41.571,-7.1672e-05,1
41.571,-8.3925e-05,1
41.572,-8.6107e-05,1
41.572,-7.8721e-05,1
41.573,-6.9993e-05,1
41.573,-7.1336e-05,1
41.574,-7.7714e-05,1
41.574,-7.9561e-05,1
41.575,-9.4667e-05,1
41.575,-0.00014116,1
41.576,-0.00019773,1
41.576,-0.00023214,1
41.577,-0.00022895,1
41.577,-0.00019924,1
41.578,-0.00015996,1
41.578,-0.00011632,1
41.579,-6.5629e-05,1
41.579,3.5248e-06,1
41.58,9.9199e-05,1
41.581,0.00021401,1
41.581,0.00032026,1
41.582,0.00038589,1
41.582,0.00041241,1
41.583,0.00041979,1
41.583,0.0004062,1
41.584,0.00036809,1
41.584,0.00031992,1
41.585,0.00028182,1
41.585,0.00026839,1
41.586,0.00026839,1
41.586,0.00025429,1
41.587,0.00020847,1
41.587,0.00013529,1
41.588,4.9516e-05,1
41.588,-3.6423e-05,1
41.589,-0.00010625,1
41.589,-0.00015593,1
41.59,-0.00020343,1
41.59,-0.00027561,1
41.591,-0.00034409,1
41.591,-0.00035114,1
41.592,-0.00030011,1
41.592,-0.00022492,1
41.593,-0.00014116,1
41.593,-5.0187e-05,1
41.594,4.7333e-05,1
41.595,0.00014687,1
41.595,0.00024372,1
41.596,0.00033285,1
41.596,0.00041274,1
41.597,0.00045269,1
41.597,0.00042113,1
41.598,0.00034493,1
41.598,0.00027276,1
41.599,0.00021367,1
41.599,0.00015425,1
41.6,8.2078e-05,1
41.6,1.5106e-06,1
41.601,-7.0665e-05,1
41.601,-0.00012857,1
41.602,-0.00017742,1
41.602,-0.00020847,1
41.603,-0.00020696,1
41.603,-0.00017691,1
41.604,-0.00013445,1
41.604,-9.0806e-05,1
41.605,-4.3305e-05,1
41.605,1.561e-05,1
41.606,7.2343e-05,1
41.606,0.00010188,1
41.607,9.6513e-05,1
41.608,7.2679e-05,1
41.608,4.1794e-05,1
41.609,8.0568e-06,1
41.609,-2.266e-05,1
41.61,-4.213e-05,1
41.61,-5.1698e-05,1
41.611,-5.7572e-05,1
41.611,-5.8244e-05,1
41.612,-4.5487e-05,1
41.612,-7.5532e-06,1
41.613,5.1362e-05,1
41.613,0.00010155,1
41.614,0.00011582,1
41.614,9.6178e-05,1
41.615,6.0258e-05,1
41.615,2.1149e-05,1
41.616,-2.8534e-06,1
41.616,-7.5532e-06,1
41.617,-1.5274e-05,1
41.617,-3.1388e-05,1
41.618,-4.3977e-05,1
41.618,-5.9586e-05,1
41.619,-8.4596e-05,1
41.619,-0.00011464,1
41.62,-0.00013075,1
41.62,-0.00011733,1
41.621,-9.1142e-05,1
41.622,-0.00010222,1
41.622,-0.00018144,1
41.623,-0.00025312,1
41.623,-0.00023767,1
41.624,-0.0001373,1
41.624,-8.2246e-06,1
41.625,9.7856e-05,1
41.625,0.00017104,1
41.626,0.00021938,1
41.626,0.00025228,1
41.627,0.00028837,1
41.627,0.00034426,1
41.628,0.0004067,1
41.628,0.00044463,1
41.629,0.00044631,1
41.629,0.00041039,1
41.63,0.0003258,1
41.63,0.00021132,1
41.631,8.9632e-05,1
41.631,-4.3137e-05,1
41.632,-0.00015778,1
41.632,-0.00020713,1
41.633,-0.00018614,1
41.633,-0.00013529,1
41.634,-9.2149e-05,1
41.635,-6.7979e-05,1
41.635,-4.3473e-05,1
41.636,-3.357e-07,1
41.636,5.2873e-05,1
41.637,9.0135e-05,1
41.637,9.7856e-05,1
41.638,9.1646e-05,1
41.638,8.3085e-05,1
41.639,6.1265e-05,1
41.639,1.8463e-05,1
41.64,-2.8702e-05,1
41.64,-5.7908e-05,1
41.641,-7.4693e-05,1
41.641,-0.0001237,1
41.642,-0.00022425,1
41.642,-0.00032261,1
41.643,-0.00036474,1
41.643,-0.00034711,1
41.644,-0.00029206,1
41.644,-0.00022676,1
41.645,-0.00017406,1
41.645,-0.00013512,1
41.646,-8.9464e-05,1
41.646,-1.6449e-05,1
41.647,8.5435e-05,1
41.648,0.00020729,1
41.648,0.0003315,1
41.649,0.00041341,1
41.649,0.00042365,1
41.65,0.00041593,1
41.65,0.0003973,1
41.651,0.00030532,1
41.651,0.00013512,1
41.652,-4.213e-05,1
41.652,-0.00016432,1
41.653,-0.00022274,1
41.653,-0.00023163,1
41.654,-0.00019655,1
41.654,-0.000118,1
41.655,-1.8967e-05,1
41.655,0.00010323,1
41.656,0.00020847,1
41.656,0.00022676,1
41.657,0.00015459,1
41.657,4.062e-05,1
41.658,-5.0523e-05,1
41.658,-8.6442e-05,1
41.659,-7.7882e-05,1
41.659,-4.2802e-05,1
41.66,2.0142e-05,1
41.66,0.00011397,1
41.661,0.00020864,1
41.662,0.00026151,1
41.662,0.00025631,1
41.663,0.00017943,1
41.663,5.1865e-05,1
41.664,-6.865e-05,1
41.664,-0.00012924,1
41.665,-0.00013243,1
41.665,-0.00011061,1
41.666,-8.9967e-05,1
41.666,-7.9057e-05,1
41.667,-7.3014e-05,1
41.667,-6.2272e-05,1
41.668,-4.6159e-05,1
41.668,-2.9206e-05,1
41.669,-1.091e-05,1
41.669,8.2246e-06,1
41.67,2.3331e-05,1
41.67,3.5248e-05,1
41.671,4.3977e-05,1
41.671,5.4887e-05,1
41.672,6.1936e-05,1
41.672,4.5151e-05,1
41.673,2.0142e-06,1
41.673,-4.7166e-05,1
41.674,-0.00010625,1
41.675,-0.000189,1
41.675,-0.00024724,1
41.676,-0.00024607,1
41.676,-0.00022005,1
41.677,-0.00021535,1
41.677,-0.00023264,1
41.678,-0.00024775,1
41.678,-0.00025798,1
41.679,-0.00025765,1
41.679,-0.00022844,1
41.68,-0.00016063,1
41.68,-2.652e-05,1
41.681,0.00017574,1
41.681,0.00038723,1
41.682,0.00053762,1
41.682,0.00061013,1
41.683,0.00063262,1
41.683,0.00063095,1
41.684,0.00060073,1
41.684,0.00054501,1
41.685,0.00048861,1
41.685,0.00043053,1
41.686,0.00034762,1
41.686,0.00022676,1
41.687,9.7185e-05,1
41.687,5.0355e-07,1
41.688,-5.4215e-05,1
41.689,-8.4932e-05,1
41.689,-0.00010356,1
41.69,-0.00011548,1
41.69,-0.00011833,1
41.691,-0.00011095,1
41.691,-9.7185e-05,1
41.692,-8.4428e-05,1
41.692,-7.5029e-05,1
41.693,-6.8482e-05,1
41.693,-6.7475e-05,1
41.694,-7.5364e-05,1
41.694,-8.7114e-05,1
41.695,-9.4499e-05,1
41.695,-9.5338e-05,1
41.696,-9.4667e-05,1
41.696,-9.2821e-05,1
41.697,-9.0639e-05,1
41.697,-8.9128e-05,1
41.698,-8.8121e-05,1
41.698,-8.9296e-05,1
41.699,-9.0135e-05,1
41.699,-8.4932e-05,1
41.7,-6.3279e-05,1
41.7,-2.9206e-05,1
41.701,-4.1962e-06,1
41.702,-1.6785e-06,1
41.702,-1.7624e-05,1
41.703,-3.9109e-05,1
41.703,-5.7908e-05,1
41.704,-6.9154e-05,1
41.704,-7.2007e-05,1
41.705,-6.6972e-05,1
41.705,-5.7404e-05,1
41.706,-4.683e-05,1
41.706,-3.6088e-05,1
41.707,-2.8031e-05,1
41.707,-2.8367e-05,1
41.708,-3.0549e-05,1
41.708,-2.4338e-05,1
41.709,-1.5274e-05,1
41.709,-5.0355e-06,1
41.71,5.2033e-06,1
41.71,1.561e-05,1
41.711,2.0813e-05,1
41.711,1.5106e-05,1
41.712,5.2033e-06,1
41.712,5.8747e-06,1
41.713,2.6017e-05,1
41.713,5.623e-05,1
41.714,8.2078e-05,1
41.714,8.661e-05,1
41.715,7.2007e-05,1
41.716,5.3208e-05,1
41.716,4.0284e-05,1
41.717,3.7934e-05,1
41.717,4.3977e-05,1
41.718,5.2705e-05,1
41.718,6.0426e-05,1
41.719,6.7979e-05,1
41.719,7.1672e-05,1
41.72,6.2776e-05,1
41.72,4.6494e-05,1
41.721,3.6088e-05,1
41.721,3.1724e-05,1
41.722,2.5849e-05,1
41.722,1.9303e-05,1
41.723,1.5106e-05,1
41.723,1.4099e-05,1
41.724,1.0407e-05,1
41.724,2.8534e-06,1
41.725,1.1749e-06,1
41.725,9.5674e-06,1
41.726,2.6688e-05,1
41.726,4.5823e-05,1
41.727,5.3544e-05,1
41.727,4.918e-05,1
41.728,4.2466e-05,1
41.728,3.8773e-05,1
41.729,3.4409e-05,1
41.73,3.1388e-05,1
41.73,3.4577e-05,1
41.731,4.0787e-05,1
41.731,4.0955e-05,1
41.732,3.1724e-05,1
41.732,2.5345e-05,1
41.733,3.8605e-05,1
41.733,8.7953e-05,1
41.734,0.00015996,1
41.734,0.00021048,1
41.735,0.00021468,1
41.735,0.00018178,1
41.736,0.00013478,1
41.736,8.8792e-05,1
41.737,3.7766e-05,1
41.737,-3.5248e-06,1
41.738,-8.2246e-06,1
41.738,2.4674e-05,1
41.739,6.7979e-05,1
41.739,8.9128e-05,1
41.74,8.0064e-05,1
41.74,6.63e-05,1
41.741,6.865e-05,1
41.741,7.805e-05,1
41.742,8.275e-05,1
41.743,8.2078e-05,1
41.743,8.0735e-05,1
41.744,7.9728e-05,1
41.744,6.7308e-05,1
41.745,3.9948e-05,1
41.745,4.5319e-06,1
41.746,-2.8031e-05,1
41.746,-5.388e-05,1
41.747,-7.2679e-05,1
41.747,-8.3589e-05,1
41.748,-8.8792e-05,1
41.748,-8.7449e-05,1
41.749,-7.7379e-05,1
41.749,-6.4958e-05,1
41.75,-6.3615e-05,1
41.75,-6.9322e-05,1
41.751,-6.3951e-05,1
41.751,-7.8218e-05,1
41.752,-0.0001519,1
41.752,-0.00024372,1
41.753,-0.00030146,1
41.753,-0.00033536,1
41.754,-0.00041476,1
41.754,-0.00051765,1
41.755,-0.00055038,1
41.755,-0.00048357,1
41.756,-0.00035332,1
41.757,-0.0001801,1
41.757,2.5681e-05,1
41.758,0.00023197,1
41.758,0.00038253,1
41.759,0.00045689,1
41.759,0.0005017,1
41.76,0.00056481,1
41.76,0.0006484,1
41.761,0.0006912,1
41.761,0.0006578,1
41.762,0.00058227,1
41.762,0.00048156,1
41.763,0.00034292,1
41.763,0.00020192,1
41.764,0.0001039,1
41.764,4.2634e-05,1
41.765,-6.5461e-06,1
41.765,-4.6494e-05,1
41.766,-6.6972e-05,1
41.766,-7.3182e-05,1
41.767,-7.2007e-05,1
41.767,-5.9251e-05,1
41.768,-3.5248e-05,1
41.768,-1.0742e-05,1
41.769,1.8463e-06,1
41.77,-3.357e-06,1
41.77,-1.9303e-05,1
41.771,-3.122e-05,1
41.771,-2.6688e-05,1
41.772,-2.6856e-06,1
41.772,3.0716e-05,1
41.773,6.0929e-05,1
41.773,7.1336e-05,1
41.774,5.4551e-05,1
41.774,3.6927e-06,1
41.775,-6.7475e-05,1
41.775,-0.00012622,1
41.776,-0.0001697,1
41.776,-0.00021636,1
41.777,-0.00026688,1
41.777,-0.00029625,1
41.778,-0.00028685,1
41.778,-0.00023616,1
41.779,-0.00016886,1
41.779,-0.00010726,1
41.78,-5.8244e-05,1
41.78,-2.6017e-05,1
41.781,1.3931e-05,1
41.781,8.1071e-05,1
41.782,0.00015862,1
41.782,0.00021736,1
41.783,0.00024288,1
41.784,0.00024036,1
41.784,0.00021854,1
41.785,0.00018161,1
41.785,0.00014015,1
41.786,0.00010491,1
41.786,8.1407e-05,1
41.787,6.63e-05,1
41.787,4.6159e-05,1
41.788,9.2317e-06,1
41.788,-3.4073e-05,1
41.789,-5.8579e-05,1
41.789,-6.7979e-05,1
41.79,-9.2149e-05,1
41.79,-0.0001519,1
41.791,-0.00023549,1
41.791,-0.000308,1
41.792,-0.00034812,1
41.792,-0.00035366,1
41.793,-0.00033519,1
41.793,-0.00030784,1
41.794,-0.00026889,1
41.794,-0.00020259,1
41.795,-9.8527e-05,1
41.795,2.7359e-05,1
41.796,0.00014519,1
41.797,0.00024942,1
41.797,0.0003362,1
41.798,0.00039461,1
41.798,0.0004161,1
41.799,0.00040267,1
41.799,0.00035567,1
41.8,0.00028618,1
41.8,0.00021736,1
41.801,0.0001697,1
41.801,0.00013747,1
41.802,0.00010323,1
41.802,6.63e-05,1
41.803,3.3402e-05,1
41.803,-1.561e-05,1
41.804,-9.2821e-05,1
41.804,-0.00016382,1
41.805,-0.00021501,1
41.805,-0.00024573,1
41.806,-0.00023532,1
41.806,-0.00017272,1
41.807,-8.2414e-05,1
41.807,-3.6927e-06,1
41.808,3.9948e-05,1
41.808,5.1026e-05,1
41.809,6.5293e-05,1
41.809,0.00011078,1
41.81,0.00017137,1
41.811,0.00021233,1
41.811,0.00022274,1
41.812,0.00020964,1
41.812,0.00017037,1
41.813,0.00010826,1
41.813,4.683e-05,1
41.814,7.3854e-06,1
41.814,-1.0071e-05,1
41.815,-1.7624e-05,1
41.815,-2.3163e-05,1
41.816,-2.5345e-05,1
41.816,-2.182e-05,1
41.817,-1.7121e-05,1
41.817,-1.5946e-05,1
41.818,-1.7792e-05,1
41.818,-2.1317e-05,1
41.819,-2.4002e-05,1
41.819,-2.4674e-05,1
41.82,-2.3499e-05,1
41.82,-2.0478e-05,1
41.821,-1.6953e-05,1
41.821,-1.5106e-05,1
41.822,-1.3596e-05,1
41.822,-1.091e-05,1
41.823,-7.5532e-06,1
41.824,-5.2033e-06,1
41.824,-4.3641e-06,1
41.825,-4.8676e-06,1
41.825,-3.8605e-06,1
41.826,-5.0355e-07,1
41.826,4.5319e-06,1
41.827,1.091e-05,1
41.827,1.7288e-05,1
41.828,2.2492e-05,1
41.828,2.8031e-05,1
41.829,3.5416e-05,1
41.829,3.6591e-05,1
41.83,2.7863e-05,1
41.83,1.8631e-05,1
41.831,1.4939e-05,1
41.831,3.5248e-06,1
41.832,-1.326e-05,1
41.832,-1.3764e-05,1
41.833,-1.6785e-05,1
41.833,-3.6088e-05,1
41.834,-5.6733e-05,1
41.834,-7.6539e-05,1
41.835,-0.00010507,1
41.835,-0.00014368,1
41.836,-0.00017977,1
41.837,-0.00020092,1
41.837,-0.00019185,1
41.838,-0.0001519,1
41.838,-8.8289e-05,1
41.839,-8.2246e-06,1
41.839,8.9128e-05,1
41.84,0.00020528,1
41.84,0.00030649,1
41.841,0.00035148,1
41.841,0.00035265,1
41.842,0.00033553,1
41.842,0.00030666,1
41.843,0.00026571,1
41.843,0.00021602,1
41.844,0.00015811,1
41.844,8.4092e-05,1
41.845,-7.5532e-06,1
41.845,-8.7449e-05,1
41.846,-0.00011649,1
41.846,-0.00010021,1
41.847,-7.2343e-05,1
41.847,-4.2634e-05,1
41.848,-2.8534e-06,1
41.848,4.448e-05,1
41.849,9.5003e-05,1
41.849,0.0001566,1
41.85,0.00022945,1
41.851,0.00028081,1
41.851,0.00027712,1
41.852,0.00022945,1
41.852,0.00016936,1
41.853,0.00010726,1
41.853,3.9612e-05,1
41.854,-3.7095e-05,1
41.854,-0.00012203,1
41.855,-0.00020175,1
41.855,-0.00024892,1
41.856,-0.00024305,1
41.856,-0.0001942,1
41.857,-0.00012908,1
41.857,-6.9825e-05,1
41.858,-2.266e-05,1
41.858,1.796e-05,1
41.859,5.4215e-05,1
41.859,8.9799e-05,1
41.86,0.00011733,1
41.86,0.00012807,1
41.861,0.00012454,1
41.861,0.00011061,1
41.862,8.2414e-05,1
41.862,4.4816e-05,1
41.863,1.326e-05,1
41.864,-8.2246e-06,1
41.864,-2.3835e-05,1
41.865,-4.1794e-05,1
41.865,-6.0929e-05,1
41.866,-7.6371e-05,1
41.866,-0.00010826,1
41.867,-0.00016768,1
41.867,-0.00019622,1
41.868,-0.00016785,1
41.868,-0.00011833,1
41.869,-7.2175e-05,1
41.869,-3.9109e-05,1
41.87,-3.0381e-05,1
41.87,-3.9277e-05,1
41.871,-3.9109e-05,1
41.871,-5.8747e-06,1
41.872,6.3615e-05,1
41.872,0.00016197,1
41.873,0.00026101,1
41.873,0.00031102,1
41.874,0.0002882,1
41.874,0.00020897,1
41.875,0.00011934,1
41.875,4.6159e-05,1
41.876,-3.1891e-05,1
41.876,-0.00010759,1
41.877,-0.00013008,1
41.878,-8.6946e-05,1
41.878,-1.6953e-05,1
41.879,4.6998e-05,1
41.879,9.7856e-05,1
41.88,0.00013411,1
41.88,0.00015224,1
41.881,0.00015543,1
41.881,0.00014955,1
41.882,0.00013495,1
41.882,0.00010625,1
41.883,6.0761e-05,1
41.883,5.539e-06,1
41.884,-4.0787e-05,1
41.884,-6.0594e-05,1
41.885,-6.2608e-05,1
41.885,-6.6972e-05,1
41.886,-6.9322e-05,1
41.886,-5.9251e-05,1
41.887,-4.9012e-05,1
41.887,-4.918e-05,1
41.888,-5.3544e-05,1
41.888,-4.9851e-05,1
41.889,-3.2898e-05,1
41.889,-9.0639e-06,1
41.89,8.0568e-06,1
41.891,1.2421e-05,1
41.891,1.1246e-05,1
41.892,1.2589e-05,1
41.892,6.5461e-06,1
41.893,-1.4939e-05,1
41.893,-4.8508e-05,1
41.894,-8.0735e-05,1
41.894,-0.00010021,1
41.895,-0.00010977,1
41.895,-0.00013243,1
41.896,-0.00017708,1
41.896,-0.00022039,1
41.897,-0.00023449,1
41.897,-0.00021955,1
41.898,-0.00019756,1
41.898,-0.00017339,1
41.899,-0.00013495,1
41.899,-8.6946e-05,1
41.9,-3.4577e-05,1
41.9,2.8367e-05,1
41.901,0.00011666,1
41.901,0.00022341,1
41.902,0.00031807,1
41.902,0.0003879,1
41.903,0.00043339,1
41.903,0.00044497,1
41.904,0.00041408,1
41.905,0.0003409,1
41.905,0.00024825,1
41.906,0.00015828,1
41.906,8.7617e-05,1
41.907,4.918e-05,1
41.907,3.4073e-05,1
41.908,2.5681e-05,1
41.908,1.796e-05,1
41.909,1.5274e-05,1
41.909,3.5752e-05,1
41.91,9.3156e-05,1
41.91,0.00015442,1
41.911,0.00017003,1
41.911,0.00014267,1
41.912,0.00011867,1
41.912,0.00011229,1
41.913,0.00010289,1
41.913,7.7714e-05,1
41.914,3.4745e-05,1
41.914,-2.3331e-05,1
41.915,-7.9393e-05,1
41.915,-0.00012068,1
41.916,-0.00013931,1
41.916,-0.00013445,1
41.917,-0.00011531,1
41.917,-9.366e-05,1
41.918,-7.6371e-05,1
41.919,-6.7475e-05,1
41.919,-6.1601e-05,1
41.92,-5.153e-05,1
41.92,-3.9948e-05,1
41.921,-2.887e-05,1
41.921,-1.6281e-05,1
41.922,-5.8747e-06,1
41.922,-2.182e-05,1
41.923,-6.5293e-05,1
41.923,-8.9128e-05,1
41.924,-8.2078e-05,1
41.924,-7.1839e-05,1
41.925,-7.4861e-05,1
41.925,-0.00010172,1
41.926,-0.00013092,1
41.926,-0.0001274,1
41.927,-8.5771e-05,1
41.927,-2.0981e-05,1
41.928,5.8747e-05,1
41.928,0.00014116,1
41.929,0.00019219,1
41.929,0.00018312,1
41.93,0.00013646,1
41.93,9.4163e-05,1
41.931,7.6371e-05,1
41.932,7.3518e-05,1
41.932,6.3111e-05,1
41.933,3.508e-05,1
41.933,0,1
41.934,-2.0645e-05,1
41.934,-2.3667e-05,1
41.935,-1.9806e-05,1
41.935,-1.1078e-05,1
41.936,2.5177e-06,1
41.936,1.4267e-05,1
41.937,1.326e-05,1
41.937,-3.5248e-06,1
41.938,-2.0981e-05,1
41.938,-2.4506e-05,1
41.939,-1.7456e-05,1
41.939,-9.3996e-06,1
41.94,-2.0142e-06,1
41.94,3.8605e-06,1
41.941,5.2033e-06,1
41.941,-1.1749e-06,1
41.942,-1.2421e-05,1
41.942,-2.2995e-05,1
41.943,-3.0045e-05,1
41.943,-3.508e-05,1
41.944,-3.8773e-05,1
41.944,-4.3977e-05,1
41.945,-5.623e-05,1
41.946,-7.0161e-05,1
41.946,-7.2679e-05,1
41.947,-5.7572e-05,1
41.947,-2.5177e-05,1
41.948,8.2246e-06,1
41.948,2.8534e-05,1
41.949,3.5416e-05,1
41.949,4.3809e-05,1
41.95,7.0329e-05,1
41.95,0.00011649,1
41.951,0.0001744,1
41.951,0.00022173,1
41.952,0.00023818,1
41.952,0.00021736,1
41.953,0.00016634,1
41.953,0.00010726,1
41.954,7.7379e-05,1
41.954,7.2847e-05,1
41.955,6.7811e-05,1
41.955,5.2537e-05,1
41.956,2.9206e-05,1
41.956,8.5603e-06,1
41.957,-6.8818e-06,1
41.957,-1.7624e-05,1
41.958,-1.4603e-05,1
41.959,1.0071e-05,1
41.959,5.1865e-05,1
41.96,9.3156e-05,1
41.96,0.00011498,1
41.961,0.00010927,1
41.961,8.6275e-05,1
41.962,4.8173e-05,1
41.962,-4.8676e-06,1
41.963,-5.8579e-05,1
41.963,-0.00010591,1
41.964,-0.00014166,1
41.964,-0.00015761,1
41.965,-0.00015241,1
41.965,-0.00012438,1
41.966,-7.9225e-05,1
41.966,-9.5674e-06,1
41.967,8.8457e-05,1
41.967,0.00018379,1
41.968,0.0002365,1
41.968,0.00023264,1
41.969,0.00020092,1
41.969,0.00016365,1
41.97,0.00011867,1
41.97,5.4719e-05,1
41.971,-1.6281e-05,1
41.971,-7.5364e-05,1
41.972,-0.00011666,1
41.973,-0.00013344,1
41.973,-0.00012874,1
41.974,-0.00012203,1
41.974,-0.00011666,1
41.975,-0.00010222,1
41.975,-8.426e-05,1
41.976,-7.9057e-05,1
41.976,-8.3589e-05,1
41.977,-6.4286e-05,1
41.977,-1.2924e-05,1
41.978,4.683e-05,1
41.978,0.00010524,1
41.979,0.0001556,1
41.979,0.00018212,1
41.98,0.00018245,1
41.98,0.00017272,1
41.981,0.00016684,1
41.981,0.00016667,1
41.982,0.00017205,1
41.982,0.00018077,1
41.983,0.00017809,1
41.983,0.00015392,1
41.984,0.00010759,1
41.984,4.8508e-05,1
41.985,-1.5442e-05,1
41.986,-7.2175e-05,1
41.986,-0.00010994,1
41.987,-0.00013126,1
41.987,-0.00014217,1
41.988,-0.00014083,1
41.988,-0.00013042,1
41.989,-0.0001279,1
41.989,-0.00013646,1
41.99,-0.00014099,1
41.99,-0.00015526,1
41.991,-0.00016835,1
41.991,-0.00013999,1
41.992,-5.5894e-05,1
41.992,5.1194e-05,1
41.993,0.00013713,1
41.993,0.0001754,1
41.994,0.0001744,1
41.994,0.00015879,1
41.995,0.00014603,1
41.995,0.00014267,1
41.996,0.00014334,1
41.996,0.00013613,1
41.997,0.00011162,1
41.997,7.2343e-05,1
41.998,3.4745e-05,1
41.998,1.5778e-05,1
41.999,8.896e-06,1
42,-3.6927e-06,1
42,-2.3163e-05,1
42.001,-3.0045e-05,1
42.001,-2.0813e-05,1
42.002,-2.7527e-05,1
42.002,-4.918e-05,1
42.003,-6.7308e-05,1
42.003,-7.6539e-05,1
42.004,-8.6275e-05,1
42.004,-0.00010121,1
42.005,-0.00010994,1
42.005,-0.00011028,1
42.006,-0.00011162,1
42.006,-0.00011498,1
42.007,-0.00011481,1
42.007,-0.00010356,1
42.008,-9.0806e-05,1
42.008,-9.9199e-05,1
42.009,-0.00011582,1
42.009,-9.5842e-05,1
42.01,-3.4241e-05,1
42.01,4.0116e-05,1
42.011,0.00011733,1
42.011,0.00020293,1
42.012,0.00030246,1
42.013,0.00039646,1
42.013,0.00043825,1
42.014,0.00041006,1
42.014,0.00033654,1
42.015,0.00026554,1
42.015,0.00021602,1
42.016,0.00017943,1
42.016,0.00013646,1
42.017,8.7785e-05,1
42.017,4.8508e-05,1
42.018,1.9806e-05,1
42.018,-8.896e-06,1
42.019,-4.2298e-05,1
42.019,-7.7714e-05,1
42.02,-9.4163e-05,1
42.02,-8.9128e-05,1
42.021,-8.4764e-05,1
42.021,-9.7856e-05,1
42.022,-0.00011984,1
42.022,-0.00013713,1
42.023,-0.0001697,1
42.023,-0.00023482,1
42.024,-0.000307,1
42.024,-0.00034762,1
42.025,-0.00033016,1
42.026,-0.00026268,1
42.026,-0.0001749,1
42.027,-8.0735e-05,1
42.027,2.2324e-05,1
42.028,0.00013344,1
42.028,0.00023264,1
42.029,0.00029424,1
42.029,0.0003221,1
42.03,0.00035232,1
42.03,0.00039092,1
42.031,0.00040569,1
42.031,0.00037346,1
42.032,0.00030935,1
42.032,0.0002407,1
42.033,0.00018077,1
42.033,0.00013059,1
42.034,8.9464e-05,1
42.034,5.7572e-05,1
42.035,3.6423e-05,1
42.035,2.0813e-05,1
42.036,6.2104e-06,1
42.036,-9.7353e-06,1
42.037,-2.8031e-05,1
42.037,-5.0019e-05,1
42.038,-7.4022e-05,1
42.038,-9.2485e-05,1
42.039,-0.00010239,1
42.04,-0.00010591,1
42.04,-0.00010558,1
42.041,-0.00010356,1
42.041,-0.00010054,1
42.042,-9.3996e-05,1
42.042,-8.6778e-05,1
42.043,-7.6707e-05,1
42.043,-5.2033e-05,1
42.044,-2.501e-05,1
42.044,-1.6953e-05,1
42.045,-2.7863e-05,1
42.045,-4.2298e-05,1
42.046,-6.1936e-05,1
42.046,-0.00010793,1
42.047,-0.0001801,1
42.047,-0.00025563,1
42.048,-0.00032345,1
42.048,-0.0003874,1
42.049,-0.00042365,1
42.049,-0.00039579,1
42.05,-0.00029827,1
42.05,-0.00015459,1
42.051,-5.8747e-06,1
42.051,0.00011263,1
42.052,0.00018581,1
42.053,0.0002271,1
42.053,0.00026,1
42.054,0.00029458,1
42.054,0.00030767,1
42.055,0.00027745,1
42.055,0.00023516,1
42.056,0.00020696,1
42.056,0.00017708,1
42.057,0.00013579,1
42.057,0.00010289,1
42.058,9.3828e-05,1
42.058,8.8457e-05,1
42.059,6.4958e-05,1
42.059,5.7237e-05,1
42.06,9.5171e-05,1
42.06,0.0001655,1
42.061,0.00023616,1
42.061,0.00028014,1
42.062,0.00028115,1
42.062,0.00023583,1
42.063,0.00015644,1
42.063,6.9657e-05,1
42.064,-5.2033e-06,1
42.064,-6.8482e-05,1
42.065,-0.00010658,1
42.065,-0.00012152,1
42.066,-0.00013512,1
42.067,-0.00015392,1
42.067,-0.0001707,1
42.068,-0.00017876,1
42.068,-0.00017977,1
42.069,-0.0001754,1
42.069,-0.00016114,1
42.07,-0.00012102,1
42.07,-4.9348e-05,1
42.071,1.8128e-05,1
42.071,4.2634e-05,1
42.072,2.1317e-05,1
42.072,-2.4674e-05,1
42.073,-6.5126e-05,1
42.073,-8.9128e-05,1
42.074,-9.7353e-05,1
42.074,-7.7043e-05,1
42.075,-1.2589e-05,1
42.075,8.4428e-05,1
42.076,0.00016902,1
42.076,0.00022139,1
42.077,0.00024489,1
42.077,0.00022139,1
42.078,0.00014284,1
42.078,5.7572e-05,1
42.079,2.6352e-05,1
42.08,6.3279e-05,1
42.08,0.00012454,1
42.081,0.00017507,1
42.081,0.0002172,1
42.082,0.00024657,1
42.082,0.00025211,1
42.083,0.0002454,1
42.083,0.00026134,1
42.084,0.00030431,1
42.084,0.00032663,1
42.085,0.00028081,1
42.085,0.0001462,1
42.086,-1.7121e-05,1
42.086,-0.0001613,1
42.087,-0.00022408,1
42.087,-0.00020159,1
42.088,-0.00018749,1
42.088,-0.00023079,1
42.089,-0.00027141,1
42.089,-0.00022257,1
42.09,-9.6849e-05,1
42.09,1.4771e-05,1
42.091,7.57e-05,1
42.091,0.00010507,1
42.092,0.00012001,1
42.092,9.3492e-05,1
42.093,-1.5106e-06,1
42.094,-0.00011582,1
42.094,-0.00019252,1
42.095,-0.00020964,1
42.095,-0.00018178,1
42.096,-0.00014066,1
42.096,-0.00016399,1
42.097,-0.00025597,1
42.097,-0.00030716,1
42.098,-0.00025698,1
42.098,-9.8863e-05,1
42.099,7.805e-05,1
42.099,0.00014401,1
42.1,9.5171e-05,1
42.1,2.6352e-05,1
42.101,-9.9031e-06,1
42.101,-2.6856e-06,1
42.102,4.918e-05,1
42.102,0.00011112,1
42.103,0.00016735,1
42.103,0.00022542,1
42.104,0.00026503,1
42.104,0.00028702,1
42.105,0.00029642,1
42.105,0.00028115,1
42.106,0.00023868,1
42.106,0.00018094,1
42.107,0.00012639,1
42.108,9.2821e-05,1
42.108,8.3085e-05,1
42.109,9.4163e-05,1
42.109,0.00011666,1
42.11,0.00011061,1
42.11,6.0258e-05,1
42.111,-1.6785e-06,1
42.111,-4.8508e-05,1
42.112,-8.3085e-05,1
42.112,-0.00011061,1
42.113,-0.00013025,1
42.113,-0.00014485,1
42.114,-0.00015258,1
42.114,-0.00014519,1
42.115,-0.00012169,1
42.115,-8.6275e-05,1
42.116,-3.6591e-05,1
42.116,2.6688e-05,1
42.117,9.1814e-05,1
42.117,0.00012572,1
42.118,0.00011901,1
42.118,9.752e-05,1
42.119,7.9393e-05,1
42.119,6.244e-05,1
42.12,4.5823e-05,1
42.121,2.8031e-05,1
42.121,9.9031e-06,1
42.122,-8.5603e-06,1
42.122,-2.6352e-05,1
42.123,-4.0452e-05,1
42.123,-4.5991e-05,1
42.124,-4.448e-05,1
42.124,-4.0787e-05,1
42.125,-3.743e-05,1
42.125,-3.4241e-05,1
42.126,-3.122e-05,1
42.126,-3.2898e-05,1
42.127,-4.2802e-05,1
42.127,-6.7643e-05,1
42.128,-0.00011464,1
42.128,-0.00016735,1
42.129,-0.00020713,1
42.129,-0.00022408,1
42.13,-0.00020427,1
42.13,-0.00016567,1
42.131,-0.00013512,1
42.131,-0.00012018,1
42.132,-0.00010004,1
42.132,-5.2873e-05,1
42.133,1.4939e-05,1
42.133,9.0639e-05,1
42.134,0.00017171,1
42.135,0.00023197,1
42.135,0.00023851,1
42.136,0.0001994,1
42.136,0.00013596,1
42.137,4.1627e-05,1
42.137,-9.2485e-05,1
42.138,-0.00019471,1
42.138,-0.00018749,1
42.139,-9.2485e-05,1
42.139,1.7624e-05,1
42.14,8.8457e-05,1
42.14,0.00011263,1
42.141,0.00012471,1
42.141,0.00015627,1
42.142,0.00020897,1
42.142,0.00027074,1
42.143,0.00031069,1
42.143,0.00030465,1
42.144,0.00026738,1
42.144,0.0002271,1
42.145,0.00018766,1
42.145,0.00014989,1
42.146,0.00012102,1
42.146,0.00010306,1
42.147,9.1142e-05,1
42.148,8.275e-05,1
42.148,6.9322e-05,1
42.149,5.0858e-05,1
42.149,3.4073e-05,1
42.15,1.4267e-05,1
42.15,-6.3783e-06,1
42.151,-2.1988e-05,1
42.151,-3.508e-05,1
42.152,-4.7166e-05,1
42.152,-5.3208e-05,1
42.153,-5.0187e-05,1
42.153,-4.0452e-05,1
42.154,-2.9206e-05,1
42.154,-2.5681e-05,1
42.155,-3.8437e-05,1
42.155,-6.1769e-05,1
42.156,-7.9896e-05,1
42.156,-8.8792e-05,1
42.157,-8.0064e-05,1
42.157,-4.5319e-05,1
42.158,-4.4144e-05,1
42.158,-0.00013696,1
42.159,-0.00026688,1
42.159,-0.00034057,1
42.16,-0.00032781,1
42.16,-0.00026218,1
42.161,-0.00018044,1
42.162,-0.00011229,1
42.162,-7.0665e-05,1
42.163,-4.5823e-05,1
42.163,-1.561e-05,1
42.164,2.3667e-05,1
42.164,4.8173e-05,1
42.165,5.1362e-05,1
42.165,5.539e-05,1
42.166,8.51e-05,1
42.166,0.00013327,1
42.167,0.00017607,1
42.167,0.00020159,1
42.168,0.00023046,1
42.168,0.00028585,1
42.169,0.00034963,1
42.169,0.00039965,1
42.17,0.0004208,1
42.17,0.00039193,1
42.171,0.00031203,1
42.171,0.00022106,1
42.172,0.00015962,1
42.172,0.00013109,1
42.173,0.00011229,1
42.173,8.5771e-05,1
42.174,5.1194e-05,1
42.175,1.5946e-05,1
42.175,-1.561e-05,1
42.176,-4.4648e-05,1
42.176,-7.7211e-05,1
42.177,-0.00011128,1
42.177,-0.00012219,1
42.178,-0.00010491,1
42.178,-9.131e-05,1
42.179,-0.00010188,1
42.179,-0.00012639,1
42.18,-0.00013696,1
42.18,-0.00012068,1
42.181,-9.1478e-05,1
42.181,-8.0903e-05,1
42.182,-0.00010793,1
42.182,-0.00012572,1
42.183,-8.3757e-05,1
42.183,1.1749e-06,1
42.184,7.6707e-05,1
42.184,0.00011296,1
42.185,0.00011498,1
42.185,0.00010692,1
42.186,0.0001039,1
42.186,9.7856e-05,1
42.187,8.5771e-05,1
42.188,8.3085e-05,1
42.188,9.2485e-05,1
42.189,9.5003e-05,1
42.189,6.4958e-05,1
42.19,1.2253e-05,1
42.19,-2.182e-05,1
42.191,-9.3996e-06,1
42.191,2.2324e-05,1
42.192,2.8702e-05,1
42.192,1.0575e-05,1
42.193,-6.8818e-06,1
42.193,-1.091e-05,1
42.194,-1.5106e-06,1
42.194,1.561e-05,1
42.195,3.1724e-05,1
42.195,4.3809e-05,1
42.196,4.8844e-05,1
42.196,4.4144e-05,1
42.197,2.7359e-05,1
42.197,-5.0355e-07,1
42.198,-2.0478e-05,1
42.198,-1.8967e-05,1
42.199,-9.7353e-06,1
42.199,-1.5946e-05,1
42.2,-4.1459e-05,1
42.2,-6.9322e-05,1
42.201,-8.8457e-05,1
42.202,-0.00011632,1
42.202,-0.0001566,1
42.203,-0.00015039,1
42.203,-7.2847e-05,1
42.204,1.326e-05,1
42.204,3.2731e-05,1
42.205,-4.3977e-05,1
42.205,-0.00015459,1
42.206,-0.00024607,1
42.206,-0.00035164,1
42.207,-0.00045974,1
42.207,-0.00049381,1
42.208,-0.000426,1
42.208,-0.00029693,1
42.209,-0.00017037,1
42.209,-7.805e-05,1
42.21,-2.8534e-06,1
42.21,6.4118e-05,1
42.211,0.00010558,1
42.211,0.00018379,1
42.212,0.00035299,1
42.212,0.00052352,1
42.213,0.0005826,1
42.213,0.00051513,1
42.214,0.00041241,1
42.215,0.00036776,1
42.215,0.00037179,1
42.216,0.00038454,1
42.216,0.00040536,1
42.217,0.00045034,1
42.217,0.00049062,1
42.218,0.00047652,1
42.218,0.00040133,1
42.219,0.00029693,1
42.219,0.00019672,1
42.22,0.00010961,1
42.22,2.8367e-05,1
42.221,-5.2201e-05,1
42.221,-0.00011783,1
42.222,-0.0001373,1
42.222,-0.00012102,1
42.223,-0.00011095,1
42.223,-0.00012035,1
42.224,-0.0001462,1
42.224,-0.00016349,1
42.225,-0.00013545,1
42.225,-0.00010256,1
42.226,-0.00011833,1
42.226,-0.00017943,1
42.227,-0.00026268,1
42.227,-0.00031254,1
42.228,-0.00027108,1
42.229,-0.00014334,1
42.229,1.6281e-05,1
42.23,0.00015023,1
42.23,0.00020847,1
42.231,0.0001791,1
42.231,9.7856e-05,1
42.232,1.5274e-05,1
42.232,-3.1724e-05,1
42.233,-4.1459e-05,1
42.233,-2.0478e-05,1
42.234,1.7792e-05,1
42.234,5.4047e-05,1
42.235,7.7714e-05,1
42.235,8.1407e-05,1
42.236,6.9322e-05,1
42.236,6.3279e-05,1
42.237,7.3182e-05,1
42.237,0.00010625,1
42.238,0.00015862,1
42.238,0.00013545,1
42.239,3.5248e-06,1
42.239,-0.00015509,1
42.24,-0.00025849,1
42.24,-0.00028971,1
42.241,-0.00028098,1
42.242,-0.00027124,1
42.242,-0.00026419,1
42.243,-0.00023667,1
42.243,-0.00017339,1
42.244,-7.9728e-05,1
42.244,1.7624e-05,1
42.245,7.1e-05,1
42.245,7.7211e-05,1
42.246,7.0329e-05,1
42.246,6.1936e-05,1
42.247,5.3544e-05,1
42.247,5.153e-05,1
42.248,5.1865e-05,1
42.248,4.213e-05,1
42.249,2.2156e-05,1
42.249,1.5106e-06,1
42.25,-1.796e-05,1
42.25,-4.4648e-05,1
42.251,-7.9896e-05,1
42.251,-0.00010037,1
42.252,-9.4163e-05,1
42.252,-7.1336e-05,1
42.253,-4.2634e-05,1
42.253,-1.091e-05,1
42.254,1.8967e-05,1
42.254,4.9012e-05,1
42.255,8.426e-05,1
42.256,0.00010709,1
42.256,6.479e-05,1
42.257,-4.1794e-05,1
42.257,-0.00010457,1
42.258,-9.4499e-05,1
42.258,-6.8482e-05,1
42.259,-5.7237e-05,1
42.259,-5.153e-05,1
42.26,-4.6159e-05,1
42.26,-3.7766e-05,1
42.261,-1.7792e-05,1
42.261,3.4073e-05,1
42.262,0.00013378,1
42.262,0.00025631,1
42.263,0.00036373,1
42.263,0.00042617,1
42.264,0.00042416,1
42.264,0.00036104,1
42.265,0.00026705,1
42.265,0.00018044,1
42.266,0.0001274,1
42.266,0.00010524,1
42.267,9.7017e-05,1
42.267,8.9967e-05,1
42.268,7.6036e-05,1
42.269,5.5726e-05,1
42.269,3.9445e-05,1
42.27,3.2395e-05,1
42.27,3.357e-05,1
42.271,3.3234e-05,1
42.271,2.6017e-05,1
42.272,1.8296e-05,1
42.272,2.0645e-05,1
42.273,2.652e-05,1
42.273,2.1988e-05,1
42.274,2.5177e-06,1
42.274,-2.4674e-05,1
42.275,-5.2537e-05,1
42.275,-7.4357e-05,1
42.276,-8.7617e-05,1
42.276,-9.0806e-05,1
42.277,-8.7449e-05,1
42.277,-9.0471e-05,1
42.278,-0.00011548,1
42.278,-0.00015979,1
42.279,-0.00021065,1
42.279,-0.0002553,1
42.28,-0.00026587,1
42.28,-0.0002407,1
42.281,-0.00020914,1
42.281,-0.0001744,1
42.282,-0.00014183,1
42.283,-0.00011833,1
42.283,-0.00010172,1
42.284,-0.00010155,1
42.284,-0.00011128,1
42.285,-9.5171e-05,1
42.285,-4.7333e-05,1
42.286,6.0426e-06,1
42.286,3.7095e-05,1
42.287,3.122e-05,1
42.287,2.7359e-05,1
42.288,6.4286e-05,1
42.288,0.00014553,1
42.289,0.00025026,1
42.289,0.00035232,1
42.29,0.00042583,1
42.29,0.00046444,1
42.291,0.00048928,1
42.291,0.00050439,1
42.292,0.00049801,1
42.292,0.00047166,1
42.293,0.00041711,1
42.293,0.00033889,1
42.294,0.00025261,1
42.294,0.00017456,1
42.295,0.00011363,1
42.295,5.539e-05,1
42.296,1.0071e-06,1
42.297,-4.0452e-05,1
42.297,-6.7308e-05,1
42.298,-8.9464e-05,1
42.298,-0.00011833,1
42.299,-0.00015157,1
42.299,-0.00017104,1
42.3,-0.00016298,1
42.3,-0.00013344,1
42.301,-0.00010054,1
42.301,-8.5435e-05,1
42.302,-0.00011447,1
42.302,-0.00019789,1
42.303,-0.00028568,1
42.303,-0.00031354,1
42.304,-0.00027594,1
42.304,-0.00020511,1
42.305,-0.0001284,1
42.305,-5.7237e-05,1
42.306,2.5177e-06,1
42.306,5.2873e-05,1
42.307,9.7353e-05,1
42.307,0.00013848,1
42.308,0.00018212,1
42.308,0.00024623,1
42.309,0.00029474,1
42.31,0.00027376,1
42.31,0.00019823,1
42.311,0.00010675,1
42.311,3.0045e-05,1
42.312,-2.2324e-05,1
42.312,-5.8915e-05,1
42.313,-9.2485e-05,1
42.313,-0.00013713,1
42.314,-0.00016953,1
42.314,-0.00016667,1
42.315,-0.0001519,1
42.315,-0.00015123,1
42.316,-0.000165,1
42.316,-0.00017725,1
42.317,-0.00015996,1
42.317,-0.00010558,1
42.318,-3.5416e-05,1
42.318,3.6423e-05,1
42.319,0.0001091,1
42.319,0.00015627,1
42.32,0.00014855,1
42.32,0.00011666,1
42.321,0.00010927,1
42.321,0.00012152,1
42.322,0.00012538,1
42.322,0.00011296,1
42.323,9.9535e-05,1
42.324,9.6849e-05,1
42.324,0.00010105,1
42.325,0.00010893,1
42.325,0.00012505,1
42.326,0.00014737,1
42.326,0.00019286,1
42.327,0.00030733,1
42.327,0.00041878,1
42.328,0.00036809,1
42.328,0.00014519,1
42.329,-9.4163e-05,1
42.329,-0.00022425,1
42.33,-0.00024724,1
42.33,-0.00022794,1
42.331,-0.00021854,1
42.331,-0.00022609,1
42.332,-0.00023365,1
42.332,-0.00022593,1
42.333,-0.00017943,1
42.333,-9.7856e-05,1
42.334,-1.091e-05,1
42.334,5.6565e-05,1
42.335,8.5771e-05,1
42.335,7.9728e-05,1
42.336,5.8579e-05,1
42.337,3.8773e-05,1
42.337,2.7024e-05,1
42.338,2.9877e-05,1
42.338,4.9851e-05,1
42.339,7.6371e-05,1
42.339,8.8457e-05,1
42.34,7.2679e-05,1
42.34,3.3066e-05,1
42.341,-1.6785e-06,1
42.341,-9.7353e-06,1
42.342,5.0355e-06,1
42.342,2.5345e-05,1
42.343,3.9277e-05,1
42.343,4.7166e-05,1
42.344,5.4887e-05,1
42.344,6.0258e-05,1
42.345,5.2873e-05,1
42.345,3.743e-05,1
42.346,2.0645e-05,1
42.346,-2.0142e-06,1
42.347,-3.1891e-05,1
42.347,-5.7237e-05,1
42.348,-6.2943e-05,1
42.348,-5.1194e-05,1
42.349,-3.6255e-05,1
42.349,-2.7695e-05,1
42.35,-2.887e-05,1
42.351,-3.2059e-05,1
42.351,-2.9038e-05,1
42.352,-2.4506e-05,1
42.352,-4.0284e-05,1
42.353,-6.5797e-05,1
42.353,-6.63e-05,1
42.354,-4.062e-05,1
42.354,-5.2033e-06,1
42.355,2.1317e-05,1
42.355,3.2059e-05,1
42.356,3.3234e-05,1
42.356,3.1891e-05,1
42.357,3.3402e-05,1
42.357,4.0787e-05,1
42.358,6.3279e-05,1
42.358,9.987e-05,1
42.359,0.00012807,1
42.359,0.00013445,1
42.36,0.00012538,1
42.36,0.00010457,1
42.361,7.3686e-05,1
42.361,4.1123e-05,1
42.362,1.9471e-05,1
42.362,1.561e-05,1
42.363,2.3835e-05,1
42.364,4.213e-05,1
42.364,6.2272e-05,1
42.365,6.7979e-05,1
42.365,5.0187e-05,1
42.366,2.5849e-05,1
42.366,2.8534e-05,1
42.367,5.6397e-05,1
42.367,6.9322e-05,1
42.368,4.683e-05,1
42.368,1.6785e-07,1
42.369,-5.0523e-05,1
42.369,-9.5506e-05,1
42.37,-0.00012639,1
42.37,-0.00013898,1
42.371,-0.00015291,1
42.371,-0.0001566,1
42.372,-0.00012605,1
42.372,-8.4932e-05,1
42.373,-6.2272e-05,1
42.373,-4.6326e-05,1
42.374,-1.561e-05,1
42.374,1.9471e-05,1
42.375,5.0523e-05,1
42.375,6.4622e-05,1
42.376,5.6901e-05,1
42.377,6.1433e-05,1
42.377,9.4499e-05,1
42.378,0.00012992,1
42.378,0.00015442,1
42.379,0.00016802,1
42.379,0.0001509,1
42.38,9.1142e-05,1
42.38,1.1078e-05,1
42.381,-4.3641e-05,1
42.381,-2.2492e-05,1
42.382,5.9754e-05,1
42.382,0.00015157,1
42.383,0.00022005,1
42.383,0.00023952,1
42.384,0.00022156,1
42.384,0.00020461,1
42.385,0.00022206,1
42.385,0.00027091,1
42.386,0.00032714,1
42.386,0.0003592,1
42.387,0.00032177,1
42.387,0.0002318,1
42.388,0.00014469,1
42.388,8.3421e-05,1
42.389,4.7166e-05,1
42.389,2.1988e-05,1
42.39,-9.9031e-06,1
42.391,-5.2537e-05,1
42.391,-9.987e-05,1
42.392,-0.00013915,1
42.392,-0.00015392,1
42.393,-0.00013361,1
42.393,-9.8863e-05,1
42.394,-8.7785e-05,1
42.394,-0.00013109,1
42.395,-0.00019907,1
42.395,-0.00020797,1
42.396,-0.00010809,1
42.396,-3.1891e-06,1
42.397,-1.5106e-05,1
42.397,-0.00012119,1
42.398,-0.0002172,1
42.398,-0.00024842,1
42.399,-0.00021904,1
42.399,-0.00014401,1
42.4,-4.4312e-05,1
42.4,5.1194e-05,1
42.401,0.00010826,1
42.401,0.00012874,1
42.402,0.00013999,1
42.402,0.00014788,1
42.403,0.00013663,1
42.404,9.6178e-05,1
42.404,4.448e-05,1
42.405,2.3499e-06,1
42.405,-3.1891e-05,1
42.406,-6.4286e-05,1
42.406,-0.00011128,1
42.407,-0.00015123,1
42.407,-0.00013344,1
42.408,-5.7908e-05,1
42.408,2.1317e-05,1
42.409,6.3111e-05,1
42.409,7.1336e-05,1
42.41,5.9419e-05,1
42.41,3.5248e-05,1
42.411,6.8818e-06,1
42.411,-2.7863e-05,1
42.412,-7.335e-05,1
42.412,-0.00010893,1
42.413,-0.00013075,1
42.413,-0.00016634,1
42.414,-0.00025681,1
42.414,-0.00040351,1
42.415,-0.00049734,1
42.415,-0.00041862,1
42.416,-0.00024254,1
42.416,-0.00013445,1
42.417,-0.00012656,1
42.418,-0.0001326,1
42.418,-7.5364e-05,1
42.419,4.0452e-05,1
42.419,0.00018245,1
42.42,0.00035869,1
42.42,0.00055642,1
42.421,0.00072276,1
42.421,0.00083236,1
42.422,0.00086711,1
42.422,0.00077966,1
42.423,0.00061047,1
42.423,0.00045823,1
42.424,0.00034846,1
42.424,0.00025328,1
42.425,0.00015811,1
42.425,7.6371e-05,1
42.426,1.3596e-05,1
42.426,-5.2537e-05,1
42.427,-0.00012203,1
42.427,-0.00016533,1
42.428,-0.00017003,1
42.428,-0.00016332,1
42.429,-0.00016449,1
42.429,-0.0001989,1
42.43,-0.00028283,1
42.431,-0.00039344,1
42.431,-0.00046377,1
42.432,-0.00043658,1
42.432,-0.00032999,1
42.433,-0.00020964,1
42.433,-0.0001331,1
42.434,-0.00014519,1
42.434,-0.00024355,1
42.435,-0.00030851,1
42.435,-0.00023516,1
42.436,-4.4144e-05,1
42.436,0.00018514,1
42.437,0.00033519,1
42.437,0.00030649,1
42.438,0.00013059,1
42.438,-7.0665e-05,1
42.439,-0.00014871,1
42.439,-7.805e-05,1
42.44,3.3402e-05,1
42.44,0.00012186,1
42.441,0.00025093,1
42.441,0.00039176,1
42.442,0.00044463,1
42.442,0.00042147,1
42.443,0.00041878,1
42.443,0.00048257,1
42.444,0.00052218,1
42.445,0.00047367,1
42.445,0.00038253,1
42.446,0.00029223,1
42.446,0.00019588,1
42.447,9.2149e-05,1
42.447,-1.8296e-05,1
42.448,-0.00011162,1
42.448,-0.00015929,1
42.449,-0.00015526,1
42.449,-0.00011833,1
42.45,-8.1239e-05,1
42.45,-5.8579e-05,1
42.451,-5.6062e-05,1
42.451,-8.9799e-05,1
42.452,-0.0001519,1
42.452,-0.00020528,1
42.453,-0.00021736,1
42.453,-0.00020243,1
42.454,-0.00018648,1
42.454,-0.00017742,1
42.455,-0.00017523,1
42.455,-0.00017171,1
42.456,-0.00015073,1
42.456,-0.00010759,1
42.457,-4.7333e-05,1
42.458,1.3764e-05,1
42.458,4.7501e-05,1
42.459,4.8676e-05,1
42.459,2.2995e-05,1
42.46,-3.0381e-05,1
42.46,-0.00010121,1
42.461,-0.00015744,1
42.461,-0.00017826,1
42.462,-0.0001749,1
42.462,-0.00015862,1
42.463,-0.00015258,1
42.463,-0.00017926,1
42.464,-0.00020897,1
42.464,-0.0001989,1
42.465,-0.00014318,1
42.465,-7.2679e-05,1
42.466,-3.1724e-05,1
42.466,-3.4409e-05,1
42.467,-6.5126e-05,1
42.467,-8.2918e-05,1
42.468,-4.6662e-05,1
42.468,6.2943e-05,1
42.469,0.00021804,1
42.469,0.00035416,1
42.47,0.00042516,1
42.47,0.00043221,1
42.471,0.00040116,1
42.472,0.00035668,1
42.472,0.00031606,1
42.473,0.00028048,1
42.473,0.00024808,1
42.474,0.00021099,1
42.474,0.00016298,1
42.475,0.00010961,1
42.475,6.2104e-05,1
42.476,3.3738e-05,1
42.476,2.4002e-05,1
42.477,1.7121e-05,1
42.477,6.5461e-06,1
42.478,-2.8534e-06,1
42.478,-1.0575e-05,1
42.479,-1.6281e-05,1
42.479,-1.5274e-05,1
42.48,-6.8818e-06,1
42.48,5.0355e-06,1
42.481,1.9303e-05,1
42.481,2.5345e-05,1
42.482,7.8889e-06,1
42.482,-1.5946e-05,1
42.483,-2.2995e-05,1
42.483,-1.7288e-05,1
42.484,-1.2253e-05,1
42.484,-1.2924e-05,1
42.485,-8.896e-06,1
42.486,-1.6785e-07,1
42.486,-4.3641e-06,1
42.487,-2.9038e-05,1
42.487,-6.0258e-05,1
42.488,-8.3589e-05,1
42.488,-0.00010054,1
42.489,-0.00011397,1
42.489,-0.00011783,1
42.49,-0.00010524,1
42.49,-7.5364e-05,1
42.491,-3.8605e-05,1
42.491,-9.7353e-06,1
42.492,5.8747e-06,1
42.492,7.8889e-06,1
42.493,-2.5177e-06,1
42.493,-1.6617e-05,1
42.494,-1.796e-05,1
42.494,5.0355e-06,1
42.495,3.978e-05,1
42.495,6.2943e-05,1
42.496,6.244e-05,1
42.496,4.8844e-05,1
42.497,3.6088e-05,1
42.497,2.4002e-05,1
42.498,1.1582e-05,1
42.499,2.182e-06,1
42.499,1.5106e-06,1
42.5,1.2085e-05,1
42.5,2.9374e-05,1
42.501,3.8102e-05,1
42.501,3.5248e-05,1
42.502,3.2731e-05,1
42.502,3.6759e-05,1
42.503,4.2802e-05,1
42.503,5.0187e-05,1
42.504,6.2776e-05,1
42.504,7.4022e-05,1
42.505,7.57e-05,1
42.505,6.5965e-05,1
42.506,5.1698e-05,1
42.506,3.978e-05,1
42.507,3.0716e-05,1
42.507,2.4002e-05,1
42.508,3.2059e-05,1
42.508,5.9754e-05,1
42.509,7.5364e-05,1
42.509,5.8747e-05,1
42.51,2.6352e-05,1
42.51,-2.182e-06,1
42.511,-1.8967e-05,1
42.511,-1.6953e-05,1
42.512,-2.8534e-06,1
42.513,1.6953e-05,1
42.513,4.8005e-05,1
42.514,7.9393e-05,1
42.514,8.04e-05,1
42.515,4.6326e-05,1
42.515,1.1749e-06,1
42.516,-2.8031e-05,1
42.516,-2.9709e-05,1
42.517,-1.5274e-05,1
42.517,-6.3783e-06,1
42.518,-2.5849e-05,1
42.518,-7.9561e-05,1
42.519,-0.00013344,1
42.519,-0.00015442,1
42.52,-0.0001378,1
42.52,-9.6849e-05,1
42.521,-5.2873e-05,1
42.521,-3.743e-05,1
42.522,-8.3421e-05,1
42.522,-0.00017943,1
42.523,-0.00028434,1
42.523,-0.00032563,1
42.524,-0.00025496,1
42.524,-0.00010491,1
42.525,5.623e-05,1
42.526,0.000189,1
42.526,0.00027108,1
42.527,0.00030297,1
42.527,0.00031472,1
42.528,0.00034057,1
42.528,0.0003832,1
42.529,0.00042617,1
42.529,0.00043053,1
42.53,0.00034896,1
42.53,0.00019588,1
42.531,7.1336e-05,1
42.531,3.1388e-05,1
42.532,4.1459e-05,1
42.532,4.2802e-05,1
42.533,2.2324e-05,1
42.533,-3.357e-07,1
42.534,-5.539e-06,1
42.534,1.6785e-06,1
42.535,2.182e-06,1
42.535,-2.5177e-05,1
42.536,-8.2078e-05,1
42.536,-0.00012001,1
42.537,-0.00011095,1
42.537,-6.3783e-05,1
42.538,9.9031e-06,1
42.538,8.8457e-05,1
42.539,0.00015946,1
42.54,0.00023381,1
42.54,0.00031237,1
42.541,0.00037749,1
42.541,0.00041039,1
42.542,0.00038924,1
42.542,0.00032076,1
42.543,0.00024204,1
42.543,0.00015828,1
42.544,6.7308e-05,1
42.544,-1.5274e-05,1
42.545,-7.1839e-05,1
42.545,-0.00010037,1
42.546,-0.00011884,1
42.546,-0.00013814,1
42.547,-0.00015946,1
42.547,-0.00017708,1
42.548,-0.00018766,1
42.548,-0.00019051,1
42.549,-0.00018883,1
42.549,-0.00018061,1
42.55,-0.00015828,1
42.55,-0.00011867,1
42.551,-7.4861e-05,1
42.551,-4.6998e-05,1
42.552,-4.7166e-05,1
42.553,-6.1936e-05,1
42.553,-6.865e-05,1
42.554,-6.4958e-05,1
42.554,-6.2943e-05,1
42.555,-6.6972e-05,1
42.555,-6.9993e-05,1
42.556,-6.9993e-05,1
42.556,-6.9993e-05,1
42.557,-6.9993e-05,1
42.557,-6.7308e-05,1
42.558,-5.8747e-05,1
42.558,-4.1962e-05,1
42.559,-1.9974e-05,1
42.559,-5.3712e-06,1
42.56,-3.0213e-06,1
42.56,-1.0407e-05,1
42.561,-2.0813e-05,1
42.561,-2.2324e-05,1
42.562,-9.3996e-06,1
42.562,1.0575e-05,1
42.563,2.8367e-05,1
42.563,3.4409e-05,1
42.564,3.1724e-05,1
42.564,2.8702e-05,1
42.565,2.7863e-05,1
42.566,2.7359e-05,1
42.566,2.3163e-05,1
42.567,1.9471e-05,1
42.567,2.2492e-05,1
42.568,3.2059e-05,1
42.568,4.1291e-05,1
42.569,4.1794e-05,1
42.569,3.3738e-05,1
42.57,2.0478e-05,1
42.57,1.0575e-05,1
42.571,6.5461e-06,1
42.571,3.1891e-06,1
42.572,-9.0639e-06,1
42.572,-2.9206e-05,1
42.573,-3.743e-05,1
42.573,-2.6184e-05,1
42.574,-2.5681e-05,1
42.574,-3.6423e-05,1
42.575,-3.743e-05,1
42.575,-3.0549e-05,1
42.576,-3.3066e-05,1
42.576,-5.388e-05,1
42.577,-7.7546e-05,1
42.577,-8.5771e-05,1
42.578,-7.0329e-05,1
42.578,-3.3738e-05,1
42.579,1.0575e-05,1
42.58,4.9516e-05,1
42.58,7.6371e-05,1
42.581,9.9535e-05,1
42.581,0.00012102,1
42.582,0.00013814,1
42.582,0.00015929,1
42.583,0.00019722,1
42.583,0.00023734,1
42.584,0.00025295,1
42.584,0.00023851,1
42.585,0.00020343,1
42.585,0.00015979,1
42.586,0.00011632,1
42.586,7.3686e-05,1
42.587,2.9877e-05,1
42.587,7.5532e-06,1
42.588,1.1917e-05,1
42.588,-4.8676e-06,1
42.589,-5.0019e-05,1
42.589,-8.4764e-05,1
42.59,-8.8792e-05,1
42.59,-7.0665e-05,1
42.591,-4.2802e-05,1
42.591,-1.4603e-05,1
42.592,8.7282e-06,1
42.593,2.8367e-05,1
42.593,4.918e-05,1
42.594,7.5364e-05,1
42.594,0.00010138,1
42.595,0.000118,1
42.595,0.00011733,1
42.596,0.00010256,1
42.596,7.9896e-05,1
42.597,5.0858e-05,1
42.597,1.9806e-05,1
42.598,-7.3854e-06,1
42.598,-1.9806e-05,1
42.599,-1.561e-05,1
42.599,-8.0568e-06,1
42.6,-6.2104e-06,1
42.6,-8.2246e-06,1
42.601,-7.0497e-06,1
42.601,-1.3428e-06,1
42.602,1.091e-05,1
42.602,2.3331e-05,1
42.603,1.2589e-05,1
42.603,-1.2421e-05,1
42.604,-1.6953e-05,1
42.604,1.2757e-05,1
42.605,5.8915e-05,1
42.605,9.8863e-05,1
42.606,0.00011565,1
42.607,9.836e-05,1
42.607,5.623e-05,1
42.608,7.3854e-06,1
42.608,-3.8102e-05,1
42.609,-6.7979e-05,1
42.609,-6.4958e-05,1
42.61,-4.1123e-05,1
42.61,-2.3331e-05,1
42.611,-2.3163e-05,1
42.611,-3.6255e-05,1
42.612,-4.683e-05,1
42.612,-4.3809e-05,1
42.613,-2.8367e-05,1
42.613,-8.2246e-06,1
42.614,7.8889e-06,1
42.614,2.2324e-05,1
42.615,3.9445e-05,1
42.615,5.7069e-05,1
42.616,5.8915e-05,1
42.616,3.978e-05,1
42.617,1.7288e-05,1
42.617,9.9031e-06,1
42.618,1.3931e-05,1
42.618,1.796e-05,1
42.619,1.1749e-05,1
42.62,-1.1917e-05,1
42.62,-4.5151e-05,1
42.621,-7.7379e-05,1
42.621,-0.00010289,1
42.622,-0.00011833,1
42.622,-0.00012706,1
42.623,-0.00013797,1
42.623,-0.00015811,1
42.624,-0.0001801,1
42.624,-0.00017876,1
42.625,-0.00012673,1
42.625,-2.7359e-05,1
42.626,8.3925e-05,1
42.626,0.00017507,1
42.627,0.00022744,1
42.627,0.00023784,1
42.628,0.00023197,1
42.628,0.00023616,1
42.629,0.00025597,1
42.629,0.00028685,1
42.63,0.00032815,1
42.63,0.00037145,1
42.631,0.00037044,1
42.631,0.0002986,1
42.632,0.00019857,1
42.632,0.00011112,1
42.633,3.6088e-05,1
42.634,-2.6856e-05,1
42.634,-6.7979e-05,1
42.635,-8.4092e-05,1
42.635,-8.5435e-05,1
42.636,-8.8792e-05,1
42.636,-9.7185e-05,1
42.637,-0.00011095,1
42.637,-0.00012471,1
42.638,-0.0001237,1
42.638,-0.00010088,1
42.639,-6.1936e-05,1
42.639,-1.7456e-05,1
42.64,1.5946e-05,1
42.64,2.8702e-05,1
42.641,2.652e-05,1
42.641,2.3667e-05,1
42.642,2.9374e-05,1
42.642,4.6998e-05,1
42.643,6.1601e-05,1
42.643,5.4887e-05,1
42.644,3.6088e-05,1
42.644,3.1724e-05,1
42.645,4.5823e-05,1
42.645,5.7404e-05,1
42.646,5.1698e-05,1
42.647,3.1724e-05,1
42.647,5.7069e-06,1
42.648,-2.3667e-05,1
42.648,-5.4887e-05,1
42.649,-7.5868e-05,1
42.649,-6.865e-05,1
42.65,-4.1794e-05,1
42.65,-1.4267e-05,1
42.651,-1.8463e-06,1
42.651,-1.2924e-05,1
42.652,-4.062e-05,1
42.652,-6.5126e-05,1
42.653,-7.57e-05,1
42.653,-6.9657e-05,1
42.654,-4.8676e-05,1
42.654,-2.3835e-05,1
42.655,-5.2033e-06,1
42.655,-5.0355e-07,1
42.656,-8.3925e-06,1
42.656,-1.3428e-05,1
42.657,-1.0071e-06,1
42.657,2.652e-05,1
42.658,5.8412e-05,1
42.658,8.3421e-05,1
42.659,9.5171e-05,1
42.659,9.3828e-05,1
42.66,8.3085e-05,1
42.661,6.4622e-05,1
42.661,4.448e-05,1
42.662,3.6088e-05,1
42.662,4.8173e-05,1
42.663,6.4286e-05,1
42.663,6.4958e-05,1
42.664,4.4312e-05,1
42.664,9.7353e-06,1
42.665,-2.2828e-05,1
42.665,-4.5823e-05,1
42.666,-5.8579e-05,1
42.666,-5.9922e-05,1
42.667,-5.2537e-05,1
42.667,-4.2466e-05,1
42.668,-2.9038e-05,1
42.668,-1.091e-05,1
42.669,3.8605e-06,1
42.669,1.0575e-05,1
42.67,1.1414e-05,1
42.67,7.2175e-06,1
42.671,3.8605e-06,1
42.671,-5.0355e-07,1
42.672,-1.9303e-05,1
42.672,-4.683e-05,1
42.673,-7.8386e-05,1
42.673,-0.00013025,1
42.674,-0.00022274,1
42.675,-0.00030683,1
42.675,-0.00032277,1
42.676,-0.00028148,1
42.676,-0.00022542,1
42.677,-0.0001519,1
42.677,-5.7237e-05,1
42.678,3.4409e-05,1
42.678,0.00011397,1
42.679,0.00019034,1
42.679,0.00026839,1
42.68,0.00034493,1
42.68,0.00040368,1
42.681,0.00043876,1
42.681,0.0004443,1
42.682,0.00041509,1
42.682,0.00036138,1
42.683,0.00029894,1
42.683,0.00024724,1
42.684,0.00021099,1
42.684,0.00017742,1
42.685,0.00013881,1
42.685,9.6513e-05,1
42.686,5.623e-05,1
42.686,2.4674e-05,1
42.687,5.2033e-06,1
42.688,-6.8818e-06,1
42.688,-1.6785e-05,1
42.689,-2.7863e-05,1
42.689,-3.9445e-05,1
42.69,-4.8844e-05,1
42.69,-5.4215e-05,1
42.691,-5.7572e-05,1
42.691,-6.009e-05,1
42.692,-6.0761e-05,1
42.692,-6.0594e-05,1
42.693,-5.9922e-05,1
42.693,-5.9754e-05,1
42.694,-5.8747e-05,1
42.694,-5.7404e-05,1
42.695,-5.6901e-05,1
42.695,-6.0258e-05,1
42.696,-7.7379e-05,1
42.696,-0.00010239,1
42.697,-0.00011565,1
42.697,-0.00011229,1
42.698,-0.00010105,1
42.698,-8.51e-05,1
42.699,-6.6972e-05,1
42.699,-5.0523e-05,1
42.7,-3.2898e-05,1
42.7,-1.326e-05,1
42.701,4.1962e-06,1
42.702,2.3667e-05,1
42.702,5.9586e-05,1
42.703,0.00011649,1
42.703,0.00016684,1
42.704,0.00018111,1
42.704,0.00015358,1
42.705,0.0001039,1
42.705,5.6901e-05,1
42.706,1.5442e-05,1
42.706,-2.6184e-05,1
42.707,-6.2608e-05,1
42.707,-7.3518e-05,1
42.708,-5.9251e-05,1
42.708,-4.3137e-05,1
42.709,-4.2466e-05,1
42.709,-5.388e-05,1
42.71,-6.1265e-05,1
42.71,-5.7908e-05,1
42.711,-4.8508e-05,1
42.711,-3.2059e-05,1
42.712,-5.2033e-06,1
42.712,2.8534e-05,1
42.713,5.0523e-05,1
42.713,3.3738e-05,1
42.714,-2.0645e-05,1
42.715,-6.865e-05,1
42.715,-7.57e-05,1
42.716,-5.8579e-05,1
42.716,-5.539e-05,1
42.717,-8.3421e-05,1
42.717,-0.00011766,1
42.718,-0.00011296,1
42.718,-4.7166e-05,1
42.719,4.7669e-05,1
42.719,0.00012303,1
42.72,0.00015811,1
42.72,0.00016735,0
